Time_since_start   Raw_Temperature   Temperature   Temperature_2   Raw_Applied_Field   Applied_Field   Field_Angle   Raw_Applied_Field_For_Plot_   Applied_Field_For_Plot_   Raw_Signal_Mx   Raw_Signal_My   Signal_X_direction   Signal_Y_direction      
1.053700E+1   -2.731500E+2   -2.731500E+2   -2.731500E+2   0.000000E+0   0.000000E+0   0.000000E+0   6.366550E-3   6.366550E-3   -9.921549E-1   0.000000E+0   -9.879417E-4   2.109507E-6   
1.910200E+1   -2.731500E+2   -2.731500E+2   -2.731500E+2   0.000000E+0   0.000000E+0   0.000000E+0   1.001209E+1   1.001209E+1   1.405551E+1   0.000000E+0   1.406113E-2   2.106893E-6   
2.741800E+1   -2.731500E+2   -2.731500E+2   -2.731500E+2   0.000000E+0   0.000000E+0   0.000000E+0   2.001227E+1   2.001227E+1   2.913616E+1   3.307180E-1   2.914318E-2   4.682479E-4   
3.574500E+1   -2.731500E+2   -2.731500E+2   -2.731500E+2   0.000000E+0   0.000000E+0   0.000000E+0   3.001647E+1   3.001647E+1   4.431614E+1   4.960757E-1   4.432457E-2   7.013153E-4   
4.430900E+1   -2.731500E+2   -2.731500E+2   -2.731500E+2   0.000000E+0   0.000000E+0   0.000000E+0   4.001272E+1   4.001272E+1   5.952904E+1   8.267929E-1   5.953887E-2   1.167455E-3   
5.262400E+1   -2.731500E+2   -2.731500E+2   -2.731500E+2   0.000000E+0   0.000000E+0   0.000000E+0   5.001692E+1   5.001692E+1   7.474193E+1   9.921549E-1   7.475318E-2   1.400529E-3   
6.094000E+1   -2.731500E+2   -2.731500E+2   -2.731500E+2   0.000000E+0   0.000000E+0   0.000000E+0   6.001549E+1   6.001549E+1   8.995560E+1   1.157508E+0   8.996826E-2   1.633590E-3   
6.925600E+1   -2.731500E+2   -2.731500E+2   -2.731500E+2   0.000000E+0   0.000000E+0   0.000000E+0   7.001790E+1   7.001790E+1   1.051680E+2   1.322870E+0   1.051820E-1   1.866663E-3   
7.757200E+1   -2.731500E+2   -2.731500E+2   -2.731500E+2   0.000000E+0   0.000000E+0   0.000000E+0   8.001907E+1   8.001907E+1   1.205459E+2   1.653586E+0   1.205614E-1   2.332801E-3   
8.588800E+1   -2.731500E+2   -2.731500E+2   -2.731500E+2   0.000000E+0   0.000000E+0   0.000000E+0   9.001817E+1   9.001817E+1   1.357592E+2   1.818948E+0   1.357761E-1   2.565874E-3   
9.445400E+1   -2.731500E+2   -2.731500E+2   -2.731500E+2   0.000000E+0   0.000000E+0   0.000000E+0   1.000161E+2   1.000161E+2   1.509724E+2   2.149655E+0   1.509907E-1   3.031999E-3   
1.051890E+2   -2.731500E+2   -2.731500E+2   -2.731500E+2   0.000000E+0   0.000000E+0   0.000000E+0   1.499638E+2   1.499638E+2   2.276983E+2   3.141818E+0   2.277237E-1   4.430430E-3   
1.126500E+2   -2.731500E+2   -2.731500E+2   -2.731500E+2   0.000000E+0   0.000000E+0   0.000000E+0   2.000197E+2   2.000197E+2   3.040940E+2   4.133956E+0   3.041265E-1   5.828825E-3   
1.201120E+2   -2.731500E+2   -2.731500E+2   -2.731500E+2   0.000000E+0   0.000000E+0   0.000000E+0   2.499683E+2   2.499683E+2   3.801924E+2   5.291481E+0   3.802319E-1   7.460332E-3   
1.275740E+2   -2.731500E+2   -2.731500E+2   -2.731500E+2   0.000000E+0   0.000000E+0   0.000000E+0   2.999526E+2   2.999526E+2   4.565549E+2   6.283628E+0   4.566015E-1   8.858739E-3   
1.350340E+2   -2.731500E+2   -2.731500E+2   -2.731500E+2   0.000000E+0   0.000000E+0   0.000000E+0   3.500443E+2   3.500443E+2   5.330491E+2   7.275774E+0   5.331027E-1   1.025715E-2   
1.424970E+2   -2.731500E+2   -2.731500E+2   -2.731500E+2   0.000000E+0   0.000000E+0   0.000000E+0   4.002253E+2   4.002253E+2   6.095768E+2   8.267920E+0   6.096376E-1   1.165555E-2   
1.499570E+2   -2.731500E+2   -2.731500E+2   -2.731500E+2   0.000000E+0   0.000000E+0   0.000000E+0   4.499951E+2   4.499951E+2   6.855780E+2   9.260066E+0   6.856458E-1   1.305396E-2   
1.574190E+2   -2.731500E+2   -2.731500E+2   -2.731500E+2   0.000000E+0   0.000000E+0   0.000000E+0   5.001404E+2   5.001404E+2   7.619728E+2   1.025220E+1   7.620476E-1   1.445235E-2   
1.648840E+2   -2.731500E+2   -2.731500E+2   -2.731500E+2   0.000000E+0   0.000000E+0   0.000000E+0   5.499817E+2   5.499817E+2   8.380372E+2   1.140976E+1   8.381191E-1   1.608390E-2   
1.723450E+2   -2.731500E+2   -2.731500E+2   -2.731500E+2   0.000000E+0   0.000000E+0   0.000000E+0   5.999482E+2   5.999482E+2   9.142681E+2   1.240189E+1   9.143571E-1   1.748229E-2   
1.798070E+2   -2.731500E+2   -2.731500E+2   -2.731500E+2   0.000000E+0   0.000000E+0   0.000000E+0   6.500219E+2   6.500219E+2   9.904661E+2   1.339403E+1   9.905621E-1   1.888069E-2   
1.872800E+2   -2.731500E+2   -2.731500E+2   -2.731500E+2   0.000000E+0   0.000000E+0   0.000000E+0   7.000421E+2   7.000421E+2   1.066796E+3   1.438617E+1   1.066899E+0   2.027908E-2   
1.947420E+2   -2.731500E+2   -2.731500E+2   -2.731500E+2   0.000000E+0   0.000000E+0   0.000000E+0   7.499728E+2   7.499728E+2   1.142961E+3   1.531217E+1   1.143071E+0   2.158427E-2   
2.022060E+2   -2.731500E+2   -2.731500E+2   -2.731500E+2   0.000000E+0   0.000000E+0   0.000000E+0   8.000644E+2   8.000644E+2   1.219183E+3   1.620512E+1   1.219300E+0   2.284284E-2   
2.096680E+2   -2.731500E+2   -2.731500E+2   -2.731500E+2   0.000000E+0   0.000000E+0   0.000000E+0   8.499951E+2   8.499951E+2   1.295249E+3   1.723034E+1   1.295374E+0   2.428787E-2   
2.171310E+2   -2.731500E+2   -2.731500E+2   -2.731500E+2   0.000000E+0   0.000000E+0   0.000000E+0   9.000868E+2   9.000868E+2   1.371489E+3   1.818939E+1   1.371620E+0   2.563963E-2   
2.245930E+2   -2.731500E+2   -2.731500E+2   -2.731500E+2   0.000000E+0   0.000000E+0   0.000000E+0   9.498923E+2   9.498923E+2   1.447382E+3   1.934694E+1   1.447520E+0   2.727118E-2   
2.320570E+2   -2.731500E+2   -2.731500E+2   -2.731500E+2   0.000000E+0   0.000000E+0   0.000000E+0   9.999661E+2   9.999661E+2   1.523448E+3   2.033908E+1   1.523593E+0   2.866957E-2   
2.406080E+2   -2.731500E+2   -2.731500E+2   -2.731500E+2   0.000000E+0   0.000000E+0   0.000000E+0   1.100114E+3   1.100114E+3   1.675745E+3   2.232344E+1   1.675905E+0   3.146648E-2   
2.480690E+2   -2.731500E+2   -2.731500E+2   -2.731500E+2   0.000000E+0   0.000000E+0   0.000000E+0   1.200100E+3   1.200100E+3   1.827506E+3   2.414239E+1   1.827680E+0   3.403025E-2   
2.555300E+2   -2.731500E+2   -2.731500E+2   -2.731500E+2   0.000000E+0   0.000000E+0   0.000000E+0   1.299944E+3   1.299944E+3   1.978649E+3   2.612667E+1   1.978836E+0   3.682703E-2   
2.629920E+2   -2.731500E+2   -2.731500E+2   -2.731500E+2   0.000000E+0   0.000000E+0   0.000000E+0   1.400270E+3   1.400270E+3   2.129951E+3   2.811094E+1   2.130152E+0   3.962382E-2   
2.704550E+2   -2.731500E+2   -2.731500E+2   -2.731500E+2   0.000000E+0   0.000000E+0   0.000000E+0   1.500024E+3   1.500024E+3   2.279628E+3   2.992989E+1   2.279843E+0   4.218759E-2   
2.779160E+2   -2.731500E+2   -2.731500E+2   -2.731500E+2   0.000000E+0   0.000000E+0   0.000000E+0   1.600100E+3   1.600100E+3   2.427954E+3   3.191416E+1   2.428184E+0   4.498437E-2   
2.853770E+2   -2.731500E+2   -2.731500E+2   -2.731500E+2   0.000000E+0   0.000000E+0   0.000000E+0   1.699997E+3   1.699997E+3   2.572310E+3   3.373311E+1   2.572553E+0   4.754814E-2   
2.928400E+2   -2.731500E+2   -2.731500E+2   -2.731500E+2   0.000000E+0   0.000000E+0   0.000000E+0   1.800127E+3   1.800127E+3   2.709063E+3   3.538664E+1   2.709319E+0   4.987875E-2   
3.003020E+2   -2.731500E+2   -2.731500E+2   -2.731500E+2   0.000000E+0   0.000000E+0   0.000000E+0   1.900024E+3   1.900024E+3   2.833591E+3   3.687494E+1   2.833861E+0   5.197646E-2   
3.077650E+2   -2.731500E+2   -2.731500E+2   -2.731500E+2   0.000000E+0   0.000000E+0   0.000000E+0   2.000082E+3   2.000082E+3   2.944675E+3   3.803240E+1   2.944957E+0   5.360787E-2   
3.152290E+2   -2.731500E+2   -2.731500E+2   -2.731500E+2   0.000000E+0   0.000000E+0   0.000000E+0   2.100087E+3   2.100087E+3   3.040290E+3   3.932220E+1   3.040582E+0   5.542579E-2   
3.226890E+2   -2.731500E+2   -2.731500E+2   -2.731500E+2   0.000000E+0   0.000000E+0   0.000000E+0   2.200091E+3   2.200091E+3   3.113209E+3   4.018209E+1   3.113511E+0   5.663778E-2   
3.301520E+2   -2.731500E+2   -2.731500E+2   -2.731500E+2   0.000000E+0   0.000000E+0   0.000000E+0   2.300006E+3   2.300006E+3   3.157024E+3   4.081042E+1   3.157335E+0   5.752338E-2   
3.376140E+2   -2.731500E+2   -2.731500E+2   -2.731500E+2   0.000000E+0   0.000000E+0   0.000000E+0   2.399957E+3   2.399957E+3   3.177866E+3   4.104190E+1   3.178184E+0   5.784961E-2   
3.450750E+2   -2.731500E+2   -2.731500E+2   -2.731500E+2   0.000000E+0   0.000000E+0   0.000000E+0   2.500105E+3   2.500105E+3   3.188212E+3   4.117423E+1   3.188537E+0   5.803611E-2   
3.525380E+2   -2.731500E+2   -2.731500E+2   -2.731500E+2   0.000000E+0   0.000000E+0   0.000000E+0   2.600073E+3   2.600073E+3   3.194069E+3   4.120730E+1   3.194401E+0   5.808269E-2   
3.599980E+2   -2.731500E+2   -2.731500E+2   -2.731500E+2   0.000000E+0   0.000000E+0   0.000000E+0   2.700024E+3   2.700024E+3   3.197372E+3   4.117423E+1   3.197710E+0   5.803605E-2   
3.674590E+2   -2.731500E+2   -2.731500E+2   -2.731500E+2   0.000000E+0   0.000000E+0   0.000000E+0   2.800100E+3   2.800100E+3   3.199522E+3   4.143875E+1   3.199866E+0   5.840887E-2   
3.749210E+2   -2.731500E+2   -2.731500E+2   -2.731500E+2   0.000000E+0   0.000000E+0   0.000000E+0   2.900194E+3   2.900194E+3   3.201508E+3   4.143875E+1   3.201858E+0   5.840885E-2   
3.823840E+2   -2.731500E+2   -2.731500E+2   -2.731500E+2   0.000000E+0   0.000000E+0   0.000000E+0   3.000002E+3   3.000002E+3   3.202406E+3   4.143875E+1   3.202762E+0   5.840882E-2   
3.898460E+2   -2.731500E+2   -2.731500E+2   -2.731500E+2   0.000000E+0   0.000000E+0   0.000000E+0   3.100078E+3   3.100078E+3   3.203658E+3   4.150488E+1   3.204021E+0   5.850200E-2   
3.973090E+2   -2.731500E+2   -2.731500E+2   -2.731500E+2   0.000000E+0   0.000000E+0   0.000000E+0   3.200118E+3   3.200118E+3   3.204350E+3   4.150488E+1   3.204719E+0   5.850198E-2   
4.047870E+2   -2.731500E+2   -2.731500E+2   -2.731500E+2   0.000000E+0   0.000000E+0   0.000000E+0   3.300051E+3   3.300051E+3   3.204984E+3   4.150488E+1   3.205359E+0   5.850195E-2   
4.122490E+2   -2.731500E+2   -2.731500E+2   -2.731500E+2   0.000000E+0   0.000000E+0   0.000000E+0   3.400127E+3   3.400127E+3   3.205478E+3   4.150488E+1   3.205860E+0   5.850193E-2   
4.197110E+2   -2.731500E+2   -2.731500E+2   -2.731500E+2   0.000000E+0   0.000000E+0   0.000000E+0   3.500060E+3   3.500060E+3   3.205972E+3   4.150488E+1   3.206360E+0   5.850190E-2   
4.271740E+2   -2.731500E+2   -2.731500E+2   -2.731500E+2   0.000000E+0   0.000000E+0   0.000000E+0   3.600172E+3   3.600172E+3   3.206302E+3   4.150488E+1   3.206696E+0   5.850187E-2   
4.346360E+2   -2.731500E+2   -2.731500E+2   -2.731500E+2   0.000000E+0   0.000000E+0   0.000000E+0   3.699962E+3   3.699962E+3   3.206631E+3   4.173643E+1   3.207032E+0   5.882821E-2   
4.420980E+2   -2.731500E+2   -2.731500E+2   -2.731500E+2   0.000000E+0   0.000000E+0   0.000000E+0   3.799913E+3   3.799913E+3   3.207134E+3   4.167030E+1   3.207541E+0   5.873497E-2   
4.495600E+2   -2.731500E+2   -2.731500E+2   -2.731500E+2   0.000000E+0   0.000000E+0   0.000000E+0   3.900167E+3   3.900167E+3   3.207464E+3   4.167030E+1   3.207876E+0   5.873495E-2   
4.570280E+2   -2.731500E+2   -2.731500E+2   -2.731500E+2   0.000000E+0   0.000000E+0   0.000000E+0   4.000047E+3   4.000047E+3   3.207562E+3   4.150488E+1   3.207981E+0   5.850177E-2   
4.644930E+2   -2.731500E+2   -2.731500E+2   -2.731500E+2   0.000000E+0   0.000000E+0   0.000000E+0   4.100015E+3   4.100015E+3   3.207991E+3   4.167030E+1   3.208416E+0   5.873489E-2   
4.719550E+2   -2.731500E+2   -2.731500E+2   -2.731500E+2   0.000000E+0   0.000000E+0   0.000000E+0   4.200306E+3   4.200306E+3   3.208024E+3   4.150488E+1   3.208455E+0   5.850172E-2   
4.794180E+2   -2.731500E+2   -2.731500E+2   -2.731500E+2   0.000000E+0   0.000000E+0   0.000000E+0   4.300096E+3   4.300096E+3   3.208452E+3   4.167030E+1   3.208889E+0   5.873484E-2   
4.868790E+2   -2.731500E+2   -2.731500E+2   -2.731500E+2   0.000000E+0   0.000000E+0   0.000000E+0   4.400154E+3   4.400154E+3   3.208617E+3   4.167030E+1   3.209060E+0   5.873481E-2   
4.943410E+2   -2.731500E+2   -2.731500E+2   -2.731500E+2   0.000000E+0   0.000000E+0   0.000000E+0   4.499962E+3   4.499962E+3   3.208683E+3   4.150488E+1   3.209132E+0   5.850164E-2   
5.018110E+2   -2.731500E+2   -2.731500E+2   -2.731500E+2   0.000000E+0   0.000000E+0   0.000000E+0   4.600181E+3   4.600181E+3   3.208946E+3   4.167030E+1   3.209402E+0   5.873476E-2   
5.092750E+2   -2.731500E+2   -2.731500E+2   -2.731500E+2   0.000000E+0   0.000000E+0   0.000000E+0   4.700096E+3   4.700096E+3   3.209251E+3   4.167030E+1   3.209714E+0   5.873474E-2   
5.167370E+2   -2.731500E+2   -2.731500E+2   -2.731500E+2   0.000000E+0   0.000000E+0   0.000000E+0   4.799957E+3   4.799957E+3   3.209449E+3   4.167030E+1   3.209917E+0   5.873471E-2   
5.241980E+2   -2.731500E+2   -2.731500E+2   -2.731500E+2   0.000000E+0   0.000000E+0   0.000000E+0   4.900123E+3   4.900123E+3   3.209778E+3   4.160413E+1   3.210253E+0   5.864142E-2   
5.316610E+2   -2.731500E+2   -2.731500E+2   -2.731500E+2   0.000000E+0   0.000000E+0   0.000000E+0   5.000145E+3   5.000145E+3   3.209943E+3   4.167030E+1   3.210424E+0   5.873466E-2   
5.391230E+2   -2.731500E+2   -2.731500E+2   -2.731500E+2   0.000000E+0   0.000000E+0   0.000000E+0   5.100060E+3   5.100060E+3   3.210108E+3   4.157105E+1   3.210595E+0   5.859474E-2   
5.465850E+2   -2.731500E+2   -2.731500E+2   -2.731500E+2   0.000000E+0   0.000000E+0   0.000000E+0   5.200065E+3   5.200065E+3   3.210437E+3   4.153797E+1   3.210931E+0   5.854809E-2   
5.540460E+2   -2.731500E+2   -2.731500E+2   -2.731500E+2   0.000000E+0   0.000000E+0   0.000000E+0   5.300212E+3   5.300212E+3   3.210503E+3   4.150488E+1   3.211003E+0   5.850143E-2   
5.615040E+2   -2.731500E+2   -2.731500E+2   -2.731500E+2   0.000000E+0   0.000000E+0   0.000000E+0   5.400109E+3   5.400109E+3   3.210767E+3   4.167030E+1   3.211272E+0   5.873455E-2   
5.689610E+2   -2.731500E+2   -2.731500E+2   -2.731500E+2   0.000000E+0   0.000000E+0   0.000000E+0   5.499989E+3   5.499989E+3   3.210767E+3   4.153797E+1   3.211279E+0   5.854801E-2   
5.764190E+2   -2.731500E+2   -2.731500E+2   -2.731500E+2   0.000000E+0   0.000000E+0   0.000000E+0   5.600082E+3   5.600082E+3   3.211096E+3   4.167030E+1   3.211614E+0   5.873450E-2   
5.838770E+2   -2.731500E+2   -2.731500E+2   -2.731500E+2   0.000000E+0   0.000000E+0   0.000000E+0   5.700212E+3   5.700212E+3   3.211261E+3   4.170336E+1   3.211785E+0   5.878108E-2   
5.913470E+2   -2.731500E+2   -2.731500E+2   -2.731500E+2   0.000000E+0   0.000000E+0   0.000000E+0   5.800038E+3   5.800038E+3   3.211434E+3   4.167030E+1   3.211965E+0   5.873445E-2   
5.987990E+2   -2.731500E+2   -2.731500E+2   -2.731500E+2   0.000000E+0   0.000000E+0   0.000000E+0   5.900042E+3   5.900042E+3   3.211533E+3   4.150488E+1   3.212070E+0   5.850127E-2   
6.062590E+2   -2.731500E+2   -2.731500E+2   -2.731500E+2   0.000000E+0   0.000000E+0   0.000000E+0   6.000047E+3   6.000047E+3   3.211928E+3   4.167030E+1   3.212471E+0   5.873440E-2   
6.137160E+2   -2.731500E+2   -2.731500E+2   -2.731500E+2   0.000000E+0   0.000000E+0   0.000000E+0   6.100033E+3   6.100033E+3   3.211928E+3   4.167030E+1   3.212478E+0   5.873437E-2   
6.211750E+2   -2.731500E+2   -2.731500E+2   -2.731500E+2   0.000000E+0   0.000000E+0   0.000000E+0   6.200038E+3   6.200038E+3   3.211994E+3   4.183563E+1   3.212550E+0   5.896737E-2   
6.286370E+2   -2.731500E+2   -2.731500E+2   -2.731500E+2   0.000000E+0   0.000000E+0   0.000000E+0   6.300185E+3   6.300185E+3   3.212324E+3   4.167030E+1   3.212885E+0   5.873432E-2   
6.361080E+2   -2.731500E+2   -2.731500E+2   -2.731500E+2   0.000000E+0   0.000000E+0   0.000000E+0   6.400118E+3   6.400118E+3   3.212423E+3   4.167030E+1   3.212990E+0   5.873429E-2   
6.435650E+2   -2.731500E+2   -2.731500E+2   -2.731500E+2   0.000000E+0   0.000000E+0   0.000000E+0   6.499980E+3   6.499980E+3   3.212554E+3   4.167030E+1   3.213128E+0   5.873427E-2   
6.510350E+2   -2.731500E+2   -2.731500E+2   -2.731500E+2   0.000000E+0   0.000000E+0   0.000000E+0   6.600163E+3   6.600163E+3   3.212752E+3   4.167030E+1   3.213332E+0   5.873424E-2   
6.584930E+2   -2.731500E+2   -2.731500E+2   -2.731500E+2   0.000000E+0   0.000000E+0   0.000000E+0   6.700150E+3   6.700150E+3   3.212620E+3   4.167030E+1   3.213207E+0   5.873421E-2   
6.659500E+2   -2.731500E+2   -2.731500E+2   -2.731500E+2   0.000000E+0   0.000000E+0   0.000000E+0   6.800172E+3   6.800172E+3   3.212983E+3   4.183563E+1   3.213575E+0   5.896721E-2   
6.734080E+2   -2.731500E+2   -2.731500E+2   -2.731500E+2   0.000000E+0   0.000000E+0   0.000000E+0   6.899944E+3   6.899944E+3   3.213213E+3   4.180256E+1   3.213812E+0   5.892058E-2   
6.808760E+2   -2.731500E+2   -2.731500E+2   -2.731500E+2   0.000000E+0   0.000000E+0   0.000000E+0   7.000270E+3   7.000270E+3   3.213411E+3   4.183563E+1   3.214016E+0   5.896716E-2   
6.883380E+2   -2.731500E+2   -2.731500E+2   -2.731500E+2   0.000000E+0   0.000000E+0   0.000000E+0   7.100007E+3   7.100007E+3   3.213411E+3   4.176949E+1   3.214022E+0   5.887393E-2   
6.958000E+2   -2.731500E+2   -2.731500E+2   -2.731500E+2   0.000000E+0   0.000000E+0   0.000000E+0   7.200154E+3   7.200154E+3   3.213480E+3   4.167030E+1   3.214098E+0   5.873408E-2   
7.032590E+2   -2.731500E+2   -2.731500E+2   -2.731500E+2   0.000000E+0   0.000000E+0   0.000000E+0   7.300212E+3   7.300212E+3   3.213411E+3   4.167030E+1   3.214035E+0   5.873406E-2   
7.107190E+2   -2.731500E+2   -2.731500E+2   -2.731500E+2   0.000000E+0   0.000000E+0   0.000000E+0   7.400038E+3   7.400038E+3   3.213749E+3   4.167030E+1   3.214379E+0   5.873403E-2   
7.181780E+2   -2.731500E+2   -2.731500E+2   -2.731500E+2   0.000000E+0   0.000000E+0   0.000000E+0   7.500167E+3   7.500167E+3   3.213914E+3   4.183563E+1   3.214550E+0   5.896703E-2   
7.256420E+2   -2.731500E+2   -2.731500E+2   -2.731500E+2   0.000000E+0   0.000000E+0   0.000000E+0   7.600100E+3   7.600100E+3   3.213914E+3   4.183563E+1   3.214556E+0   5.896701E-2   
7.330570E+2   -2.731500E+2   -2.731500E+2   -2.731500E+2   0.000000E+0   0.000000E+0   0.000000E+0   7.700212E+3   7.700212E+3   3.214111E+3   4.167030E+1   3.214760E+0   5.873395E-2   
7.405190E+2   -2.731500E+2   -2.731500E+2   -2.731500E+2   0.000000E+0   0.000000E+0   0.000000E+0   7.800074E+3   7.800074E+3   3.214243E+3   4.180256E+1   3.214898E+0   5.892035E-2   
7.479800E+2   -2.731500E+2   -2.731500E+2   -2.731500E+2   0.000000E+0   0.000000E+0   0.000000E+0   7.900042E+3   7.900042E+3   3.214243E+3   4.183563E+1   3.214904E+0   5.896693E-2   
7.554330E+2   -2.731500E+2   -2.731500E+2   -2.731500E+2   0.000000E+0   0.000000E+0   0.000000E+0   8.000261E+3   8.000261E+3   3.214408E+3   4.183563E+1   3.215075E+0   5.896690E-2   
7.640300E+2   -2.731500E+2   -2.731500E+2   -2.731500E+2   0.000000E+0   0.000000E+0   0.000000E+0   7.899881E+3   7.899881E+3   3.214309E+3   4.193482E+1   3.214970E+0   5.910674E-2   
7.714880E+2   -2.731500E+2   -2.731500E+2   -2.731500E+2   0.000000E+0   0.000000E+0   0.000000E+0   7.800038E+3   7.800038E+3   3.214243E+3   4.183563E+1   3.214898E+0   5.896695E-2   
7.789450E+2   -2.731500E+2   -2.731500E+2   -2.731500E+2   0.000000E+0   0.000000E+0   0.000000E+0   7.699962E+3   7.699962E+3   3.214243E+3   4.183563E+1   3.214892E+0   5.896698E-2   
7.864060E+2   -2.731500E+2   -2.731500E+2   -2.731500E+2   0.000000E+0   0.000000E+0   0.000000E+0   7.599832E+3   7.599832E+3   3.214078E+3   4.167030E+1   3.214721E+0   5.873398E-2   
7.938660E+2   -2.731500E+2   -2.731500E+2   -2.731500E+2   0.000000E+0   0.000000E+0   0.000000E+0   7.500007E+3   7.500007E+3   3.213914E+3   4.167030E+1   3.214550E+0   5.873400E-2   
8.013240E+2   -2.731500E+2   -2.731500E+2   -2.731500E+2   0.000000E+0   0.000000E+0   0.000000E+0   7.399877E+3   7.399877E+3   3.213782E+3   4.180256E+1   3.214412E+0   5.892045E-2   
8.087830E+2   -2.731500E+2   -2.731500E+2   -2.731500E+2   0.000000E+0   0.000000E+0   0.000000E+0   7.300051E+3   7.300051E+3   3.213749E+3   4.150488E+1   3.214373E+0   5.850091E-2   
8.162440E+2   -2.731500E+2   -2.731500E+2   -2.731500E+2   0.000000E+0   0.000000E+0   0.000000E+0   7.199922E+3   7.199922E+3   3.213914E+3   4.157105E+1   3.214531E+0   5.859419E-2   
8.237040E+2   -2.731500E+2   -2.731500E+2   -2.731500E+2   0.000000E+0   0.000000E+0   0.000000E+0   7.099935E+3   7.099935E+3   3.213749E+3   4.150488E+1   3.214360E+0   5.850096E-2   
8.311760E+2   -2.731500E+2   -2.731500E+2   -2.731500E+2   0.000000E+0   0.000000E+0   0.000000E+0   6.999895E+3   6.999895E+3   3.213848E+3   4.157105E+1   3.214453E+0   5.859425E-2   
8.386370E+2   -2.731500E+2   -2.731500E+2   -2.731500E+2   0.000000E+0   0.000000E+0   0.000000E+0   6.899962E+3   6.899962E+3   3.213617E+3   4.167030E+1   3.214216E+0   5.873416E-2   
8.460990E+2   -2.731500E+2   -2.731500E+2   -2.731500E+2   0.000000E+0   0.000000E+0   0.000000E+0   6.799886E+3   6.799886E+3   3.213749E+3   4.167030E+1   3.214342E+0   5.873419E-2   
8.535580E+2   -2.731500E+2   -2.731500E+2   -2.731500E+2   0.000000E+0   0.000000E+0   0.000000E+0   6.700078E+3   6.700078E+3   3.213411E+3   4.150488E+1   3.213997E+0   5.850106E-2   
8.610110E+2   -2.731500E+2   -2.731500E+2   -2.731500E+2   0.000000E+0   0.000000E+0   0.000000E+0   6.599930E+3   6.599930E+3   3.213584E+3   4.167030E+1   3.214165E+0   5.873424E-2   
8.684690E+2   -2.731500E+2   -2.731500E+2   -2.731500E+2   0.000000E+0   0.000000E+0   0.000000E+0   6.499980E+3   6.499980E+3   3.213246E+3   4.140569E+1   3.213820E+0   5.836130E-2   
8.759410E+2   -2.731500E+2   -2.731500E+2   -2.731500E+2   0.000000E+0   0.000000E+0   0.000000E+0   6.399957E+3   6.399957E+3   3.213213E+3   4.143875E+1   3.213781E+0   5.840793E-2   
8.834010E+2   -2.731500E+2   -2.731500E+2   -2.731500E+2   0.000000E+0   0.000000E+0   0.000000E+0   6.299971E+3   6.299971E+3   3.213213E+3   4.167030E+1   3.213775E+0   5.873432E-2   
8.908620E+2   -2.731500E+2   -2.731500E+2   -2.731500E+2   0.000000E+0   0.000000E+0   0.000000E+0   6.199895E+3   6.199895E+3   3.213081E+3   4.150488E+1   3.213637E+0   5.850119E-2   
8.983240E+2   -2.731500E+2   -2.731500E+2   -2.731500E+2   0.000000E+0   0.000000E+0   0.000000E+0   6.100069E+3   6.100069E+3   3.212917E+3   4.133956E+1   3.213466E+0   5.826819E-2   
9.057840E+2   -2.731500E+2   -2.731500E+2   -2.731500E+2   0.000000E+0   0.000000E+0   0.000000E+0   6.000118E+3   6.000118E+3   3.213081E+3   4.143875E+1   3.213625E+0   5.840804E-2   
9.132450E+2   -2.731500E+2   -2.731500E+2   -2.731500E+2   0.000000E+0   0.000000E+0   0.000000E+0   5.899774E+3   5.899774E+3   3.212917E+3   4.150488E+1   3.213454E+0   5.850127E-2   
9.207080E+2   -2.731500E+2   -2.731500E+2   -2.731500E+2   0.000000E+0   0.000000E+0   0.000000E+0   5.799966E+3   5.799966E+3   3.212686E+3   4.147182E+1   3.213217E+0   5.845469E-2   
9.281750E+2   -2.731500E+2   -2.731500E+2   -2.731500E+2   0.000000E+0   0.000000E+0   0.000000E+0   5.699926E+3   5.699926E+3   3.212587E+3   4.133956E+1   3.213112E+0   5.826830E-2   
9.356310E+2   -2.731500E+2   -2.731500E+2   -2.731500E+2   0.000000E+0   0.000000E+0   0.000000E+0   5.599957E+3   5.599957E+3   3.212423E+3   4.150488E+1   3.212941E+0   5.850135E-2   
9.430860E+2   -2.731500E+2   -2.731500E+2   -2.731500E+2   0.000000E+0   0.000000E+0   0.000000E+0   5.499810E+3   5.499810E+3   3.212423E+3   4.150488E+1   3.212935E+0   5.850138E-2   
9.505420E+2   -2.731500E+2   -2.731500E+2   -2.731500E+2   0.000000E+0   0.000000E+0   0.000000E+0   5.400020E+3   5.400020E+3   3.212258E+3   4.133956E+1   3.212764E+0   5.826838E-2   
9.579920E+2   -2.731500E+2   -2.731500E+2   -2.731500E+2   0.000000E+0   0.000000E+0   0.000000E+0   5.300033E+3   5.300033E+3   3.212027E+3   4.133956E+1   3.212527E+0   5.826840E-2   
9.654510E+2   -2.731500E+2   -2.731500E+2   -2.731500E+2   0.000000E+0   0.000000E+0   0.000000E+0   5.199904E+3   5.199904E+3   3.211928E+3   4.117423E+1   3.212422E+0   5.803540E-2   
9.729130E+2   -2.731500E+2   -2.731500E+2   -2.731500E+2   0.000000E+0   0.000000E+0   0.000000E+0   5.099899E+3   5.099899E+3   3.211928E+3   4.120730E+1   3.212416E+0   5.808203E-2   
9.803730E+2   -2.731500E+2   -2.731500E+2   -2.731500E+2   0.000000E+0   0.000000E+0   0.000000E+0   4.999948E+3   4.999948E+3   3.211764E+3   4.143875E+1   3.212245E+0   5.840830E-2   
9.878290E+2   -2.731500E+2   -2.731500E+2   -2.731500E+2   0.000000E+0   0.000000E+0   0.000000E+0   4.900105E+3   4.900105E+3   3.211434E+3   4.117423E+1   3.211909E+0   5.803548E-2   
9.952830E+2   -2.731500E+2   -2.731500E+2   -2.731500E+2   0.000000E+0   0.000000E+0   0.000000E+0   4.799939E+3   4.799939E+3   3.211195E+3   4.133956E+1   3.211664E+0   5.826853E-2   
1.002738E+3   -2.731500E+2   -2.731500E+2   -2.731500E+2   0.000000E+0   0.000000E+0   0.000000E+0   4.700096E+3   4.700096E+3   3.210931E+3   4.137262E+1   3.211394E+0   5.831517E-2   
1.010204E+3   -2.731500E+2   -2.731500E+2   -2.731500E+2   0.000000E+0   0.000000E+0   0.000000E+0   4.600091E+3   4.600091E+3   3.210800E+3   4.133956E+1   3.211256E+0   5.826859E-2   
1.017669E+3   -2.731500E+2   -2.731500E+2   -2.731500E+2   0.000000E+0   0.000000E+0   0.000000E+0   4.499944E+3   4.499944E+3   3.210734E+3   4.117423E+1   3.211184E+0   5.803558E-2   
1.025128E+3   -2.731500E+2   -2.731500E+2   -2.731500E+2   0.000000E+0   0.000000E+0   0.000000E+0   4.399957E+3   4.399957E+3   3.210437E+3   4.117423E+1   3.210881E+0   5.803561E-2   
1.032583E+3   -2.731500E+2   -2.731500E+2   -2.731500E+2   0.000000E+0   0.000000E+0   0.000000E+0   4.300006E+3   4.300006E+3   3.210141E+3   4.133956E+1   3.210578E+0   5.826866E-2   
1.040039E+3   -2.731500E+2   -2.731500E+2   -2.731500E+2   0.000000E+0   0.000000E+0   0.000000E+0   4.200127E+3   4.200127E+3   3.209778E+3   4.117423E+1   3.210210E+0   5.803566E-2   
1.047502E+3   -2.731500E+2   -2.731500E+2   -2.731500E+2   0.000000E+0   0.000000E+0   0.000000E+0   4.099801E+3   4.099801E+3   3.209778E+3   4.117423E+1   3.210204E+0   5.803569E-2   
1.054957E+3   -2.731500E+2   -2.731500E+2   -2.731500E+2   0.000000E+0   0.000000E+0   0.000000E+0   4.000011E+3   4.000011E+3   3.209383E+3   4.117423E+1   3.209802E+0   5.803572E-2   
1.062419E+3   -2.731500E+2   -2.731500E+2   -2.731500E+2   0.000000E+0   0.000000E+0   0.000000E+0   3.900060E+3   3.900060E+3   3.209085E+3   4.117423E+1   3.209498E+0   5.803574E-2   
1.069879E+3   -2.731500E+2   -2.731500E+2   -2.731500E+2   0.000000E+0   0.000000E+0   0.000000E+0   3.799805E+3   3.799805E+3   3.208781E+3   4.117423E+1   3.209188E+0   5.803577E-2   
1.077336E+3   -2.731500E+2   -2.731500E+2   -2.731500E+2   0.000000E+0   0.000000E+0   0.000000E+0   3.700033E+3   3.700033E+3   3.208617E+3   4.117423E+1   3.209017E+0   5.803579E-2   
1.084795E+3   -2.731500E+2   -2.731500E+2   -2.731500E+2   0.000000E+0   0.000000E+0   0.000000E+0   3.600011E+3   3.600011E+3   3.208122E+3   4.117423E+1   3.208517E+0   5.803582E-2   
1.092249E+3   -2.731500E+2   -2.731500E+2   -2.731500E+2   0.000000E+0   0.000000E+0   0.000000E+0   3.500024E+3   3.500024E+3   3.207727E+3   4.117423E+1   3.208115E+0   5.803585E-2   
1.099710E+3   -2.731500E+2   -2.731500E+2   -2.731500E+2   0.000000E+0   0.000000E+0   0.000000E+0   3.399769E+3   3.399769E+3   3.207464E+3   4.117423E+1   3.207845E+0   5.803587E-2   
1.107171E+3   -2.731500E+2   -2.731500E+2   -2.731500E+2   0.000000E+0   0.000000E+0   0.000000E+0   3.300033E+3   3.300033E+3   3.206904E+3   4.117423E+1   3.207279E+0   5.803590E-2   
1.114635E+3   -2.731500E+2   -2.731500E+2   -2.731500E+2   0.000000E+0   0.000000E+0   0.000000E+0   3.199975E+3   3.199975E+3   3.206302E+3   4.117423E+1   3.206671E+0   5.803592E-2   
1.122097E+3   -2.731500E+2   -2.731500E+2   -2.731500E+2   0.000000E+0   0.000000E+0   0.000000E+0   3.099828E+3   3.099828E+3   3.205314E+3   4.107498E+1   3.205677E+0   5.789606E-2   
1.129560E+3   -2.731500E+2   -2.731500E+2   -2.731500E+2   0.000000E+0   0.000000E+0   0.000000E+0   2.999912E+3   2.999912E+3   3.204481E+3   4.100882E+1   3.204838E+0   5.780283E-2   
1.137020E+3   -2.731500E+2   -2.731500E+2   -2.731500E+2   0.000000E+0   0.000000E+0   0.000000E+0   2.900015E+3   2.900015E+3   3.203328E+3   4.100882E+1   3.203679E+0   5.780285E-2   
1.144483E+3   -2.731500E+2   -2.731500E+2   -2.731500E+2   0.000000E+0   0.000000E+0   0.000000E+0   2.800118E+3   2.800118E+3   3.201672E+3   4.100882E+1   3.202017E+0   5.780288E-2   
1.151945E+3   -2.731500E+2   -2.731500E+2   -2.731500E+2   0.000000E+0   0.000000E+0   0.000000E+0   2.699863E+3   2.699863E+3   3.199358E+3   4.100882E+1   3.199696E+0   5.780291E-2   
1.159406E+3   -2.731500E+2   -2.731500E+2   -2.731500E+2   0.000000E+0   0.000000E+0   0.000000E+0   2.600002E+3   2.600002E+3   3.195791E+3   4.100882E+1   3.196122E+0   5.780293E-2   
1.166859E+3   -2.731500E+2   -2.731500E+2   -2.731500E+2   0.000000E+0   0.000000E+0   0.000000E+0   2.499962E+3   2.499962E+3   3.190197E+3   4.067816E+1   3.190522E+0   5.733690E-2   
1.174321E+3   -2.731500E+2   -2.731500E+2   -2.731500E+2   0.000000E+0   0.000000E+0   0.000000E+0   2.399850E+3   2.399850E+3   3.179782E+3   4.051275E+1   3.180100E+0   5.710378E-2   
1.181782E+3   -2.731500E+2   -2.731500E+2   -2.731500E+2   0.000000E+0   0.000000E+0   0.000000E+0   2.299917E+3   2.299917E+3   3.158845E+3   4.034742E+1   3.159156E+0   5.687078E-2   
1.189248E+3   -2.731500E+2   -2.731500E+2   -2.731500E+2   0.000000E+0   0.000000E+0   0.000000E+0   2.200002E+3   2.200002E+3   3.115326E+3   3.985135E+1   3.115628E+0   5.617160E-2   
1.196710E+3   -2.731500E+2   -2.731500E+2   -2.731500E+2   0.000000E+0   0.000000E+0   0.000000E+0   2.100069E+3   2.100069E+3   3.042604E+3   3.885921E+1   3.042897E+0   5.477322E-2   
1.204167E+3   -2.731500E+2   -2.731500E+2   -2.731500E+2   0.000000E+0   0.000000E+0   0.000000E+0   1.999868E+3   1.999868E+3   2.947781E+3   3.770166E+1   2.948062E+0   5.314169E-2   
1.211638E+3   -2.731500E+2   -2.731500E+2   -2.731500E+2   0.000000E+0   0.000000E+0   0.000000E+0   1.899935E+3   1.899935E+3   2.838221E+3   3.654420E+1   2.838490E+0   5.151028E-2   
1.219098E+3   -2.731500E+2   -2.731500E+2   -2.731500E+2   0.000000E+0   0.000000E+0   0.000000E+0   1.800002E+3   1.800002E+3   2.715456E+3   3.505599E+1   2.715713E+0   4.941269E-2   
1.226559E+3   -2.731500E+2   -2.731500E+2   -2.731500E+2   0.000000E+0   0.000000E+0   0.000000E+0   1.699979E+3   1.699979E+3   2.580087E+3   3.340237E+1   2.580330E+0   4.708196E-2   
1.234018E+3   -2.731500E+2   -2.731500E+2   -2.731500E+2   0.000000E+0   0.000000E+0   0.000000E+0   1.599868E+3   1.599868E+3   2.435327E+3   3.158342E+1   2.435557E+0   4.451820E-2   
1.241475E+3   -2.731500E+2   -2.731500E+2   -2.731500E+2   0.000000E+0   0.000000E+0   0.000000E+0   1.499881E+3   1.499881E+3   2.286806E+3   2.959915E+1   2.287022E+0   4.172141E-2   
1.248933E+3   -2.731500E+2   -2.731500E+2   -2.731500E+2   0.000000E+0   0.000000E+0   0.000000E+0   1.400109E+3   1.400109E+3   2.136763E+3   2.778020E+1   2.136965E+0   3.915765E-2   
1.256388E+3   -2.731500E+2   -2.731500E+2   -2.731500E+2   0.000000E+0   0.000000E+0   0.000000E+0   1.299962E+3   1.299962E+3   1.985289E+3   2.579592E+1   1.985478E+0   3.636086E-2   
1.263850E+3   -2.731500E+2   -2.731500E+2   -2.731500E+2   0.000000E+0   0.000000E+0   0.000000E+0   1.200047E+3   1.200047E+3   1.833825E+3   2.397698E+1   1.833999E+0   3.379710E-2   
1.271311E+3   -2.731500E+2   -2.731500E+2   -2.731500E+2   0.000000E+0   0.000000E+0   0.000000E+0   1.099988E+3   1.099988E+3   1.682063E+3   2.199270E+1   1.682223E+0   3.100031E-2   
1.278774E+3   -2.731500E+2   -2.731500E+2   -2.731500E+2   0.000000E+0   0.000000E+0   0.000000E+0   9.999303E+2   9.999303E+2   1.529898E+3   2.004140E+1   1.530044E+0   2.825000E-2   
1.287327E+3   -2.731500E+2   -2.731500E+2   -2.731500E+2   0.000000E+0   0.000000E+0   0.000000E+0   9.498744E+2   9.498744E+2   1.453667E+3   1.901620E+1   1.453806E+0   2.680500E-2   
1.294788E+3   -2.731500E+2   -2.731500E+2   -2.731500E+2   0.000000E+0   0.000000E+0   0.000000E+0   8.999437E+2   8.999437E+2   1.377733E+3   1.818939E+1   1.377864E+0   2.563963E-2   
1.302251E+3   -2.731500E+2   -2.731500E+2   -2.731500E+2   0.000000E+0   0.000000E+0   0.000000E+0   8.500666E+2   8.500666E+2   1.301535E+3   1.703193E+1   1.301659E+0   2.400821E-2   
1.309714E+3   -2.731500E+2   -2.731500E+2   -2.731500E+2   0.000000E+0   0.000000E+0   0.000000E+0   7.999571E+2   7.999571E+2   1.225469E+3   1.603979E+1   1.225586E+0   2.260982E-2   
1.317176E+3   -2.731500E+2   -2.731500E+2   -2.731500E+2   0.000000E+0   0.000000E+0   0.000000E+0   7.500264E+2   7.500264E+2   1.149238E+3   1.521298E+1   1.149348E+0   2.144445E-2   
1.324640E+3   -2.731500E+2   -2.731500E+2   -2.731500E+2   0.000000E+0   0.000000E+0   0.000000E+0   7.000242E+2   7.000242E+2   1.073007E+3   1.422084E+1   1.073110E+0   2.004605E-2   
1.332103E+3   -2.731500E+2   -2.731500E+2   -2.731500E+2   0.000000E+0   0.000000E+0   0.000000E+0   6.499683E+2   6.499683E+2   9.966110E+2   1.322870E+1   9.967074E-1   1.864766E-2   
1.339567E+3   -2.731500E+2   -2.731500E+2   -2.731500E+2   0.000000E+0   0.000000E+0   0.000000E+0   5.999303E+2   5.999303E+2   9.202241E+2   1.223657E+1   9.203134E-1   1.724927E-2   
1.347026E+3   -2.731500E+2   -2.731500E+2   -2.731500E+2   0.000000E+0   0.000000E+0   0.000000E+0   5.499280E+2   5.499280E+2   8.439243E+2   1.124443E+1   8.440065E-1   1.585087E-2   
1.354488E+3   -2.731500E+2   -2.731500E+2   -2.731500E+2   0.000000E+0   0.000000E+0   0.000000E+0   5.000152E+2   5.000152E+2   7.678599E+2   1.025220E+1   7.679350E-1   1.445235E-2   
1.361950E+3   -2.731500E+2   -2.731500E+2   -2.731500E+2   0.000000E+0   0.000000E+0   0.000000E+0   4.500666E+2   4.500666E+2   6.913649E+2   9.260066E+0   6.914330E-1   1.305396E-2   
1.369413E+3   -2.731500E+2   -2.731500E+2   -2.731500E+2   0.000000E+0   0.000000E+0   0.000000E+0   4.000286E+2   4.000286E+2   6.150669E+2   8.267920E+0   6.151279E-1   1.165555E-2   
1.376878E+3   -2.731500E+2   -2.731500E+2   -2.731500E+2   0.000000E+0   0.000000E+0   0.000000E+0   3.500085E+2   3.500085E+2   5.386712E+2   7.275774E+0   5.387252E-1   1.025715E-2   
1.384340E+3   -2.731500E+2   -2.731500E+2   -2.731500E+2   0.000000E+0   0.000000E+0   0.000000E+0   2.999347E+2   2.999347E+2   4.621109E+2   6.118274E+0   4.621578E-1   8.625675E-3   
1.391801E+3   -2.731500E+2   -2.731500E+2   -2.731500E+2   0.000000E+0   0.000000E+0   0.000000E+0   2.499146E+2   2.499146E+2   3.856168E+2   5.126102E+0   3.856566E-1   7.227232E-3   
1.399264E+3   -2.731500E+2   -2.731500E+2   -2.731500E+2   0.000000E+0   0.000000E+0   0.000000E+0   2.000018E+2   2.000018E+2   3.092861E+2   4.133956E+0   3.093189E-1   5.828825E-3   
1.406737E+3   -2.731500E+2   -2.731500E+2   -2.731500E+2   0.000000E+0   0.000000E+0   0.000000E+0   1.499817E+2   1.499817E+2   2.326590E+2   3.141818E+0   2.326847E-1   4.430430E-3   
1.414198E+3   -2.731500E+2   -2.731500E+2   -2.731500E+2   0.000000E+0   0.000000E+0   0.000000E+0   1.001046E+2   1.001046E+2   1.562634E+2   2.149655E+0   1.562820E-1   3.031999E-3   
1.422611E+3   -2.731500E+2   -2.731500E+2   -2.731500E+2   0.000000E+0   0.000000E+0   0.000000E+0   8.994680E+1   8.994680E+1   1.407199E+2   1.818948E+0   1.407370E-1   2.565874E-3   
1.429973E+3   -2.731500E+2   -2.731500E+2   -2.731500E+2   0.000000E+0   0.000000E+0   0.000000E+0   8.003935E+1   8.003935E+1   1.256722E+2   1.653586E+0   1.256880E-1   2.332801E-3   
1.437384E+3   -2.731500E+2   -2.731500E+2   -2.731500E+2   0.000000E+0   0.000000E+0   0.000000E+0   7.009613E+1   7.009613E+1   1.102942E+2   1.488232E+0   1.103086E-1   2.099739E-3   
1.444798E+3   -2.731500E+2   -2.731500E+2   -2.731500E+2   0.000000E+0   0.000000E+0   0.000000E+0   6.006349E+1   6.006349E+1   9.491629E+1   1.157508E+0   9.492921E-2   1.633590E-3   
1.452211E+3   -2.731500E+2   -2.731500E+2   -2.731500E+2   0.000000E+0   0.000000E+0   0.000000E+0   5.006662E+1   5.006662E+1   7.953729E+1   9.921549E-1   7.954879E-2   1.400529E-3   
1.459574E+3   -2.731500E+2   -2.731500E+2   -2.731500E+2   0.000000E+0   0.000000E+0   0.000000E+0   3.992668E+1   3.992668E+1   6.399374E+1   8.267929E-1   6.400381E-2   1.167455E-3   
1.466941E+3   -2.731500E+2   -2.731500E+2   -2.731500E+2   0.000000E+0   0.000000E+0   0.000000E+0   3.003711E+1   3.003711E+1   4.894618E+1   6.614352E-1   4.895485E-2   9.343877E-4   
1.474303E+3   -2.731500E+2   -2.731500E+2   -2.731500E+2   0.000000E+0   0.000000E+0   0.000000E+0   2.004024E+1   2.004024E+1   3.330317E+1   3.307180E-1   3.331041E-2   4.682479E-4   
1.481715E+3   -2.731500E+2   -2.731500E+2   -2.731500E+2   0.000000E+0   0.000000E+0   0.000000E+0   1.002548E+1   1.002548E+1   1.802406E+1   1.653586E-1   1.802989E-2   2.351781E-4   
1.489128E+3   -2.731500E+2   -2.731500E+2   -2.731500E+2   0.000000E+0   0.000000E+0   0.000000E+0   -9.657080E-2   -9.657080E-2   2.480370E+0   0.000000E+0   2.484757E-3   2.109534E-6   
1.496491E+3   -2.731500E+2   -2.731500E+2   -2.731500E+2   0.000000E+0   0.000000E+0   0.000000E+0   -9.932490E+0   -9.932490E+0   -1.273263E+1   -1.653586E-1   -1.272965E-2   -2.309591E-4   
1.503904E+3   -2.731500E+2   -2.731500E+2   -2.731500E+2   0.000000E+0   0.000000E+0   0.000000E+0   -1.989359E+1   -1.989359E+1   -2.784636E+1   -4.960757E-1   -2.784478E-2   -6.970989E-4   
1.511321E+3   -2.731500E+2   -2.731500E+2   -2.731500E+2   0.000000E+0   0.000000E+0   0.000000E+0   -2.996200E+1   -2.996200E+1   -4.345627E+1   -6.614352E-1   -4.345612E-2   -9.301687E-4   
1.518733E+3   -2.731500E+2   -2.731500E+2   -2.731500E+2   0.000000E+0   0.000000E+0   0.000000E+0   -3.994099E+1   -3.994099E+1   -5.866916E+1   -9.921549E-1   -5.867042E-2   -1.396312E-3   
1.526145E+3   -2.731500E+2   -2.731500E+2   -2.731500E+2   0.000000E+0   0.000000E+0   0.000000E+0   -5.000939E+1   -5.000939E+1   -7.414666E+1   -1.157508E+0   -7.414935E-2   -1.629373E-3   
1.533508E+3   -2.731500E+2   -2.731500E+2   -2.731500E+2   0.000000E+0   0.000000E+0   0.000000E+0   -5.986319E+1   -5.986319E+1   -8.929412E+1   -1.322870E+0   -8.929820E-2   -1.862447E-3   
1.540917E+3   -2.731500E+2   -2.731500E+2   -2.731500E+2   0.000000E+0   0.000000E+0   0.000000E+0   -7.002102E+1   -7.002102E+1   -1.048377E+2   -1.488232E+0   -1.048432E-1   -2.095520E-3   
1.548278E+3   -2.731500E+2   -2.731500E+2   -2.731500E+2   0.000000E+0   0.000000E+0   0.000000E+0   -8.003577E+1   -8.003577E+1   -1.202156E+2   -1.818948E+0   -1.202226E-1   -2.561658E-3   
1.555640E+3   -2.731500E+2   -2.731500E+2   -2.731500E+2   0.000000E+0   0.000000E+0   0.000000E+0   -8.988957E+1   -8.988957E+1   -1.352633E+2   -1.984301E+0   -1.352716E-1   -2.794719E-3   
1.563051E+3   -2.731500E+2   -2.731500E+2   -2.731500E+2   0.000000E+0   0.000000E+0   0.000000E+0   -1.000474E+2   -1.000474E+2   -1.509724E+2   -2.315017E+0   -1.509822E-1   -3.260856E-3   
1.571609E+3   -2.731500E+2   -2.731500E+2   -2.731500E+2   0.000000E+0   0.000000E+0   0.000000E+0   -1.500675E+2   -1.500675E+2   -2.275995E+2   -3.307172E+0   -2.276164E-1   -4.659275E-3   
1.579081E+3   -2.731500E+2   -2.731500E+2   -2.731500E+2   0.000000E+0   0.000000E+0   0.000000E+0   -1.999446E+2   -1.999446E+2   -3.039284E+2   -4.299318E+0   -3.039523E-1   -6.057682E-3   
1.586540E+3   -2.731500E+2   -2.731500E+2   -2.731500E+2   0.000000E+0   0.000000E+0   0.000000E+0   -2.499826E+2   -2.499826E+2   -3.804905E+2   -5.291481E+0   -3.805215E-1   -7.456113E-3   
1.594003E+3   -2.731500E+2   -2.731500E+2   -2.731500E+2   0.000000E+0   0.000000E+0   0.000000E+0   -2.999669E+2   -2.999669E+2   -4.568853E+2   -6.283628E+0   -4.569233E-1   -8.854520E-3   
1.601464E+3   -2.731500E+2   -2.731500E+2   -2.731500E+2   0.000000E+0   0.000000E+0   0.000000E+0   -3.501122E+2   -3.501122E+2   -5.334465E+2   -7.275774E+0   -5.334916E-1   -1.025293E-2   
1.608924E+3   -2.731500E+2   -2.731500E+2   -2.731500E+2   0.000000E+0   0.000000E+0   0.000000E+0   -4.001324E+2   -4.001324E+2   -6.098412E+2   -8.267920E+0   -6.098935E-1   -1.165133E-2   
1.616386E+3   -2.731500E+2   -2.731500E+2   -2.731500E+2   0.000000E+0   0.000000E+0   0.000000E+0   -4.500631E+2   -4.500631E+2   -6.860739E+2   -9.260066E+0   -6.861332E-1   -1.304974E-2   
1.623849E+3   -2.731500E+2   -2.731500E+2   -2.731500E+2   0.000000E+0   0.000000E+0   0.000000E+0   -4.999759E+2   -4.999759E+2   -7.623369E+2   -1.041753E+1   -7.624032E-1   -1.468116E-2   
1.631311E+3   -2.731500E+2   -2.731500E+2   -2.731500E+2   0.000000E+0   0.000000E+0   0.000000E+0   -5.500854E+2   -5.500854E+2   -8.386656E+2   -1.140976E+1   -8.387390E-1   -1.607968E-2   
1.638776E+3   -2.731500E+2   -2.731500E+2   -2.731500E+2   0.000000E+0   0.000000E+0   0.000000E+0   -6.000519E+2   -6.000519E+2   -9.148282E+2   -1.223657E+1   -9.149087E-1   -1.724505E-2   
1.646238E+3   -2.731500E+2   -2.731500E+2   -2.731500E+2   0.000000E+0   0.000000E+0   0.000000E+0   -6.498932E+2   -6.498932E+2   -9.908285E+2   -1.322870E+1   -9.909160E-1   -1.864344E-2   
1.653699E+3   -2.731500E+2   -2.731500E+2   -2.731500E+2   0.000000E+0   0.000000E+0   0.000000E+0   -7.001994E+2   -7.001994E+2   -1.067389E+3   -1.422084E+1   -1.067483E+0   -2.004184E-2   
1.661159E+3   -2.731500E+2   -2.731500E+2   -2.731500E+2   0.000000E+0   0.000000E+0   0.000000E+0   -7.499871E+2   -7.499871E+2   -1.143455E+3   -1.521298E+1   -1.143557E+0   -2.144023E-2   
1.668622E+3   -2.731500E+2   -2.731500E+2   -2.731500E+2   0.000000E+0   0.000000E+0   0.000000E+0   -8.001681E+2   -8.001681E+2   -1.219620E+3   -1.620512E+1   -1.219729E+0   -2.283862E-2   
1.676083E+3   -2.731500E+2   -2.731500E+2   -2.731500E+2   0.000000E+0   0.000000E+0   0.000000E+0   -8.499558E+2   -8.499558E+2   -1.295480E+3   -1.719725E+1   -1.295596E+0   -2.423702E-2   
1.683546E+3   -2.731500E+2   -2.731500E+2   -2.731500E+2   0.000000E+0   0.000000E+0   0.000000E+0   -9.001190E+2   -9.001190E+2   -1.371489E+3   -1.818939E+1   -1.371612E+0   -2.563541E-2   
1.691008E+3   -2.731500E+2   -2.731500E+2   -2.731500E+2   0.000000E+0   0.000000E+0   0.000000E+0   -9.499424E+2   -9.499424E+2   -1.447382E+3   -1.918153E+1   -1.447512E+0   -2.703381E-2   
1.698470E+3   -2.731500E+2   -2.731500E+2   -2.731500E+2   0.000000E+0   0.000000E+0   0.000000E+0   -1.000034E+3   -1.000034E+3   -1.523415E+3   -2.017367E+1   -1.523552E+0   -2.843220E-2   
1.707079E+3   -2.731500E+2   -2.731500E+2   -2.731500E+2   0.000000E+0   0.000000E+0   0.000000E+0   -1.100182E+3   -1.100182E+3   -1.675481E+3   -2.199270E+1   -1.675632E+0   -3.099609E-2   
1.714541E+3   -2.731500E+2   -2.731500E+2   -2.731500E+2   0.000000E+0   0.000000E+0   0.000000E+0   -1.200097E+3   -1.200097E+3   -1.826880E+3   -2.397698E+1   -1.827045E+0   -3.379288E-2   
1.722002E+3   -2.731500E+2   -2.731500E+2   -2.731500E+2   0.000000E+0   0.000000E+0   0.000000E+0   -1.300083E+3   -1.300083E+3   -1.977983E+3   -2.579592E+1   -1.978162E+0   -3.635664E-2   
1.729465E+3   -2.731500E+2   -2.731500E+2   -2.731500E+2   0.000000E+0   0.000000E+0   0.000000E+0   -1.400088E+3   -1.400088E+3   -2.128426E+3   -2.771407E+1   -2.128620E+0   -3.906022E-2   
1.736926E+3   -2.731500E+2   -2.731500E+2   -2.731500E+2   0.000000E+0   0.000000E+0   0.000000E+0   -1.500021E+3   -1.500021E+3   -2.277980E+3   -2.959915E+1   -2.278188E+0   -4.171719E-2   
1.744388E+3   -2.731500E+2   -2.731500E+2   -2.731500E+2   0.000000E+0   0.000000E+0   0.000000E+0   -1.600168E+3   -1.600168E+3   -2.426134E+3   -3.141809E+1   -2.426355E+0   -4.428095E-2   
1.751849E+3   -2.731500E+2   -2.731500E+2   -2.731500E+2   0.000000E+0   0.000000E+0   0.000000E+0   -1.699940E+3   -1.699940E+3   -2.570028E+3   -3.323704E+1   -2.570263E+0   -4.684471E-2   
1.759310E+3   -2.731500E+2   -2.731500E+2   -2.731500E+2   0.000000E+0   0.000000E+0   0.000000E+0   -1.800106E+3   -1.800106E+3   -2.707077E+3   -3.489058E+1   -2.707325E+0   -4.917533E-2   
1.766770E+3   -2.731500E+2   -2.731500E+2   -2.731500E+2   0.000000E+0   0.000000E+0   0.000000E+0   -1.900092E+3   -1.900092E+3   -2.831606E+3   -3.654420E+1   -2.831867E+0   -5.150606E-2   
1.774232E+3   -2.731500E+2   -2.731500E+2   -2.731500E+2   0.000000E+0   0.000000E+0   0.000000E+0   -1.999989E+3   -1.999989E+3   -2.942723E+3   -3.786708E+1   -2.942996E+0   -5.337062E-2   
1.781699E+3   -2.731500E+2   -2.731500E+2   -2.731500E+2   0.000000E+0   0.000000E+0   0.000000E+0   -2.100101E+3   -2.100101E+3   -3.038733E+3   -3.899148E+1   -3.039016E+0   -5.495542E-2   
1.789161E+3   -2.731500E+2   -2.731500E+2   -2.731500E+2   0.000000E+0   0.000000E+0   0.000000E+0   -2.200088E+3   -2.200088E+3   -3.112616E+3   -3.968602E+1   -3.112910E+0   -5.593436E-2   
1.796621E+3   -2.731500E+2   -2.731500E+2   -2.731500E+2   0.000000E+0   0.000000E+0   0.000000E+0   -2.300074E+3   -2.300074E+3   -3.157758E+3   -4.018209E+1   -3.158060E+0   -5.663353E-2   
1.804083E+3   -2.731500E+2   -2.731500E+2   -2.731500E+2   0.000000E+0   0.000000E+0   0.000000E+0   -2.400007E+3   -2.400007E+3   -3.179851E+3   -4.051275E+1   -3.180161E+0   -5.709956E-2   
1.811555E+3   -2.731500E+2   -2.731500E+2   -2.731500E+2   0.000000E+0   0.000000E+0   0.000000E+0   -2.500083E+3   -2.500083E+3   -3.190428E+3   -4.067816E+1   -3.190745E+0   -5.733268E-2   
1.819017E+3   -2.731500E+2   -2.731500E+2   -2.731500E+2   0.000000E+0   0.000000E+0   0.000000E+0   -2.600159E+3   -2.600159E+3   -3.196384E+3   -4.084349E+1   -3.196707E+0   -5.756569E-2   
1.826479E+3   -2.731500E+2   -2.731500E+2   -2.731500E+2   0.000000E+0   0.000000E+0   0.000000E+0   -2.699949E+3   -2.699949E+3   -3.199852E+3   -4.087655E+1   -3.200181E+0   -5.761226E-2   
1.833943E+3   -2.731500E+2   -2.731500E+2   -2.731500E+2   0.000000E+0   0.000000E+0   0.000000E+0   -2.800079E+3   -2.800079E+3   -3.202167E+3   -4.084349E+1   -3.202502E+0   -5.756563E-2   
1.841404E+3   -2.731500E+2   -2.731500E+2   -2.731500E+2   0.000000E+0   0.000000E+0   0.000000E+0   -2.900047E+3   -2.900047E+3   -3.203987E+3   -4.084349E+1   -3.204329E+0   -5.756561E-2   
1.848865E+3   -2.731500E+2   -2.731500E+2   -2.731500E+2   0.000000E+0   0.000000E+0   0.000000E+0   -3.000124E+3   -3.000124E+3   -3.205248E+3   -4.094268E+1   -3.205596E+0   -5.770540E-2   
1.856327E+3   -2.731500E+2   -2.731500E+2   -2.731500E+2   0.000000E+0   0.000000E+0   0.000000E+0   -3.099985E+3   -3.099985E+3   -3.206335E+3   -4.100882E+1   -3.206689E+0   -5.779858E-2   
1.863791E+3   -2.731500E+2   -2.731500E+2   -2.731500E+2   0.000000E+0   0.000000E+0   0.000000E+0   -3.200097E+3   -3.200097E+3   -3.207068E+3   -4.100882E+1   -3.207429E+0   -5.779856E-2   
1.871253E+3   -2.731500E+2   -2.731500E+2   -2.731500E+2   0.000000E+0   0.000000E+0   0.000000E+0   -3.299976E+3   -3.299976E+3   -3.207628E+3   -4.100882E+1   -3.207995E+0   -5.779853E-2   
1.878727E+3   -2.731500E+2   -2.731500E+2   -2.731500E+2   0.000000E+0   0.000000E+0   0.000000E+0   -3.400106E+3   -3.400106E+3   -3.208188E+3   -4.100882E+1   -3.208562E+0   -5.779850E-2   
1.886189E+3   -2.731500E+2   -2.731500E+2   -2.731500E+2   0.000000E+0   0.000000E+0   0.000000E+0   -3.500128E+3   -3.500128E+3   -3.208781E+3   -4.117423E+1   -3.209161E+0   -5.803163E-2   
1.893653E+3   -2.731500E+2   -2.731500E+2   -2.731500E+2   0.000000E+0   0.000000E+0   0.000000E+0   -3.600115E+3   -3.600115E+3   -3.208946E+3   -4.117423E+1   -3.209332E+0   -5.803160E-2   
1.901112E+3   -2.731500E+2   -2.731500E+2   -2.731500E+2   0.000000E+0   0.000000E+0   0.000000E+0   -3.700030E+3   -3.700030E+3   -3.209647E+3   -4.117423E+1   -3.210038E+0   -5.803157E-2   
1.908574E+3   -2.731500E+2   -2.731500E+2   -2.731500E+2   0.000000E+0   0.000000E+0   0.000000E+0   -3.799873E+3   -3.799873E+3   -3.209943E+3   -4.117423E+1   -3.210341E+0   -5.803155E-2   
1.916035E+3   -2.731500E+2   -2.731500E+2   -2.731500E+2   0.000000E+0   0.000000E+0   0.000000E+0   -3.900039E+3   -3.900039E+3   -3.210108E+3   -4.117423E+1   -3.210512E+0   -5.803152E-2   
1.923498E+3   -2.731500E+2   -2.731500E+2   -2.731500E+2   0.000000E+0   0.000000E+0   0.000000E+0   -4.000079E+3   -4.000079E+3   -3.210371E+3   -4.117423E+1   -3.210782E+0   -5.803150E-2   
1.930960E+3   -2.731500E+2   -2.731500E+2   -2.731500E+2   0.000000E+0   0.000000E+0   0.000000E+0   -4.100048E+3   -4.100048E+3   -3.210701E+3   -4.104190E+1   -3.211117E+0   -5.784495E-2   
1.938423E+3   -2.731500E+2   -2.731500E+2   -2.731500E+2   0.000000E+0   0.000000E+0   0.000000E+0   -4.200124E+3   -4.200124E+3   -3.211096E+3   -4.117423E+1   -3.211519E+0   -5.803144E-2   
1.945884E+3   -2.731500E+2   -2.731500E+2   -2.731500E+2   0.000000E+0   0.000000E+0   0.000000E+0   -4.300110E+3   -4.300110E+3   -3.211261E+3   -4.117423E+1   -3.211690E+0   -5.803142E-2   
1.953346E+3   -2.731500E+2   -2.731500E+2   -2.731500E+2   0.000000E+0   0.000000E+0   0.000000E+0   -4.400168E+3   -4.400168E+3   -3.211599E+3   -4.133956E+1   -3.212034E+0   -5.826442E-2   
1.960808E+3   -2.731500E+2   -2.731500E+2   -2.731500E+2   0.000000E+0   0.000000E+0   0.000000E+0   -4.500048E+3   -4.500048E+3   -3.211862E+3   -4.117423E+1   -3.212304E+0   -5.803137E-2   
1.968319E+3   -2.731500E+2   -2.731500E+2   -2.731500E+2   0.000000E+0   0.000000E+0   0.000000E+0   -4.600231E+3   -4.600231E+3   -3.212093E+3   -4.117423E+1   -3.212541E+0   -5.803134E-2   
1.975781E+3   -2.731500E+2   -2.731500E+2   -2.731500E+2   0.000000E+0   0.000000E+0   0.000000E+0   -4.700039E+3   -4.700039E+3   -3.212258E+3   -4.117423E+1   -3.212712E+0   -5.803131E-2   
1.983244E+3   -2.731500E+2   -2.731500E+2   -2.731500E+2   0.000000E+0   0.000000E+0   0.000000E+0   -4.800097E+3   -4.800097E+3   -3.212587E+3   -4.117423E+1   -3.213047E+0   -5.803129E-2   
1.990708E+3   -2.731500E+2   -2.731500E+2   -2.731500E+2   0.000000E+0   0.000000E+0   0.000000E+0   -4.900137E+3   -4.900137E+3   -3.212719E+3   -4.117423E+1   -3.213185E+0   -5.803126E-2   
1.998170E+3   -2.731500E+2   -2.731500E+2   -2.731500E+2   0.000000E+0   0.000000E+0   0.000000E+0   -5.000124E+3   -5.000124E+3   -3.212917E+3   -4.117423E+1   -3.213389E+0   -5.803123E-2   
2.005632E+3   -2.731500E+2   -2.731500E+2   -2.731500E+2   0.000000E+0   0.000000E+0   0.000000E+0   -5.100057E+3   -5.100057E+3   -3.213081E+3   -4.117423E+1   -3.213560E+0   -5.803121E-2   
2.013093E+3   -2.731500E+2   -2.731500E+2   -2.731500E+2   0.000000E+0   0.000000E+0   0.000000E+0   -5.200097E+3   -5.200097E+3   -3.213411E+3   -4.117423E+1   -3.213896E+0   -5.803118E-2   
2.020564E+3   -2.731500E+2   -2.731500E+2   -2.731500E+2   0.000000E+0   0.000000E+0   0.000000E+0   -5.300137E+3   -5.300137E+3   -3.213411E+3   -4.133956E+1   -3.213902E+0   -5.826418E-2   
2.028026E+3   -2.731500E+2   -2.731500E+2   -2.731500E+2   0.000000E+0   0.000000E+0   0.000000E+0   -5.400070E+3   -5.400070E+3   -3.213749E+3   -4.133956E+1   -3.214246E+0   -5.826416E-2   
2.035488E+3   -2.731500E+2   -2.731500E+2   -2.731500E+2   0.000000E+0   0.000000E+0   0.000000E+0   -5.500110E+3   -5.500110E+3   -3.213815E+3   -4.117423E+1   -3.214318E+0   -5.803110E-2   
2.042951E+3   -2.731500E+2   -2.731500E+2   -2.731500E+2   0.000000E+0   0.000000E+0   0.000000E+0   -5.600204E+3   -5.600204E+3   -3.213914E+3   -4.117423E+1   -3.214424E+0   -5.803108E-2   
2.050414E+3   -2.731500E+2   -2.731500E+2   -2.731500E+2   0.000000E+0   0.000000E+0   0.000000E+0   -5.700065E+3   -5.700065E+3   -3.214078E+3   -4.130649E+1   -3.214594E+0   -5.821747E-2   
2.057878E+3   -2.731500E+2   -2.731500E+2   -2.731500E+2   0.000000E+0   0.000000E+0   0.000000E+0   -5.800106E+3   -5.800106E+3   -3.214408E+3   -4.117423E+1   -3.214930E+0   -5.803103E-2   
2.065341E+3   -2.731500E+2   -2.731500E+2   -2.731500E+2   0.000000E+0   0.000000E+0   0.000000E+0   -5.900003E+3   -5.900003E+3   -3.214408E+3   -4.117423E+1   -3.214936E+0   -5.803100E-2   
2.072853E+3   -2.731500E+2   -2.731500E+2   -2.731500E+2   0.000000E+0   0.000000E+0   0.000000E+0   -6.000097E+3   -6.000097E+3   -3.214737E+3   -4.124036E+1   -3.215272E+0   -5.812418E-2   
2.080317E+3   -2.731500E+2   -2.731500E+2   -2.731500E+2   0.000000E+0   0.000000E+0   0.000000E+0   -6.100173E+3   -6.100173E+3   -3.214902E+3   -4.117423E+1   -3.215443E+0   -5.803095E-2   
2.087778E+3   -2.731500E+2   -2.731500E+2   -2.731500E+2   0.000000E+0   0.000000E+0   0.000000E+0   -6.200034E+3   -6.200034E+3   -3.215067E+3   -4.117423E+1   -3.215614E+0   -5.803092E-2   
2.095291E+3   -2.731500E+2   -2.731500E+2   -2.731500E+2   0.000000E+0   0.000000E+0   0.000000E+0   -6.300074E+3   -6.300074E+3   -3.215231E+3   -4.117423E+1   -3.215785E+0   -5.803090E-2   
2.102753E+3   -2.731500E+2   -2.731500E+2   -2.731500E+2   0.000000E+0   0.000000E+0   0.000000E+0   -6.400133E+3   -6.400133E+3   -3.215396E+3   -4.133956E+1   -3.215956E+0   -5.826390E-2   
2.110220E+3   -2.731500E+2   -2.731500E+2   -2.731500E+2   0.000000E+0   0.000000E+0   0.000000E+0   -6.499922E+3   -6.499922E+3   -3.215561E+3   -4.117423E+1   -3.216127E+0   -5.803084E-2   
2.117682E+3   -2.731500E+2   -2.731500E+2   -2.731500E+2   0.000000E+0   0.000000E+0   0.000000E+0   -6.600159E+3   -6.600159E+3   -3.215495E+3   -4.117423E+1   -3.216067E+0   -5.803082E-2   
2.125146E+3   -2.731500E+2   -2.731500E+2   -2.731500E+2   0.000000E+0   0.000000E+0   0.000000E+0   -6.700074E+3   -6.700074E+3   -3.215899E+3   -4.133956E+1   -3.216477E+0   -5.826382E-2   
2.132609E+3   -2.731500E+2   -2.731500E+2   -2.731500E+2   0.000000E+0   0.000000E+0   0.000000E+0   -6.800007E+3   -6.800007E+3   -3.215899E+3   -4.133956E+1   -3.216483E+0   -5.826379E-2   
2.140063E+3   -2.731500E+2   -2.731500E+2   -2.731500E+2   0.000000E+0   0.000000E+0   0.000000E+0   -6.899994E+3   -6.899994E+3   -3.216064E+3   -4.133956E+1   -3.216654E+0   -5.826377E-2   
2.147524E+3   -2.731500E+2   -2.731500E+2   -2.731500E+2   0.000000E+0   0.000000E+0   0.000000E+0   -7.000034E+3   -7.000034E+3   -3.216163E+3   -4.133956E+1   -3.216759E+0   -5.826374E-2   
2.154987E+3   -2.731500E+2   -2.731500E+2   -2.731500E+2   0.000000E+0   0.000000E+0   0.000000E+0   -7.100039E+3   -7.100039E+3   -3.216360E+3   -4.117423E+1   -3.216963E+0   -5.803069E-2   
2.162450E+3   -2.731500E+2   -2.731500E+2   -2.731500E+2   0.000000E+0   0.000000E+0   0.000000E+0   -7.199990E+3   -7.199990E+3   -3.216558E+3   -4.117423E+1   -3.217167E+0   -5.803066E-2   
2.169963E+3   -2.731500E+2   -2.731500E+2   -2.731500E+2   0.000000E+0   0.000000E+0   0.000000E+0   -7.300155E+3   -7.300155E+3   -3.216657E+3   -4.120730E+1   -3.217272E+0   -5.807724E-2   
2.177425E+3   -2.731500E+2   -2.731500E+2   -2.731500E+2   0.000000E+0   0.000000E+0   0.000000E+0   -7.400159E+3   -7.400159E+3   -3.216723E+3   -4.133956E+1   -3.217344E+0   -5.826364E-2   
2.184888E+3   -2.731500E+2   -2.731500E+2   -2.731500E+2   0.000000E+0   0.000000E+0   0.000000E+0   -7.500021E+3   -7.500021E+3   -3.216723E+3   -4.133956E+1   -3.217350E+0   -5.826361E-2   
2.192348E+3   -2.731500E+2   -2.731500E+2   -2.731500E+2   0.000000E+0   0.000000E+0   0.000000E+0   -7.599918E+3   -7.599918E+3   -3.216887E+3   -4.133956E+1   -3.217521E+0   -5.826358E-2   
2.199830E+3   -2.731500E+2   -2.731500E+2   -2.731500E+2   0.000000E+0   0.000000E+0   0.000000E+0   -7.700048E+3   -7.700048E+3   -3.217052E+3   -4.133956E+1   -3.217692E+0   -5.826356E-2   
2.207292E+3   -2.731500E+2   -2.731500E+2   -2.731500E+2   0.000000E+0   0.000000E+0   0.000000E+0   -7.800088E+3   -7.800088E+3   -3.217217E+3   -4.130649E+1   -3.217863E+0   -5.821693E-2   
2.214756E+3   -2.731500E+2   -2.731500E+2   -2.731500E+2   0.000000E+0   0.000000E+0   0.000000E+0   -7.899967E+3   -7.899967E+3   -3.217381E+3   -4.133956E+1   -3.218034E+0   -5.826350E-2   
2.222228E+3   -2.731500E+2   -2.731500E+2   -2.731500E+2   0.000000E+0   0.000000E+0   0.000000E+0   -8.000115E+3   -8.000115E+3   -3.217579E+3   -4.133956E+1   -3.218238E+0   -5.826348E-2   
2.230830E+3   -2.731500E+2   -2.731500E+2   -2.731500E+2   0.000000E+0   0.000000E+0   0.000000E+0   -7.899770E+3   -7.899770E+3   -3.217381E+3   -4.117423E+1   -3.218034E+0   -5.803048E-2   
2.238292E+3   -2.731500E+2   -2.731500E+2   -2.731500E+2   0.000000E+0   0.000000E+0   0.000000E+0   -7.799873E+3   -7.799873E+3   -3.217381E+3   -4.133956E+1   -3.218028E+0   -5.826353E-2   
2.245755E+3   -2.731500E+2   -2.731500E+2   -2.731500E+2   0.000000E+0   0.000000E+0   0.000000E+0   -7.700048E+3   -7.700048E+3   -3.217217E+3   -4.117423E+1   -3.217857E+0   -5.803053E-2   
2.253231E+3   -2.731500E+2   -2.731500E+2   -2.731500E+2   0.000000E+0   0.000000E+0   0.000000E+0   -7.599882E+3   -7.599882E+3   -3.217217E+3   -4.133956E+1   -3.217851E+0   -5.826358E-2   
2.260693E+3   -2.731500E+2   -2.731500E+2   -2.731500E+2   0.000000E+0   0.000000E+0   0.000000E+0   -7.499914E+3   -7.499914E+3   -3.217052E+3   -4.133956E+1   -3.217680E+0   -5.826361E-2   
2.268155E+3   -2.731500E+2   -2.731500E+2   -2.731500E+2   0.000000E+0   0.000000E+0   0.000000E+0   -7.400016E+3   -7.400016E+3   -3.216887E+3   -4.133956E+1   -3.217509E+0   -5.826364E-2   
2.275619E+3   -2.731500E+2   -2.731500E+2   -2.731500E+2   0.000000E+0   0.000000E+0   0.000000E+0   -7.300012E+3   -7.300012E+3   -3.216723E+3   -4.117423E+1   -3.217338E+0   -5.803063E-2   
2.283080E+3   -2.731500E+2   -2.731500E+2   -2.731500E+2   0.000000E+0   0.000000E+0   0.000000E+0   -7.199864E+3   -7.199864E+3   -3.216723E+3   -4.127343E+1   -3.217332E+0   -5.817048E-2   
2.290542E+3   -2.731500E+2   -2.731500E+2   -2.731500E+2   0.000000E+0   0.000000E+0   0.000000E+0   -7.099931E+3   -7.099931E+3   -3.216690E+3   -4.117423E+1   -3.217293E+0   -5.803069E-2   
2.298063E+3   -2.731500E+2   -2.731500E+2   -2.731500E+2   0.000000E+0   0.000000E+0   0.000000E+0   -6.999963E+3   -6.999963E+3   -3.216459E+3   -4.117423E+1   -3.217056E+0   -5.803071E-2   
2.305527E+3   -2.731500E+2   -2.731500E+2   -2.731500E+2   0.000000E+0   0.000000E+0   0.000000E+0   -6.899869E+3   -6.899869E+3   -3.216064E+3   -4.117423E+1   -3.216654E+0   -5.803074E-2   
2.313038E+3   -2.731500E+2   -2.731500E+2   -2.731500E+2   0.000000E+0   0.000000E+0   0.000000E+0   -6.799954E+3   -6.799954E+3   -3.216393E+3   -4.124036E+1   -3.216977E+0   -5.812398E-2   
2.320501E+3   -2.731500E+2   -2.731500E+2   -2.731500E+2   0.000000E+0   0.000000E+0   0.000000E+0   -6.699949E+3   -6.699949E+3   -3.216228E+3   -4.117423E+1   -3.216807E+0   -5.803079E-2   
2.327962E+3   -2.731500E+2   -2.731500E+2   -2.731500E+2   0.000000E+0   0.000000E+0   0.000000E+0   -6.599963E+3   -6.599963E+3   -3.216031E+3   -4.117423E+1   -3.216603E+0   -5.803082E-2   
2.335423E+3   -2.731500E+2   -2.731500E+2   -2.731500E+2   0.000000E+0   0.000000E+0   0.000000E+0   -6.499958E+3   -6.499958E+3   -3.215726E+3   -4.100882E+1   -3.216291E+0   -5.779769E-2   
2.342889E+3   -2.731500E+2   -2.731500E+2   -2.731500E+2   0.000000E+0   0.000000E+0   0.000000E+0   -6.399918E+3   -6.399918E+3   -3.215561E+3   -4.117423E+1   -3.216120E+0   -5.803087E-2   
2.350351E+3   -2.731500E+2   -2.731500E+2   -2.731500E+2   0.000000E+0   0.000000E+0   0.000000E+0   -6.300003E+3   -6.300003E+3   -3.215561E+3   -4.117423E+1   -3.216114E+0   -5.803090E-2   
2.357813E+3   -2.731500E+2   -2.731500E+2   -2.731500E+2   0.000000E+0   0.000000E+0   0.000000E+0   -6.199855E+3   -6.199855E+3   -3.215561E+3   -4.133956E+1   -3.216108E+0   -5.826395E-2   
2.365274E+3   -2.731500E+2   -2.731500E+2   -2.731500E+2   0.000000E+0   0.000000E+0   0.000000E+0   -6.099976E+3   -6.099976E+3   -3.215396E+3   -4.124036E+1   -3.215937E+0   -5.812416E-2   
2.372737E+3   -2.731500E+2   -2.731500E+2   -2.731500E+2   0.000000E+0   0.000000E+0   0.000000E+0   -5.999989E+3   -5.999989E+3   -3.215231E+3   -4.117423E+1   -3.215766E+0   -5.803097E-2   
2.380198E+3   -2.731500E+2   -2.731500E+2   -2.731500E+2   0.000000E+0   0.000000E+0   0.000000E+0   -5.899913E+3   -5.899913E+3   -3.215067E+3   -4.117423E+1   -3.215595E+0   -5.803100E-2   
2.387720E+3   -2.731500E+2   -2.731500E+2   -2.731500E+2   0.000000E+0   0.000000E+0   0.000000E+0   -5.799855E+3   -5.799855E+3   -3.214902E+3   -4.100882E+1   -3.215424E+0   -5.779788E-2   
2.395183E+3   -2.731500E+2   -2.731500E+2   -2.731500E+2   0.000000E+0   0.000000E+0   0.000000E+0   -5.699958E+3   -5.699958E+3   -3.214770E+3   -4.117423E+1   -3.215286E+0   -5.803105E-2   
2.402643E+3   -2.731500E+2   -2.731500E+2   -2.731500E+2   0.000000E+0   0.000000E+0   0.000000E+0   -5.600043E+3   -5.600043E+3   -3.214573E+3   -4.117423E+1   -3.215082E+0   -5.803108E-2   
2.410107E+3   -2.731500E+2   -2.731500E+2   -2.731500E+2   0.000000E+0   0.000000E+0   0.000000E+0   -5.499842E+3   -5.499842E+3   -3.214408E+3   -4.100882E+1   -3.214911E+0   -5.779795E-2   
2.417568E+3   -2.731500E+2   -2.731500E+2   -2.731500E+2   0.000000E+0   0.000000E+0   0.000000E+0   -5.400052E+3   -5.400052E+3   -3.214408E+3   -4.100882E+1   -3.214905E+0   -5.779798E-2   
2.425031E+3   -2.731500E+2   -2.731500E+2   -2.731500E+2   0.000000E+0   0.000000E+0   0.000000E+0   -5.300012E+3   -5.300012E+3   -3.214243E+3   -4.090962E+1   -3.214734E+0   -5.765819E-2   
2.432493E+3   -2.731500E+2   -2.731500E+2   -2.731500E+2   0.000000E+0   0.000000E+0   0.000000E+0   -5.199811E+3   -5.199811E+3   -3.214045E+3   -4.094268E+1   -3.214530E+0   -5.770482E-2   
2.439957E+3   -2.731500E+2   -2.731500E+2   -2.731500E+2   0.000000E+0   0.000000E+0   0.000000E+0   -5.100003E+3   -5.100003E+3   -3.213749E+3   -4.084349E+1   -3.214228E+0   -5.756503E-2   
2.447418E+3   -2.731500E+2   -2.731500E+2   -2.731500E+2   0.000000E+0   0.000000E+0   0.000000E+0   -5.000052E+3   -5.000052E+3   -3.213881E+3   -4.100882E+1   -3.214353E+0   -5.779809E-2   
2.454879E+3   -2.731500E+2   -2.731500E+2   -2.731500E+2   0.000000E+0   0.000000E+0   0.000000E+0   -4.899976E+3   -4.899976E+3   -3.213716E+3   -4.100882E+1   -3.214182E+0   -5.779811E-2   
2.462339E+3   -2.731500E+2   -2.731500E+2   -2.731500E+2   0.000000E+0   0.000000E+0   0.000000E+0   -4.799972E+3   -4.799972E+3   -3.213246E+3   -4.100882E+1   -3.213706E+0   -5.779814E-2   
2.469851E+3   -2.731500E+2   -2.731500E+2   -2.731500E+2   0.000000E+0   0.000000E+0   0.000000E+0   -4.699949E+3   -4.699949E+3   -3.213081E+3   -4.100882E+1   -3.213535E+0   -5.779816E-2   
2.477314E+3   -2.731500E+2   -2.731500E+2   -2.731500E+2   0.000000E+0   0.000000E+0   0.000000E+0   -4.599927E+3   -4.599927E+3   -3.213048E+3   -4.100882E+1   -3.213496E+0   -5.779819E-2   
2.484782E+3   -2.731500E+2   -2.731500E+2   -2.731500E+2   0.000000E+0   0.000000E+0   0.000000E+0   -4.499887E+3   -4.499887E+3   -3.212752E+3   -4.100882E+1   -3.213194E+0   -5.779822E-2   
2.492246E+3   -2.731500E+2   -2.731500E+2   -2.731500E+2   0.000000E+0   0.000000E+0   0.000000E+0   -4.400007E+3   -4.400007E+3   -3.212423E+3   -4.100882E+1   -3.212858E+0   -5.779824E-2   
2.499709E+3   -2.731500E+2   -2.731500E+2   -2.731500E+2   0.000000E+0   0.000000E+0   0.000000E+0   -4.299967E+3   -4.299967E+3   -3.212192E+3   -4.097575E+1   -3.212621E+0   -5.775166E-2   
2.507169E+3   -2.731500E+2   -2.731500E+2   -2.731500E+2   0.000000E+0   0.000000E+0   0.000000E+0   -4.200088E+3   -4.200088E+3   -3.212093E+3   -4.084349E+1   -3.212516E+0   -5.756527E-2   
2.514632E+3   -2.731500E+2   -2.731500E+2   -2.731500E+2   0.000000E+0   0.000000E+0   0.000000E+0   -4.099833E+3   -4.099833E+3   -3.211797E+3   -4.084349E+1   -3.212213E+0   -5.756529E-2   
2.522104E+3   -2.731500E+2   -2.731500E+2   -2.731500E+2   0.000000E+0   0.000000E+0   0.000000E+0   -3.999989E+3   -3.999989E+3   -3.211599E+3   -4.094268E+1   -3.212009E+0   -5.770514E-2   
2.529567E+3   -2.731500E+2   -2.731500E+2   -2.731500E+2   0.000000E+0   0.000000E+0   0.000000E+0   -3.900003E+3   -3.900003E+3   -3.211365E+3   -4.084349E+1   -3.211769E+0   -5.756535E-2   
2.537028E+3   -2.731500E+2   -2.731500E+2   -2.731500E+2   0.000000E+0   0.000000E+0   0.000000E+0   -3.799855E+3   -3.799855E+3   -3.210931E+3   -4.084349E+1   -3.211330E+0   -5.756537E-2   
2.544540E+3   -2.731500E+2   -2.731500E+2   -2.731500E+2   0.000000E+0   0.000000E+0   0.000000E+0   -3.699851E+3   -3.699851E+3   -3.210767E+3   -4.074429E+1   -3.211159E+0   -5.742558E-2   
2.552001E+3   -2.731500E+2   -2.731500E+2   -2.731500E+2   0.000000E+0   0.000000E+0   0.000000E+0   -3.599972E+3   -3.599972E+3   -3.210273E+3   -4.084349E+1   -3.210658E+0   -5.756542E-2   
2.559464E+3   -2.731500E+2   -2.731500E+2   -2.731500E+2   0.000000E+0   0.000000E+0   0.000000E+0   -3.499985E+3   -3.499985E+3   -3.209943E+3   -4.084349E+1   -3.210323E+0   -5.756545E-2   
2.566926E+3   -2.731500E+2   -2.731500E+2   -2.731500E+2   0.000000E+0   0.000000E+0   0.000000E+0   -3.399909E+3   -3.399909E+3   -3.209482E+3   -4.084349E+1   -3.209855E+0   -5.756548E-2   
2.574389E+3   -2.731500E+2   -2.731500E+2   -2.731500E+2   0.000000E+0   0.000000E+0   0.000000E+0   -3.299797E+3   -3.299797E+3   -3.208847E+3   -4.090962E+1   -3.209214E+0   -5.765871E-2   
2.581857E+3   -2.731500E+2   -2.731500E+2   -2.731500E+2   0.000000E+0   0.000000E+0   0.000000E+0   -3.199936E+3   -3.199936E+3   -3.208287E+3   -4.084349E+1   -3.208648E+0   -5.756553E-2   
2.589338E+3   -2.731500E+2   -2.731500E+2   -2.731500E+2   0.000000E+0   0.000000E+0   0.000000E+0   -3.099878E+3   -3.099878E+3   -3.207628E+3   -4.084349E+1   -3.207983E+0   -5.756555E-2   
2.596800E+3   -2.731500E+2   -2.731500E+2   -2.731500E+2   0.000000E+0   0.000000E+0   0.000000E+0   -2.999963E+3   -2.999963E+3   -3.206467E+3   -4.084349E+1   -3.206815E+0   -5.756558E-2   
2.604263E+3   -2.731500E+2   -2.731500E+2   -2.731500E+2   0.000000E+0   0.000000E+0   0.000000E+0   -2.899904E+3   -2.899904E+3   -3.205215E+3   -4.074429E+1   -3.205557E+0   -5.742579E-2   
2.611727E+3   -2.731500E+2   -2.731500E+2   -2.731500E+2   0.000000E+0   0.000000E+0   0.000000E+0   -2.800025E+3   -2.800025E+3   -3.203328E+3   -4.064508E+1   -3.203664E+0   -5.728598E-2   
2.619201E+3   -2.731500E+2   -2.731500E+2   -2.731500E+2   0.000000E+0   0.000000E+0   0.000000E+0   -2.699770E+3   -2.699770E+3   -3.201145E+3   -4.081042E+1   -3.201475E+0   -5.751905E-2   
2.626714E+3   -2.731500E+2   -2.731500E+2   -2.731500E+2   0.000000E+0   0.000000E+0   0.000000E+0   -2.599980E+3   -2.599980E+3   -3.197537E+3   -4.067816E+1   -3.197860E+0   -5.733266E-2   
2.634175E+3   -2.731500E+2   -2.731500E+2   -2.731500E+2   0.000000E+0   0.000000E+0   0.000000E+0   -2.499976E+3   -2.499976E+3   -3.191590E+3   -4.051275E+1   -3.191906E+0   -5.709953E-2   
2.641636E+3   -2.731500E+2   -2.731500E+2   -2.731500E+2   0.000000E+0   0.000000E+0   0.000000E+0   -2.399882E+3   -2.399882E+3   -3.180840E+3   -4.024822E+1   -3.181149E+0   -5.672672E-2   
2.649097E+3   -2.731500E+2   -2.731500E+2   -2.731500E+2   0.000000E+0   0.000000E+0   0.000000E+0   -2.299842E+3   -2.299842E+3   -3.159010E+3   -4.018209E+1   -3.159312E+0   -5.663353E-2   
2.656561E+3   -2.731500E+2   -2.731500E+2   -2.731500E+2   0.000000E+0   0.000000E+0   0.000000E+0   -2.199980E+3   -2.199980E+3   -3.113901E+3   -3.952061E+1   -3.114195E+0   -5.570121E-2   
2.664022E+3   -2.731500E+2   -2.731500E+2   -2.731500E+2   0.000000E+0   0.000000E+0   0.000000E+0   -2.100012E+3   -2.100012E+3   -3.040454E+3   -3.869380E+1   -3.040738E+0   -5.453585E-2   
2.671484E+3   -2.731500E+2   -2.731500E+2   -2.731500E+2   0.000000E+0   0.000000E+0   0.000000E+0   -1.999954E+3   -1.999954E+3   -2.945367E+3   -3.770166E+1   -2.945640E+0   -5.313747E-2   
2.678946E+3   -2.731500E+2   -2.731500E+2   -2.731500E+2   0.000000E+0   0.000000E+0   0.000000E+0   -1.899842E+3   -1.899842E+3   -2.835337E+3   -3.637887E+1   -2.835598E+0   -5.127303E-2   
2.686408E+3   -2.731500E+2   -2.731500E+2   -2.731500E+2   0.000000E+0   0.000000E+0   0.000000E+0   -1.800070E+3   -1.800070E+3   -2.712877E+3   -3.489058E+1   -2.713126E+0   -4.917533E-2   
2.693871E+3   -2.731500E+2   -2.731500E+2   -2.731500E+2   0.000000E+0   0.000000E+0   0.000000E+0   -1.699815E+3   -1.699815E+3   -2.577409E+3   -3.323704E+1   -2.577644E+0   -4.684471E-2   
2.701334E+3   -2.731500E+2   -2.731500E+2   -2.731500E+2   0.000000E+0   0.000000E+0   0.000000E+0   -1.599918E+3   -1.599918E+3   -2.433113E+3   -3.141809E+1   -2.433334E+0   -4.428095E-2   
2.708796E+3   -2.731500E+2   -2.731500E+2   -2.731500E+2   0.000000E+0   0.000000E+0   0.000000E+0   -1.499895E+3   -1.499895E+3   -2.284925E+3   -2.959915E+1   -2.285132E+0   -4.171719E-2   
2.716261E+3   -2.731500E+2   -2.731500E+2   -2.731500E+2   0.000000E+0   0.000000E+0   0.000000E+0   -1.400088E+3   -1.400088E+3   -2.135272E+3   -2.761487E+1   -2.135465E+0   -3.892040E-2   
2.723722E+3   -2.731500E+2   -2.731500E+2   -2.731500E+2   0.000000E+0   0.000000E+0   0.000000E+0   -1.299904E+3   -1.299904E+3   -1.984301E+3   -2.572979E+1   -1.984481E+0   -3.626343E-2   
2.731184E+3   -2.731500E+2   -2.731500E+2   -2.731500E+2   0.000000E+0   0.000000E+0   0.000000E+0   -1.199954E+3   -1.199954E+3   -1.833166E+3   -2.381165E+1   -1.833331E+0   -3.355985E-2   
2.738645E+3   -2.731500E+2   -2.731500E+2   -2.731500E+2   0.000000E+0   0.000000E+0   0.000000E+0   -1.100110E+3   -1.100110E+3   -1.681997E+3   -2.192657E+1   -1.682149E+0   -3.090288E-2   
2.746108E+3   -2.731500E+2   -2.731500E+2   -2.731500E+2   0.000000E+0   0.000000E+0   0.000000E+0   -9.999625E+2   -9.999625E+2   -1.530030E+3   -2.000834E+1   -1.530167E+0   -2.819918E-2   
2.754808E+3   -2.731500E+2   -2.731500E+2   -2.731500E+2   0.000000E+0   0.000000E+0   0.000000E+0   -9.499781E+2   -9.499781E+2   -1.453997E+3   -1.908233E+1   -1.454127E+0   -2.689399E-2   
2.762170E+3   -2.731500E+2   -2.731500E+2   -2.731500E+2   0.000000E+0   0.000000E+0   0.000000E+0   -8.998865E+2   -8.998865E+2   -1.378104E+3   -1.818939E+1   -1.378227E+0   -2.563541E-2   
2.769633E+3   -2.731500E+2   -2.731500E+2   -2.731500E+2   0.000000E+0   0.000000E+0   0.000000E+0   -8.499558E+2   -8.499558E+2   -1.301864E+3   -1.719725E+1   -1.301980E+0   -2.423702E-2   
2.777095E+3   -2.731500E+2   -2.731500E+2   -2.731500E+2   0.000000E+0   0.000000E+0   0.000000E+0   -8.000251E+2   -8.000251E+2   -1.226127E+3   -1.603979E+1   -1.226236E+0   -2.260560E-2   
2.784560E+3   -2.731500E+2   -2.731500E+2   -2.731500E+2   0.000000E+0   0.000000E+0   0.000000E+0   -7.499334E+2   -7.499334E+2   -1.149905E+3   -1.521298E+1   -1.150007E+0   -2.144023E-2   
2.792024E+3   -2.731500E+2   -2.731500E+2   -2.731500E+2   0.000000E+0   0.000000E+0   0.000000E+0   -6.999848E+2   -6.999848E+2   -1.073839E+3   -1.422084E+1   -1.073934E+0   -2.004184E-2   
2.799494E+3   -2.731500E+2   -2.731500E+2   -2.731500E+2   0.000000E+0   0.000000E+0   0.000000E+0   -6.499111E+2   -6.499111E+2   -9.975751E+2   -1.322870E+1   -9.976630E-1   -1.864344E-2   
2.806955E+3   -2.731500E+2   -2.731500E+2   -2.731500E+2   0.000000E+0   0.000000E+0   0.000000E+0   -5.998909E+2   -5.998909E+2   -9.213771E+2   -1.223657E+1   -9.214579E-1   -1.724505E-2   
2.814415E+3   -2.731500E+2   -2.731500E+2   -2.731500E+2   0.000000E+0   0.000000E+0   0.000000E+0   -5.499423E+2   -5.499423E+2   -8.451479E+2   -1.140976E+1   -8.452217E-1   -1.607968E-2   
2.821877E+3   -2.731500E+2   -2.731500E+2   -2.731500E+2   0.000000E+0   0.000000E+0   0.000000E+0   -4.999222E+2   -4.999222E+2   -7.689179E+2   -1.041753E+1   -7.689846E-1   -1.468116E-2   
2.829339E+3   -2.731500E+2   -2.731500E+2   -2.731500E+2   0.000000E+0   0.000000E+0   0.000000E+0   -4.498663E+2   -4.498663E+2   -6.926878E+2   -9.260066E+0   -6.927475E-1   -1.304974E-2   
2.836802E+3   -2.731500E+2   -2.731500E+2   -2.731500E+2   0.000000E+0   0.000000E+0   0.000000E+0   -4.000787E+2   -4.000787E+2   -6.165220E+2   -8.267920E+0   -6.165745E-1   -1.165133E-2   
2.844265E+3   -2.731500E+2   -2.731500E+2   -2.731500E+2   0.000000E+0   0.000000E+0   0.000000E+0   -3.500407E+2   -3.500407E+2   -5.401929E+2   -7.275774E+0   -5.402384E-1   -1.025293E-2   
2.851734E+3   -2.731500E+2   -2.731500E+2   -2.731500E+2   0.000000E+0   0.000000E+0   0.000000E+0   -2.999848E+2   -2.999848E+2   -4.636657E+2   -6.283628E+0   -4.637041E-1   -8.854520E-3   
2.859196E+3   -2.731500E+2   -2.731500E+2   -2.731500E+2   0.000000E+0   0.000000E+0   0.000000E+0   -2.499647E+2   -2.499647E+2   -3.871044E+2   -5.291481E+0   -3.871358E-1   -7.456113E-3   
2.866659E+3   -2.731500E+2   -2.731500E+2   -2.731500E+2   0.000000E+0   0.000000E+0   0.000000E+0   -2.000161E+2   -2.000161E+2   -3.107079E+2   -4.299318E+0   -3.107322E-1   -6.057682E-3   
2.874120E+3   -2.731500E+2   -2.731500E+2   -2.731500E+2   0.000000E+0   0.000000E+0   0.000000E+0   -1.499066E+2   -1.499066E+2   -2.341145E+2   -3.307172E+0   -2.341317E-1   -4.659275E-3   
2.881582E+3   -2.731500E+2   -2.731500E+2   -2.731500E+2   0.000000E+0   0.000000E+0   0.000000E+0   -1.000116E+2   -1.000116E+2   -1.575864E+2   -2.315017E+0   -1.575965E-1   -3.260856E-3   
2.890034E+3   -2.731500E+2   -2.731500E+2   -2.731500E+2   0.000000E+0   0.000000E+0   0.000000E+0   -8.996111E+1   -8.996111E+1   -1.421753E+2   -1.984301E+0   -1.421840E-1   -2.794719E-3   
2.897407E+3   -2.731500E+2   -2.731500E+2   -2.731500E+2   0.000000E+0   0.000000E+0   0.000000E+0   -8.000000E+1   -8.000000E+1   -1.269952E+2   -1.818948E+0   -1.270025E-1   -2.561658E-3   
2.904769E+3   -2.731500E+2   -2.731500E+2   -2.731500E+2   0.000000E+0   0.000000E+0   0.000000E+0   -7.005678E+1   -7.005678E+1   -1.117828E+2   -1.521303E+0   -1.117887E-1   -2.142133E-3   
2.912179E+3   -2.731500E+2   -2.731500E+2   -2.731500E+2   0.000000E+0   0.000000E+0   0.000000E+0   -5.991684E+1   -5.991684E+1   -9.623839E+1   -1.322870E+0   -9.624284E-2   -1.862447E-3   
2.919541E+3   -2.731500E+2   -2.731500E+2   -2.731500E+2   0.000000E+0   0.000000E+0   0.000000E+0   -5.008092E+1   -5.008092E+1   -8.102558E+1   -1.157508E+0   -8.102863E-2   -1.629373E-3   
2.926952E+3   -2.731500E+2   -2.731500E+2   -2.731500E+2   0.000000E+0   0.000000E+0   0.000000E+0   -3.994099E+1   -3.994099E+1   -6.548195E+1   -9.921549E-1   -6.548356E-2   -1.396312E-3   
2.934314E+3   -2.731500E+2   -2.731500E+2   -2.731500E+2   0.000000E+0   0.000000E+0   0.000000E+0   -3.003353E+1   -3.003353E+1   -5.026906E+1   -8.267929E-1   -5.026927E-2   -1.163239E-3   
2.941726E+3   -2.731500E+2   -2.731500E+2   -2.731500E+2   0.000000E+0   0.000000E+0   0.000000E+0   -1.980418E+1   -1.980418E+1   -3.455992E+1   -4.960757E-1   -3.455868E-2   -6.970989E-4   
2.949088E+3   -2.731500E+2   -2.731500E+2   -2.731500E+2   0.000000E+0   0.000000E+0   0.000000E+0   -1.002191E+1   -1.002191E+1   -1.951227E+1   -3.307180E-1   -1.950964E-2   -4.640315E-4   
2.956499E+3   -2.731500E+2   -2.731500E+2   -2.731500E+2   0.000000E+0   0.000000E+0   0.000000E+0   -7.868740E-2   -7.868740E-2   -4.299318E+0   0.000000E+0   -4.295282E-3   2.109530E-6   
2.963863E+3   -2.731500E+2   -2.731500E+2   -2.731500E+2   0.000000E+0   0.000000E+0   0.000000E+0   1.015067E+1   1.015067E+1   1.140976E+1   0.000000E+0   1.141524E-2   2.106857E-6   
2.971226E+3   -2.731500E+2   -2.731500E+2   -2.731500E+2   0.000000E+0   0.000000E+0   0.000000E+0   1.991505E+1   1.991505E+1   2.645741E+1   3.307180E-1   2.646428E-2   4.682479E-4   
2.978637E+3   -2.731500E+2   -2.731500E+2   -2.731500E+2   0.000000E+0   0.000000E+0   0.000000E+0   3.005499E+1   3.005499E+1   4.216637E+1   4.960757E-1   4.217469E-2   7.013153E-4   
2.985950E+3   -2.731500E+2   -2.731500E+2   -2.731500E+2   0.000000E+0   0.000000E+0   0.000000E+0   3.992668E+1   3.992668E+1   5.721402E+1   8.267929E-1   5.722373E-2   1.167455E-3   
2.993361E+3   -2.731500E+2   -2.731500E+2   -2.731500E+2   0.000000E+0   0.000000E+0   0.000000E+0   5.008450E+1   5.008450E+1   7.275765E+1   9.921549E-1   7.276880E-2   1.400529E-3   
3.000724E+3   -2.731500E+2   -2.731500E+2   -2.731500E+2   0.000000E+0   0.000000E+0   0.000000E+0   5.992042E+1   5.992042E+1   8.797115E+1   1.157508E+0   8.798370E-2   1.633590E-3   
3.008136E+3   -2.731500E+2   -2.731500E+2   -2.731500E+2   0.000000E+0   0.000000E+0   0.000000E+0   7.007824E+1   7.007824E+1   1.035147E+2   1.322870E+0   1.035287E-1   1.866663E-3   
3.015511E+3   -2.731500E+2   -2.731500E+2   -2.731500E+2   0.000000E+0   0.000000E+0   0.000000E+0   8.000358E+1   8.000358E+1   1.188927E+2   1.488232E+0   1.189081E-1   2.099737E-3   
3.022870E+3   -2.731500E+2   -2.731500E+2   -2.731500E+2   0.000000E+0   0.000000E+0   0.000000E+0   8.994680E+1   8.994680E+1   1.339403E+2   1.818948E+0   1.339571E-1   2.565874E-3   
3.030286E+3   -2.731500E+2   -2.731500E+2   -2.731500E+2   0.000000E+0   0.000000E+0   0.000000E+0   1.001225E+2   1.001225E+2   1.496494E+2   1.984301E+0   1.496677E-1   2.798935E-3   
3.038836E+3   -2.731500E+2   -2.731500E+2   -2.731500E+2   0.000000E+0   0.000000E+0   0.000000E+0   1.499638E+2   1.499638E+2   2.263763E+2   3.141818E+0   2.264016E-1   4.430430E-3   
3.046298E+3   -2.731500E+2   -2.731500E+2   -2.731500E+2   0.000000E+0   0.000000E+0   0.000000E+0   2.000018E+2   2.000018E+2   3.029366E+2   4.133956E+0   3.029690E-1   5.828825E-3   
3.053759E+3   -2.731500E+2   -2.731500E+2   -2.731500E+2   0.000000E+0   0.000000E+0   0.000000E+0   2.500756E+2   2.500756E+2   3.795309E+2   5.126102E+0   3.795704E-1   7.227232E-3   
3.061222E+3   -2.731500E+2   -2.731500E+2   -2.731500E+2   0.000000E+0   0.000000E+0   0.000000E+0   2.999526E+2   2.999526E+2   4.558935E+2   6.118274E+0   4.559400E-1   8.625675E-3   
3.068684E+3   -2.731500E+2   -2.731500E+2   -2.731500E+2   0.000000E+0   0.000000E+0   0.000000E+0   3.501516E+2   3.501516E+2   5.326194E+2   7.110420E+0   5.326731E-1   1.002408E-2   
3.076145E+3   -2.731500E+2   -2.731500E+2   -2.731500E+2   0.000000E+0   0.000000E+0   0.000000E+0   4.000286E+2   4.000286E+2   6.088494E+2   7.937205E+0   6.089102E-1   1.118941E-2   
3.083605E+3   -2.731500E+2   -2.731500E+2   -2.731500E+2   0.000000E+0   0.000000E+0   0.000000E+0   4.502097E+2   4.502097E+2   6.855449E+2   9.094739E+0   6.856127E-1   1.282093E-2   
3.091066E+3   -2.731500E+2   -2.731500E+2   -2.731500E+2   0.000000E+0   0.000000E+0   0.000000E+0   4.999973E+2   4.999973E+2   7.616425E+2   1.008688E+1   7.617173E-1   1.421933E-2   
3.098538E+3   -2.731500E+2   -2.731500E+2   -2.731500E+2   0.000000E+0   0.000000E+0   0.000000E+0   5.501069E+2   5.501069E+2   8.382028E+2   1.107901E+1   8.382847E-1   1.561772E-2   
3.106001E+3   -2.731500E+2   -2.731500E+2   -2.731500E+2   0.000000E+0   0.000000E+0   0.000000E+0   5.999839E+2   5.999839E+2   9.144329E+2   1.207115E+1   9.145218E-1   1.701612E-2   
3.113462E+3   -2.731500E+2   -2.731500E+2   -2.731500E+2   0.000000E+0   0.000000E+0   0.000000E+0   6.499862E+2   6.499862E+2   9.908285E+2   1.303022E+1   9.909245E-1   1.836791E-2   
3.120924E+3   -2.731500E+2   -2.731500E+2   -2.731500E+2   0.000000E+0   0.000000E+0   0.000000E+0   7.001494E+2   7.001494E+2   1.067389E+3   1.389010E+1   1.067492E+0   1.957988E-2   
3.128386E+3   -2.731500E+2   -2.731500E+2   -2.731500E+2   0.000000E+0   0.000000E+0   0.000000E+0   7.501337E+2   7.501337E+2   1.143620E+3   1.488224E+1   1.143730E+0   2.097827E-2   
3.135848E+3   -2.731500E+2   -2.731500E+2   -2.731500E+2   0.000000E+0   0.000000E+0   0.000000E+0   8.001181E+2   8.001181E+2   1.220015E+3   1.587437E+1   1.220133E+0   2.237667E-2   
3.143309E+3   -2.731500E+2   -2.731500E+2   -2.731500E+2   0.000000E+0   0.000000E+0   0.000000E+0   8.501024E+2   8.501024E+2   1.296082E+3   1.703193E+1   1.296206E+0   2.400821E-2   
3.150771E+3   -2.731500E+2   -2.731500E+2   -2.731500E+2   0.000000E+0   0.000000E+0   0.000000E+0   9.000331E+2   9.000331E+2   1.372312E+3   1.785874E+1   1.372444E+0   2.517358E-2   
3.158231E+3   -2.731500E+2   -2.731500E+2   -2.731500E+2   0.000000E+0   0.000000E+0   0.000000E+0   9.501248E+2   9.501248E+2   1.448576E+3   1.885087E+1   1.448715E+0   2.657197E-2   
3.165702E+3   -2.731500E+2   -2.731500E+2   -2.731500E+2   0.000000E+0   0.000000E+0   0.000000E+0   1.000002E+3   1.000002E+3   1.524610E+3   1.967760E+1   1.524755E+0   2.773722E-2   
3.174253E+3   -2.731500E+2   -2.731500E+2   -2.731500E+2   0.000000E+0   0.000000E+0   0.000000E+0   1.100167E+3   1.100167E+3   1.677063E+3   2.166205E+1   1.677222E+0   3.053425E-2   
3.181716E+3   -2.731500E+2   -2.731500E+2   -2.731500E+2   0.000000E+0   0.000000E+0   0.000000E+0   1.200082E+3   1.200082E+3   1.829063E+3   2.348091E+1   1.829237E+0   3.309789E-2   
3.189178E+3   -2.731500E+2   -2.731500E+2   -2.731500E+2   0.000000E+0   0.000000E+0   0.000000E+0   1.300123E+3   1.300123E+3   1.980561E+3   2.546527E+1   1.980749E+0   3.589480E-2   
3.196641E+3   -2.731500E+2   -2.731500E+2   -2.731500E+2   0.000000E+0   0.000000E+0   0.000000E+0   1.400109E+3   1.400109E+3   2.131870E+3   2.744954E+1   2.132072E+0   3.869159E-2   
3.204100E+3   -2.731500E+2   -2.731500E+2   -2.731500E+2   0.000000E+0   0.000000E+0   0.000000E+0   1.500221E+3   1.500221E+3   2.282107E+3   2.940075E+1   2.282323E+0   4.144178E-2   
3.211564E+3   -2.731500E+2   -2.731500E+2   -2.731500E+2   0.000000E+0   0.000000E+0   0.000000E+0   1.599993E+3   1.599993E+3   2.430269E+3   3.108735E+1   2.430499E+0   4.381899E-2   
3.219024E+3   -2.731500E+2   -2.731500E+2   -2.731500E+2   0.000000E+0   0.000000E+0   0.000000E+0   1.700051E+3   1.700051E+3   2.575128E+3   3.290630E+1   2.575371E+0   4.638276E-2   
3.226486E+3   -2.731500E+2   -2.731500E+2   -2.731500E+2   0.000000E+0   0.000000E+0   0.000000E+0   1.800163E+3   1.800163E+3   2.712054E+3   3.455992E+1   2.712310E+0   4.871349E-2   
3.233948E+3   -2.731500E+2   -2.731500E+2   -2.731500E+2   0.000000E+0   0.000000E+0   0.000000E+0   1.900006E+3   1.900006E+3   2.836565E+3   3.604813E+1   2.836835E+0   5.081108E-2   
3.241417E+3   -2.731500E+2   -2.731500E+2   -2.731500E+2   0.000000E+0   0.000000E+0   0.000000E+0   2.000047E+3   2.000047E+3   2.947682E+3   3.753633E+1   2.947963E+0   5.290866E-2   
3.248879E+3   -2.731500E+2   -2.731500E+2   -2.731500E+2   0.000000E+0   0.000000E+0   0.000000E+0   2.100176E+3   2.100176E+3   3.043494E+3   3.852847E+1   3.043787E+0   5.430704E-2   
3.256342E+3   -2.731500E+2   -2.731500E+2   -2.731500E+2   0.000000E+0   0.000000E+0   0.000000E+0   2.200145E+3   2.200145E+3   3.116746E+3   3.935528E+1   3.117049E+0   5.547240E-2   
3.263803E+3   -2.731500E+2   -2.731500E+2   -2.731500E+2   0.000000E+0   0.000000E+0   0.000000E+0   2.300132E+3   2.300132E+3   3.160666E+3   3.985135E+1   3.160977E+0   5.617158E-2   
3.271265E+3   -2.731500E+2   -2.731500E+2   -2.731500E+2   0.000000E+0   0.000000E+0   0.000000E+0   2.400011E+3   2.400011E+3   3.182166E+3   4.001668E+1   3.182484E+0   5.640458E-2   
3.278727E+3   -2.731500E+2   -2.731500E+2   -2.731500E+2   0.000000E+0   0.000000E+0   0.000000E+0   2.500266E+3   2.500266E+3   3.192249E+3   4.008284E+1   3.192574E+0   5.649781E-2   
3.286201E+3   -2.731500E+2   -2.731500E+2   -2.731500E+2   0.000000E+0   0.000000E+0   0.000000E+0   2.600073E+3   2.600073E+3   3.197974E+3   4.018209E+1   3.198306E+0   5.663767E-2   
3.293661E+3   -2.731500E+2   -2.731500E+2   -2.731500E+2   0.000000E+0   0.000000E+0   0.000000E+0   2.700024E+3   2.700024E+3   3.201508E+3   4.034742E+1   3.201846E+0   5.687067E-2   
3.301122E+3   -2.731500E+2   -2.731500E+2   -2.731500E+2   0.000000E+0   0.000000E+0   0.000000E+0   2.800225E+3   2.800225E+3   3.203822E+3   4.034742E+1   3.204167E+0   5.687065E-2   
3.308583E+3   -2.731500E+2   -2.731500E+2   -2.731500E+2   0.000000E+0   0.000000E+0   0.000000E+0   2.900123E+3   2.900123E+3   3.205379E+3   4.051275E+1   3.205730E+0   5.710365E-2   
3.316046E+3   -2.731500E+2   -2.731500E+2   -2.731500E+2   0.000000E+0   0.000000E+0   0.000000E+0   3.000181E+3   3.000181E+3   3.206598E+3   4.051275E+1   3.206955E+0   5.710362E-2   
3.323507E+3   -2.731500E+2   -2.731500E+2   -2.731500E+2   0.000000E+0   0.000000E+0   0.000000E+0   3.099935E+3   3.099935E+3   3.207464E+3   4.051275E+1   3.207827E+0   5.710360E-2   
3.330968E+3   -2.731500E+2   -2.731500E+2   -2.731500E+2   0.000000E+0   0.000000E+0   0.000000E+0   3.200243E+3   3.200243E+3   3.208419E+3   4.051275E+1   3.208788E+0   5.710357E-2   
3.338429E+3   -2.731500E+2   -2.731500E+2   -2.731500E+2   0.000000E+0   0.000000E+0   0.000000E+0   3.299997E+3   3.299997E+3   3.208981E+3   4.051275E+1   3.209356E+0   5.710354E-2   
3.345889E+3   -2.731500E+2   -2.731500E+2   -2.731500E+2   0.000000E+0   0.000000E+0   0.000000E+0   3.400127E+3   3.400127E+3   3.209515E+3   4.051275E+1   3.209897E+0   5.710352E-2   
3.353350E+3   -2.731500E+2   -2.731500E+2   -2.731500E+2   0.000000E+0   0.000000E+0   0.000000E+0   3.500060E+3   3.500060E+3   3.209811E+3   4.051275E+1   3.210199E+0   5.710349E-2   
3.360812E+3   -2.731500E+2   -2.731500E+2   -2.731500E+2   0.000000E+0   0.000000E+0   0.000000E+0   3.600172E+3   3.600172E+3   3.210404E+3   4.051275E+1   3.210799E+0   5.710347E-2   
3.368273E+3   -2.731500E+2   -2.731500E+2   -2.731500E+2   0.000000E+0   0.000000E+0   0.000000E+0   3.699980E+3   3.699980E+3   3.210767E+3   4.054583E+1   3.211167E+0   5.715007E-2   
3.375737E+3   -2.731500E+2   -2.731500E+2   -2.731500E+2   0.000000E+0   0.000000E+0   0.000000E+0   3.800073E+3   3.800073E+3   3.211096E+3   4.051275E+1   3.211503E+0   5.710341E-2   
3.383209E+3   -2.731500E+2   -2.731500E+2   -2.731500E+2   0.000000E+0   0.000000E+0   0.000000E+0   3.900132E+3   3.900132E+3   3.211434E+3   4.067816E+1   3.211847E+0   5.733654E-2   
3.390671E+3   -2.731500E+2   -2.731500E+2   -2.731500E+2   0.000000E+0   0.000000E+0   0.000000E+0   4.000082E+3   4.000082E+3   3.211599E+3   4.051275E+1   3.212018E+0   5.710336E-2   
3.398132E+3   -2.731500E+2   -2.731500E+2   -2.731500E+2   0.000000E+0   0.000000E+0   0.000000E+0   4.100051E+3   4.100051E+3   3.211928E+3   4.067816E+1   3.212354E+0   5.733649E-2   
3.405593E+3   -2.731500E+2   -2.731500E+2   -2.731500E+2   0.000000E+0   0.000000E+0   0.000000E+0   4.200145E+3   4.200145E+3   3.212357E+3   4.067816E+1   3.212788E+0   5.733646E-2   
3.413054E+3   -2.731500E+2   -2.731500E+2   -2.731500E+2   0.000000E+0   0.000000E+0   0.000000E+0   4.300203E+3   4.300203E+3   3.212423E+3   4.067816E+1   3.212860E+0   5.733643E-2   
3.420517E+3   -2.731500E+2   -2.731500E+2   -2.731500E+2   0.000000E+0   0.000000E+0   0.000000E+0   4.400029E+3   4.400029E+3   3.212752E+3   4.067816E+1   3.213196E+0   5.733641E-2   
3.427975E+3   -2.731500E+2   -2.731500E+2   -2.731500E+2   0.000000E+0   0.000000E+0   0.000000E+0   4.500176E+3   4.500176E+3   3.213081E+3   4.051275E+1   3.213532E+0   5.710323E-2   
3.435437E+3   -2.731500E+2   -2.731500E+2   -2.731500E+2   0.000000E+0   0.000000E+0   0.000000E+0   4.600127E+3   4.600127E+3   3.213081E+3   4.051275E+1   3.213538E+0   5.710321E-2   
3.442898E+3   -2.731500E+2   -2.731500E+2   -2.731500E+2   0.000000E+0   0.000000E+0   0.000000E+0   4.700239E+3   4.700239E+3   3.213617E+3   4.064508E+1   3.214080E+0   5.728970E-2   
3.450360E+3   -2.731500E+2   -2.731500E+2   -2.731500E+2   0.000000E+0   0.000000E+0   0.000000E+0   4.799957E+3   4.799957E+3   3.213749E+3   4.071123E+1   3.214218E+0   5.738291E-2   
3.457820E+3   -2.731500E+2   -2.731500E+2   -2.731500E+2   0.000000E+0   0.000000E+0   0.000000E+0   4.900319E+3   4.900319E+3   3.213914E+3   4.067816E+1   3.214389E+0   5.733628E-2   
3.465288E+3   -2.731500E+2   -2.731500E+2   -2.731500E+2   0.000000E+0   0.000000E+0   0.000000E+0   5.000163E+3   5.000163E+3   3.214111E+3   4.057891E+1   3.214593E+0   5.719636E-2   
3.472753E+3   -2.731500E+2   -2.731500E+2   -2.731500E+2   0.000000E+0   0.000000E+0   0.000000E+0   5.100132E+3   5.100132E+3   3.214210E+3   4.084349E+1   3.214698E+0   5.756925E-2   
3.480215E+3   -2.731500E+2   -2.731500E+2   -2.731500E+2   0.000000E+0   0.000000E+0   0.000000E+0   5.200100E+3   5.200100E+3   3.214408E+3   4.081042E+1   3.214901E+0   5.752262E-2   
3.487679E+3   -2.731500E+2   -2.731500E+2   -2.731500E+2   0.000000E+0   0.000000E+0   0.000000E+0   5.300141E+3   5.300141E+3   3.214540E+3   4.071123E+1   3.215039E+0   5.738278E-2   
3.495140E+3   -2.731500E+2   -2.731500E+2   -2.731500E+2   0.000000E+0   0.000000E+0   0.000000E+0   5.400163E+3   5.400163E+3   3.214573E+3   4.074429E+1   3.215079E+0   5.742936E-2   
3.502603E+3   -2.731500E+2   -2.731500E+2   -2.731500E+2   0.000000E+0   0.000000E+0   0.000000E+0   5.500060E+3   5.500060E+3   3.214737E+3   4.074429E+1   3.215249E+0   5.742933E-2   
3.510065E+3   -2.731500E+2   -2.731500E+2   -2.731500E+2   0.000000E+0   0.000000E+0   0.000000E+0   5.600226E+3   5.600226E+3   3.214902E+3   4.074429E+1   3.215420E+0   5.742930E-2   
3.517527E+3   -2.731500E+2   -2.731500E+2   -2.731500E+2   0.000000E+0   0.000000E+0   0.000000E+0   5.700158E+3   5.700158E+3   3.215231E+3   4.084349E+1   3.215756E+0   5.756909E-2   
3.524990E+3   -2.731500E+2   -2.731500E+2   -2.731500E+2   0.000000E+0   0.000000E+0   0.000000E+0   5.800199E+3   5.800199E+3   3.215067E+3   4.071123E+1   3.215598E+0   5.738265E-2   
3.532451E+3   -2.731500E+2   -2.731500E+2   -2.731500E+2   0.000000E+0   0.000000E+0   0.000000E+0   5.899953E+3   5.899953E+3   3.215396E+3   4.084349E+1   3.215933E+0   5.756904E-2   
3.539913E+3   -2.731500E+2   -2.731500E+2   -2.731500E+2   0.000000E+0   0.000000E+0   0.000000E+0   6.000279E+3   6.000279E+3   3.215561E+3   4.084349E+1   3.216104E+0   5.756902E-2   
3.547377E+3   -2.731500E+2   -2.731500E+2   -2.731500E+2   0.000000E+0   0.000000E+0   0.000000E+0   6.100033E+3   6.100033E+3   3.215561E+3   4.071123E+1   3.216110E+0   5.738257E-2   
3.554838E+3   -2.731500E+2   -2.731500E+2   -2.731500E+2   0.000000E+0   0.000000E+0   0.000000E+0   6.200038E+3   6.200038E+3   3.215726E+3   4.067816E+1   3.216281E+0   5.733594E-2   
3.562302E+3   -2.731500E+2   -2.731500E+2   -2.731500E+2   0.000000E+0   0.000000E+0   0.000000E+0   6.300221E+3   6.300221E+3   3.215899E+3   4.067816E+1   3.216461E+0   5.733591E-2   
3.569761E+3   -2.731500E+2   -2.731500E+2   -2.731500E+2   0.000000E+0   0.000000E+0   0.000000E+0   6.400136E+3   6.400136E+3   3.216097E+3   4.081042E+1   3.216665E+0   5.752231E-2   
3.577223E+3   -2.731500E+2   -2.731500E+2   -2.731500E+2   0.000000E+0   0.000000E+0   0.000000E+0   6.499980E+3   6.499980E+3   3.216130E+3   4.084349E+1   3.216704E+0   5.756889E-2   
3.584684E+3   -2.731500E+2   -2.731500E+2   -2.731500E+2   0.000000E+0   0.000000E+0   0.000000E+0   6.600306E+3   6.600306E+3   3.216393E+3   4.084349E+1   3.216974E+0   5.756886E-2   
3.592146E+3   -2.731500E+2   -2.731500E+2   -2.731500E+2   0.000000E+0   0.000000E+0   0.000000E+0   6.700114E+3   6.700114E+3   3.216558E+3   4.067816E+1   3.217145E+0   5.733581E-2   
3.599606E+3   -2.731500E+2   -2.731500E+2   -2.731500E+2   0.000000E+0   0.000000E+0   0.000000E+0   6.800100E+3   6.800100E+3   3.216558E+3   4.067816E+1   3.217151E+0   5.733578E-2   
3.607069E+3   -2.731500E+2   -2.731500E+2   -2.731500E+2   0.000000E+0   0.000000E+0   0.000000E+0   6.900069E+3   6.900069E+3   3.216723E+3   4.074429E+1   3.217322E+0   5.742896E-2   
3.614542E+3   -2.731500E+2   -2.731500E+2   -2.731500E+2   0.000000E+0   0.000000E+0   0.000000E+0   7.000056E+3   7.000056E+3   3.216788E+3   4.084349E+1   3.217394E+0   5.756875E-2   
3.622006E+3   -2.731500E+2   -2.731500E+2   -2.731500E+2   0.000000E+0   0.000000E+0   0.000000E+0   7.100096E+3   7.100096E+3   3.217151E+3   4.100882E+1   3.217762E+0   5.780176E-2   
3.629465E+3   -2.731500E+2   -2.731500E+2   -2.731500E+2   0.000000E+0   0.000000E+0   0.000000E+0   7.199939E+3   7.199939E+3   3.217217E+3   4.087655E+1   3.217834E+0   5.761531E-2   
3.636926E+3   -2.731500E+2   -2.731500E+2   -2.731500E+2   0.000000E+0   0.000000E+0   0.000000E+0   7.300337E+3   7.300337E+3   3.217184E+3   4.090962E+1   3.217808E+0   5.766189E-2   
3.644391E+3   -2.731500E+2   -2.731500E+2   -2.731500E+2   0.000000E+0   0.000000E+0   0.000000E+0   7.400020E+3   7.400020E+3   3.217052E+3   4.084349E+1   3.217682E+0   5.756865E-2   
3.651855E+3   -2.731500E+2   -2.731500E+2   -2.731500E+2   0.000000E+0   0.000000E+0   0.000000E+0   7.500114E+3   7.500114E+3   3.217381E+3   4.084349E+1   3.218018E+0   5.756862E-2   
3.659318E+3   -2.731500E+2   -2.731500E+2   -2.731500E+2   0.000000E+0   0.000000E+0   0.000000E+0   7.599993E+3   7.599993E+3   3.217381E+3   4.084349E+1   3.218024E+0   5.756860E-2   
3.666788E+3   -2.731500E+2   -2.731500E+2   -2.731500E+2   0.000000E+0   0.000000E+0   0.000000E+0   7.700248E+3   7.700248E+3   3.217678E+3   4.084349E+1   3.218327E+0   5.756857E-2   
3.674253E+3   -2.731500E+2   -2.731500E+2   -2.731500E+2   0.000000E+0   0.000000E+0   0.000000E+0   7.800109E+3   7.800109E+3   3.217711E+3   4.084349E+1   3.218366E+0   5.756855E-2   
3.681715E+3   -2.731500E+2   -2.731500E+2   -2.731500E+2   0.000000E+0   0.000000E+0   0.000000E+0   7.900185E+3   7.900185E+3   3.217810E+3   4.084349E+1   3.218471E+0   5.756852E-2   
3.689176E+3   -2.731500E+2   -2.731500E+2   -2.731500E+2   0.000000E+0   0.000000E+0   0.000000E+0   8.000172E+3   8.000172E+3   3.218049E+3   4.100882E+1   3.218716E+0   5.780152E-2   
