Time_since_start   Raw_Temperature   Temperature   Temperature_2   Raw_Applied_Field   Applied_Field   Field_Angle   Raw_Applied_Field_For_Plot_   Applied_Field_For_Plot_   Raw_Signal_Mx   Raw_Signal_My   Signal_X_direction   Signal_Y_direction      
1.033900E+1   -2.731500E+2   -2.731500E+2   -2.731500E+2   0.000000E+0   0.000000E+0   0.000000E+0   3.147500E-3   3.147500E-3   -9.921549E-1   0.000000E+0   -9.975152E-4   2.109508E-6   
1.890600E+1   -2.731500E+2   -2.731500E+2   -2.731500E+2   0.000000E+0   0.000000E+0   0.000000E+0   1.001459E+1   1.001459E+1   1.438617E+1   0.000000E+0   1.453061E-2   2.106892E-6   
2.722100E+1   -2.731500E+2   -2.731500E+2   -2.731500E+2   0.000000E+0   0.000000E+0   0.000000E+0   2.001763E+1   2.001763E+1   2.989682E+1   -1.653586E-1   3.019236E-2   -2.214915E-4   
3.549700E+1   -2.731500E+2   -2.731500E+2   -2.731500E+2   0.000000E+0   0.000000E+0   0.000000E+0   3.001558E+1   3.001558E+1   4.547369E+1   -1.653586E-1   4.592096E-2   -2.214941E-4   
4.406300E+1   -2.731500E+2   -2.731500E+2   -2.731500E+2   0.000000E+0   0.000000E+0   0.000000E+0   4.001272E+1   4.001272E+1   6.101724E+1   -3.307180E-1   6.161591E-2   -4.450936E-4   
5.237900E+1   -2.731500E+2   -2.731500E+2   -2.731500E+2   0.000000E+0   0.000000E+0   0.000000E+0   5.001334E+1   5.001334E+1   7.656087E+1   -3.307180E-1   7.731095E-2   -4.450962E-4   
6.069600E+1   -2.731500E+2   -2.731500E+2   -2.731500E+2   0.000000E+0   0.000000E+0   0.000000E+0   6.001549E+1   6.001549E+1   9.243594E+1   -4.960757E-1   9.334065E-2   -6.686934E-4   
6.901400E+1   -2.731500E+2   -2.731500E+2   -2.731500E+2   0.000000E+0   0.000000E+0   0.000000E+0   7.001916E+1   7.001916E+1   1.079795E+2   -4.960757E-1   1.090356E-1   -6.686960E-4   
7.759100E+1   -2.731500E+2   -2.731500E+2   -2.731500E+2   0.000000E+0   0.000000E+0   0.000000E+0   8.001594E+1   8.001594E+1   1.236878E+2   -6.614352E-1   1.248969E-1   -8.922955E-4   
8.615900E+1   -2.731500E+2   -2.731500E+2   -2.731500E+2   0.000000E+0   0.000000E+0   0.000000E+0   9.001701E+1   9.001701E+1   1.393969E+2   -6.614352E-1   1.407590E-1   -8.922981E-4   
9.472700E+1   -2.731500E+2   -2.731500E+2   -2.731500E+2   0.000000E+0   0.000000E+0   0.000000E+0   1.000170E+2   1.000170E+2   1.551060E+2   -8.267929E-1   1.566212E-1   -1.115895E-3   
1.054620E+2   -2.731500E+2   -2.731500E+2   -2.731500E+2   0.000000E+0   0.000000E+0   0.000000E+0   1.500711E+2   1.500711E+2   2.338173E+2   -1.157508E+0   2.360991E-1   -1.563097E-3   
1.129270E+2   -2.731500E+2   -2.731500E+2   -2.731500E+2   0.000000E+0   0.000000E+0   0.000000E+0   2.000197E+2   2.000197E+2   3.121965E+2   -1.488232E+0   3.152418E-1   -2.010311E-3   
1.203910E+2   -2.731500E+2   -2.731500E+2   -2.731500E+2   0.000000E+0   0.000000E+0   0.000000E+0   2.499504E+2   2.499504E+2   3.904119E+2   -1.818948E+0   3.942190E-1   -2.457514E-3   
1.278530E+2   -2.731500E+2   -2.731500E+2   -2.731500E+2   0.000000E+0   0.000000E+0   0.000000E+0   3.000063E+2   3.000063E+2   4.689567E+2   -2.315017E+0   4.735289E-1   -3.128304E-3   
1.353150E+2   -2.731500E+2   -2.731500E+2   -2.731500E+2   0.000000E+0   0.000000E+0   0.000000E+0   3.501337E+2   3.501337E+2   5.475015E+2   -2.546518E+0   5.528387E-1   -3.441351E-3   
1.427810E+2   -2.731500E+2   -2.731500E+2   -2.731500E+2   0.000000E+0   0.000000E+0   0.000000E+0   4.002432E+2   4.002432E+2   6.259800E+2   -2.976456E+0   6.320817E-1   -4.022721E-3   
1.501950E+2   -2.731500E+2   -2.731500E+2   -2.731500E+2   0.000000E+0   0.000000E+0   0.000000E+0   4.500130E+2   4.500130E+2   7.039322E+2   -3.472534E+0   7.107932E-1   -4.693523E-3   
1.576570E+2   -2.731500E+2   -2.731500E+2   -2.731500E+2   0.000000E+0   0.000000E+0   0.000000E+0   5.001046E+2   5.001046E+2   7.824770E+2   -3.803249E+0   7.901031E-1   -5.140725E-3   
1.651200E+2   -2.731500E+2   -2.731500E+2   -2.731500E+2   0.000000E+0   0.000000E+0   0.000000E+0   5.499638E+2   5.499638E+2   8.606253E+2   -4.299318E+0   8.690125E-1   -5.811516E-3   
1.725830E+2   -2.731500E+2   -2.731500E+2   -2.731500E+2   0.000000E+0   0.000000E+0   0.000000E+0   6.000197E+2   6.000197E+2   9.389068E+2   -4.630033E+0   9.480566E-1   -6.258718E-3   
1.800450E+2   -2.731500E+2   -2.731500E+2   -2.731500E+2   0.000000E+0   0.000000E+0   0.000000E+0   6.500219E+2   6.500219E+2   1.017288E+3   -4.960749E+0   1.027201E+0   -6.705921E-3   
1.875080E+2   -2.731500E+2   -2.731500E+2   -2.731500E+2   0.000000E+0   0.000000E+0   0.000000E+0   7.001136E+2   7.001136E+2   1.095669E+3   -5.456843E+0   1.106345E+0   -7.376747E-3   
1.949690E+2   -2.731500E+2   -2.731500E+2   -2.731500E+2   0.000000E+0   0.000000E+0   0.000000E+0   7.500801E+2   7.500801E+2   1.174041E+3   -5.787559E+0   1.185481E+0   -7.823949E-3   
2.024290E+2   -2.731500E+2   -2.731500E+2   -2.731500E+2   0.000000E+0   0.000000E+0   0.000000E+0   8.000823E+2   8.000823E+2   1.252257E+3   -6.283628E+0   1.264459E+0   -8.494740E-3   
2.098910E+2   -2.731500E+2   -2.731500E+2   -2.731500E+2   0.000000E+0   0.000000E+0   0.000000E+0   8.499772E+2   8.499772E+2   1.330309E+3   -6.779705E+0   1.343271E+0   -9.165542E-3   
2.173500E+2   -2.731500E+2   -2.731500E+2   -2.731500E+2   0.000000E+0   0.000000E+0   0.000000E+0   8.999616E+2   8.999616E+2   1.408426E+3   -6.945058E+0   1.422149E+0   -9.389144E-3   
2.248130E+2   -2.731500E+2   -2.731500E+2   -2.731500E+2   0.000000E+0   0.000000E+0   0.000000E+0   9.499638E+2   9.499638E+2   1.486741E+3   -7.441136E+0   1.501227E+0   -1.005995E-2   
2.322810E+2   -2.731500E+2   -2.731500E+2   -2.731500E+2   0.000000E+0   0.000000E+0   0.000000E+0   1.000038E+3   1.000038E+3   1.564793E+3   -7.937205E+0   1.580039E+0   -1.073074E-2   
2.408320E+2   -2.731500E+2   -2.731500E+2   -2.731500E+2   0.000000E+0   0.000000E+0   0.000000E+0   1.100257E+3   1.100257E+3   1.721447E+3   -8.763998E+0   1.738219E+0   -1.184874E-2   
2.482930E+2   -2.731500E+2   -2.731500E+2   -2.731500E+2   0.000000E+0   0.000000E+0   0.000000E+0   1.200064E+3   1.200064E+3   1.876981E+3   -9.590808E+0   1.895269E+0   -1.296677E-2   
2.557560E+2   -2.731500E+2   -2.731500E+2   -2.731500E+2   0.000000E+0   0.000000E+0   0.000000E+0   1.299890E+3   1.299890E+3   2.032417E+3   -1.041753E+1   2.052218E+0   -1.408468E-2   
2.632190E+2   -2.731500E+2   -2.731500E+2   -2.731500E+2   0.000000E+0   0.000000E+0   0.000000E+0   1.400163E+3   1.400163E+3   2.187688E+3   -1.124443E+1   2.209001E+0   -1.520283E-2   
2.706830E+2   -2.731500E+2   -2.731500E+2   -2.731500E+2   0.000000E+0   0.000000E+0   0.000000E+0   1.500221E+3   1.500221E+3   2.341871E+3   -1.193889E+1   2.364687E+0   -1.614190E-2   
2.781450E+2   -2.731500E+2   -2.731500E+2   -2.731500E+2   0.000000E+0   0.000000E+0   0.000000E+0   1.600082E+3   1.600082E+3   2.494102E+3   -1.273263E+1   2.518401E+0   -1.721521E-2   
2.856070E+2   -2.731500E+2   -2.731500E+2   -2.731500E+2   0.000000E+0   0.000000E+0   0.000000E+0   1.699944E+3   1.699944E+3   2.642091E+3   -1.355944E+1   2.667831E+0   -1.833324E-2   
2.930700E+2   -2.731500E+2   -2.731500E+2   -2.731500E+2   0.000000E+0   0.000000E+0   0.000000E+0   1.800091E+3   1.800091E+3   2.781999E+3   -1.422084E+1   2.809103E+0   -1.922760E-2   
3.005380E+2   -2.731500E+2   -2.731500E+2   -2.731500E+2   0.000000E+0   0.000000E+0   0.000000E+0   1.900167E+3   1.900167E+3   2.909254E+3   -1.488224E+1   2.937598E+0   -2.012196E-2   
3.079990E+2   -2.731500E+2   -2.731500E+2   -2.731500E+2   0.000000E+0   0.000000E+0   0.000000E+0   2.000011E+3   2.000011E+3   3.023089E+3   -1.554372E+1   3.052544E+0   -2.101643E-2   
3.154620E+2   -2.731500E+2   -2.731500E+2   -2.731500E+2   0.000000E+0   0.000000E+0   0.000000E+0   2.100248E+3   2.100248E+3   3.121479E+3   -1.603979E+1   3.151895E+0   -2.168723E-2   
3.229240E+2   -2.731500E+2   -2.731500E+2   -2.731500E+2   0.000000E+0   0.000000E+0   0.000000E+0   2.200145E+3   2.200145E+3   3.197043E+3   -1.670118E+1   3.228198E+0   -2.258159E-2   
3.303850E+2   -2.731500E+2   -2.731500E+2   -2.731500E+2   0.000000E+0   0.000000E+0   0.000000E+0   2.300185E+3   2.300185E+3   3.242852E+3   -1.703193E+1   3.274458E+0   -2.302884E-2   
3.378470E+2   -2.731500E+2   -2.731500E+2   -2.731500E+2   0.000000E+0   0.000000E+0   0.000000E+0   2.399957E+3   2.399957E+3   3.264674E+3   -1.719725E+1   3.296497E+0   -2.325242E-2   
3.453100E+2   -2.731500E+2   -2.731500E+2   -2.731500E+2   0.000000E+0   0.000000E+0   0.000000E+0   2.500123E+3   2.500123E+3   3.275259E+3   -1.719725E+1   3.307192E+0   -2.325245E-2   
3.527750E+2   -2.731500E+2   -2.731500E+2   -2.731500E+2   0.000000E+0   0.000000E+0   0.000000E+0   2.600127E+3   2.600127E+3   3.281347E+3   -1.719725E+1   3.313344E+0   -2.325247E-2   
3.602410E+2   -2.731500E+2   -2.731500E+2   -2.731500E+2   0.000000E+0   0.000000E+0   0.000000E+0   2.700042E+3   2.700042E+3   3.284880E+3   -1.719725E+1   3.316919E+0   -2.325250E-2   
3.677030E+2   -2.731500E+2   -2.731500E+2   -2.731500E+2   0.000000E+0   0.000000E+0   0.000000E+0   2.800154E+3   2.800154E+3   3.287327E+3   -1.719725E+1   3.319395E+0   -2.325253E-2   
3.751660E+2   -2.731500E+2   -2.731500E+2   -2.731500E+2   0.000000E+0   0.000000E+0   0.000000E+0   2.900194E+3   2.900194E+3   3.288983E+3   -1.736267E+1   3.321073E+0   -2.347622E-2   
3.826270E+2   -2.731500E+2   -2.731500E+2   -2.731500E+2   0.000000E+0   0.000000E+0   0.000000E+0   2.999984E+3   2.999984E+3   3.290145E+3   -1.736267E+1   3.322252E+0   -2.347625E-2   
3.901000E+2   -2.731500E+2   -2.731500E+2   -2.731500E+2   0.000000E+0   0.000000E+0   0.000000E+0   3.099917E+3   3.099917E+3   3.290968E+3   -1.736267E+1   3.323090E+0   -2.347628E-2   
3.975630E+2   -2.731500E+2   -2.731500E+2   -2.731500E+2   0.000000E+0   0.000000E+0   0.000000E+0   3.200190E+3   3.200190E+3   3.292121E+3   -1.736267E+1   3.324261E+0   -2.347630E-2   
4.050260E+2   -2.731500E+2   -2.731500E+2   -2.731500E+2   0.000000E+0   0.000000E+0   0.000000E+0   3.299962E+3   3.299962E+3   3.292459E+3   -1.736267E+1   3.324608E+0   -2.347633E-2   
4.124870E+2   -2.731500E+2   -2.731500E+2   -2.731500E+2   0.000000E+0   0.000000E+0   0.000000E+0   3.400038E+3   3.400038E+3   3.293085E+3   -1.736267E+1   3.325246E+0   -2.347635E-2   
4.199480E+2   -2.731500E+2   -2.731500E+2   -2.731500E+2   0.000000E+0   0.000000E+0   0.000000E+0   3.500221E+3   3.500221E+3   3.293448E+3   -1.736267E+1   3.325619E+0   -2.347638E-2   
4.274110E+2   -2.731500E+2   -2.731500E+2   -2.731500E+2   0.000000E+0   0.000000E+0   0.000000E+0   3.600082E+3   3.600082E+3   3.294107E+3   -1.736267E+1   3.326290E+0   -2.347641E-2   
4.348720E+2   -2.731500E+2   -2.731500E+2   -2.731500E+2   0.000000E+0   0.000000E+0   0.000000E+0   3.699926E+3   3.699926E+3   3.294436E+3   -1.736267E+1   3.326629E+0   -2.347643E-2   
4.423360E+2   -2.731500E+2   -2.731500E+2   -2.731500E+2   0.000000E+0   0.000000E+0   0.000000E+0   3.800038E+3   3.800038E+3   3.294609E+3   -1.736267E+1   3.326810E+0   -2.347646E-2   
4.498090E+2   -2.731500E+2   -2.731500E+2   -2.731500E+2   0.000000E+0   0.000000E+0   0.000000E+0   3.900203E+3   3.900203E+3   3.294873E+3   -1.736267E+1   3.327082E+0   -2.347648E-2   
4.572720E+2   -2.731500E+2   -2.731500E+2   -2.731500E+2   0.000000E+0   0.000000E+0   0.000000E+0   3.999957E+3   3.999957E+3   3.295038E+3   -1.736267E+1   3.327255E+0   -2.347651E-2   
4.647330E+2   -2.731500E+2   -2.731500E+2   -2.731500E+2   0.000000E+0   0.000000E+0   0.000000E+0   4.100141E+3   4.100141E+3   3.295433E+3   -1.736267E+1   3.327660E+0   -2.347654E-2   
4.721940E+2   -2.731500E+2   -2.731500E+2   -2.731500E+2   0.000000E+0   0.000000E+0   0.000000E+0   4.200163E+3   4.200163E+3   3.295532E+3   -1.736267E+1   3.327766E+0   -2.347656E-2   
4.796570E+2   -2.731500E+2   -2.731500E+2   -2.731500E+2   0.000000E+0   0.000000E+0   0.000000E+0   4.300132E+3   4.300132E+3   3.295697E+3   -1.736267E+1   3.327939E+0   -2.347659E-2   
4.870810E+2   -2.731500E+2   -2.731500E+2   -2.731500E+2   0.000000E+0   0.000000E+0   0.000000E+0   4.400029E+3   4.400029E+3   3.295927E+3   -1.746186E+1   3.328178E+0   -2.361075E-2   
4.945420E+2   -2.731500E+2   -2.731500E+2   -2.731500E+2   0.000000E+0   0.000000E+0   0.000000E+0   4.499997E+3   4.499997E+3   3.296059E+3   -1.752800E+1   3.328317E+0   -2.370020E-2   
5.020050E+2   -2.731500E+2   -2.731500E+2   -2.731500E+2   0.000000E+0   0.000000E+0   0.000000E+0   4.600109E+3   4.600109E+3   3.296290E+3   -1.742880E+1   3.328556E+0   -2.356609E-2   
5.094690E+2   -2.731500E+2   -2.731500E+2   -2.731500E+2   0.000000E+0   0.000000E+0   0.000000E+0   4.699989E+3   4.699989E+3   3.296586E+3   -1.736267E+1   3.328862E+0   -2.347669E-2   
5.169300E+2   -2.731500E+2   -2.731500E+2   -2.731500E+2   0.000000E+0   0.000000E+0   0.000000E+0   4.800029E+3   4.800029E+3   3.296751E+3   -1.736267E+1   3.329034E+0   -2.347672E-2   
5.243930E+2   -2.731500E+2   -2.731500E+2   -2.731500E+2   0.000000E+0   0.000000E+0   0.000000E+0   4.900105E+3   4.900105E+3   3.296924E+3   -1.736267E+1   3.329215E+0   -2.347675E-2   
5.318550E+2   -2.731500E+2   -2.731500E+2   -2.731500E+2   0.000000E+0   0.000000E+0   0.000000E+0   5.000145E+3   5.000145E+3   3.296924E+3   -1.752800E+1   3.329222E+0   -2.370033E-2   
5.393150E+2   -2.731500E+2   -2.731500E+2   -2.731500E+2   0.000000E+0   0.000000E+0   0.000000E+0   5.100078E+3   5.100078E+3   3.297155E+3   -1.736267E+1   3.329461E+0   -2.347680E-2   
5.467770E+2   -2.731500E+2   -2.731500E+2   -2.731500E+2   0.000000E+0   0.000000E+0   0.000000E+0   5.200011E+3   5.200011E+3   3.297287E+3   -1.736267E+1   3.329600E+0   -2.347682E-2   
5.542380E+2   -2.731500E+2   -2.731500E+2   -2.731500E+2   0.000000E+0   0.000000E+0   0.000000E+0   5.300230E+3   5.300230E+3   3.297418E+3   -1.736267E+1   3.329739E+0   -2.347685E-2   
5.617000E+2   -2.731500E+2   -2.731500E+2   -2.731500E+2   0.000000E+0   0.000000E+0   0.000000E+0   5.399966E+3   5.399966E+3   3.297616E+3   -1.736267E+1   3.329945E+0   -2.347688E-2   
5.691630E+2   -2.731500E+2   -2.731500E+2   -2.731500E+2   0.000000E+0   0.000000E+0   0.000000E+0   5.500024E+3   5.500024E+3   3.297912E+3   -1.739573E+1   3.330251E+0   -2.352161E-2   
5.766250E+2   -2.731500E+2   -2.731500E+2   -2.731500E+2   0.000000E+0   0.000000E+0   0.000000E+0   5.600047E+3   5.600047E+3   3.297912E+3   -1.736267E+1   3.330257E+0   -2.347693E-2   
5.840880E+2   -2.731500E+2   -2.731500E+2   -2.731500E+2   0.000000E+0   0.000000E+0   0.000000E+0   5.700176E+3   5.700176E+3   3.297978E+3   -1.736267E+1   3.330329E+0   -2.347696E-2   
5.915500E+2   -2.731500E+2   -2.731500E+2   -2.731500E+2   0.000000E+0   0.000000E+0   0.000000E+0   5.800020E+3   5.800020E+3   3.298077E+3   -1.736267E+1   3.330435E+0   -2.347698E-2   
5.990210E+2   -2.731500E+2   -2.731500E+2   -2.731500E+2   0.000000E+0   0.000000E+0   0.000000E+0   5.900078E+3   5.900078E+3   3.298242E+3   -1.746186E+1   3.330608E+0   -2.361114E-2   
6.064870E+2   -2.731500E+2   -2.731500E+2   -2.731500E+2   0.000000E+0   0.000000E+0   0.000000E+0   6.000065E+3   6.000065E+3   3.298505E+3   -1.736267E+1   3.330880E+0   -2.347703E-2   
6.139490E+2   -2.731500E+2   -2.731500E+2   -2.731500E+2   0.000000E+0   0.000000E+0   0.000000E+0   6.100176E+3   6.100176E+3   3.298637E+3   -1.736267E+1   3.331020E+0   -2.347706E-2   
6.214110E+2   -2.731500E+2   -2.731500E+2   -2.731500E+2   0.000000E+0   0.000000E+0   0.000000E+0   6.199984E+3   6.199984E+3   3.298736E+3   -1.736267E+1   3.331126E+0   -2.347709E-2   
6.288710E+2   -2.731500E+2   -2.731500E+2   -2.731500E+2   0.000000E+0   0.000000E+0   0.000000E+0   6.300167E+3   6.300167E+3   3.298901E+3   -1.736267E+1   3.331298E+0   -2.347711E-2   
6.363330E+2   -2.731500E+2   -2.731500E+2   -2.731500E+2   0.000000E+0   0.000000E+0   0.000000E+0   6.400082E+3   6.400082E+3   3.299074E+3   -1.736267E+1   3.331479E+0   -2.347714E-2   
6.438090E+2   -2.731500E+2   -2.731500E+2   -2.731500E+2   0.000000E+0   0.000000E+0   0.000000E+0   6.500105E+3   6.500105E+3   3.299074E+3   -1.736267E+1   3.331485E+0   -2.347716E-2   
6.512720E+2   -2.731500E+2   -2.731500E+2   -2.731500E+2   0.000000E+0   0.000000E+0   0.000000E+0   6.600091E+3   6.600091E+3   3.299074E+3   -1.736267E+1   3.331492E+0   -2.347719E-2   
6.587320E+2   -2.731500E+2   -2.731500E+2   -2.731500E+2   0.000000E+0   0.000000E+0   0.000000E+0   6.700078E+3   6.700078E+3   3.299074E+3   -1.736267E+1   3.331498E+0   -2.347722E-2   
6.661970E+2   -2.731500E+2   -2.731500E+2   -2.731500E+2   0.000000E+0   0.000000E+0   0.000000E+0   6.800118E+3   6.800118E+3   3.299173E+3   -1.736267E+1   3.331604E+0   -2.347724E-2   
6.736590E+2   -2.731500E+2   -2.731500E+2   -2.731500E+2   0.000000E+0   0.000000E+0   0.000000E+0   6.900141E+3   6.900141E+3   3.299239E+3   -1.736267E+1   3.331677E+0   -2.347727E-2   
6.811210E+2   -2.731500E+2   -2.731500E+2   -2.731500E+2   0.000000E+0   0.000000E+0   0.000000E+0   7.000056E+3   7.000056E+3   3.299239E+3   -1.736267E+1   3.331683E+0   -2.347729E-2   
6.885840E+2   -2.731500E+2   -2.731500E+2   -2.731500E+2   0.000000E+0   0.000000E+0   0.000000E+0   7.100185E+3   7.100185E+3   3.299404E+3   -1.736267E+1   3.331855E+0   -2.347732E-2   
6.960470E+2   -2.731500E+2   -2.731500E+2   -2.731500E+2   0.000000E+0   0.000000E+0   0.000000E+0   7.200047E+3   7.200047E+3   3.299568E+3   -1.736267E+1   3.332028E+0   -2.347735E-2   
7.035220E+2   -2.731500E+2   -2.731500E+2   -2.731500E+2   0.000000E+0   0.000000E+0   0.000000E+0   7.300337E+3   7.300337E+3   3.299667E+3   -1.736267E+1   3.332134E+0   -2.347737E-2   
7.109840E+2   -2.731500E+2   -2.731500E+2   -2.731500E+2   0.000000E+0   0.000000E+0   0.000000E+0   7.400181E+3   7.400181E+3   3.299733E+3   -1.736267E+1   3.332207E+0   -2.347740E-2   
7.184450E+2   -2.731500E+2   -2.731500E+2   -2.731500E+2   0.000000E+0   0.000000E+0   0.000000E+0   7.500024E+3   7.500024E+3   3.299733E+3   -1.736267E+1   3.332213E+0   -2.347743E-2   
7.259070E+2   -2.731500E+2   -2.731500E+2   -2.731500E+2   0.000000E+0   0.000000E+0   0.000000E+0   7.600065E+3   7.600065E+3   3.299898E+3   -1.736267E+1   3.332385E+0   -2.347745E-2   
7.333680E+2   -2.731500E+2   -2.731500E+2   -2.731500E+2   0.000000E+0   0.000000E+0   0.000000E+0   7.700105E+3   7.700105E+3   3.299898E+3   -1.736267E+1   3.332391E+0   -2.347748E-2   
7.408300E+2   -2.731500E+2   -2.731500E+2   -2.731500E+2   0.000000E+0   0.000000E+0   0.000000E+0   7.800038E+3   7.800038E+3   3.300030E+3   -1.736267E+1   3.332531E+0   -2.347750E-2   
7.482930E+2   -2.731500E+2   -2.731500E+2   -2.731500E+2   0.000000E+0   0.000000E+0   0.000000E+0   7.900132E+3   7.900132E+3   3.300063E+3   -1.736267E+1   3.332570E+0   -2.347753E-2   
7.557560E+2   -2.731500E+2   -2.731500E+2   -2.731500E+2   0.000000E+0   0.000000E+0   0.000000E+0   8.000136E+3   8.000136E+3   3.300063E+3   -1.736267E+1   3.332576E+0   -2.347756E-2   
7.643080E+2   -2.731500E+2   -2.731500E+2   -2.731500E+2   0.000000E+0   0.000000E+0   0.000000E+0   7.899810E+3   7.899810E+3   3.300063E+3   -1.736267E+1   3.332570E+0   -2.347753E-2   
7.717700E+2   -2.731500E+2   -2.731500E+2   -2.731500E+2   0.000000E+0   0.000000E+0   0.000000E+0   7.800020E+3   7.800020E+3   3.300063E+3   -1.736267E+1   3.332564E+0   -2.347750E-2   
7.792280E+2   -2.731500E+2   -2.731500E+2   -2.731500E+2   0.000000E+0   0.000000E+0   0.000000E+0   7.700123E+3   7.700123E+3   3.300063E+3   -1.736267E+1   3.332558E+0   -2.347748E-2   
7.866920E+2   -2.731500E+2   -2.731500E+2   -2.731500E+2   0.000000E+0   0.000000E+0   0.000000E+0   7.599868E+3   7.599868E+3   3.300063E+3   -1.736267E+1   3.332552E+0   -2.347745E-2   
7.941550E+2   -2.731500E+2   -2.731500E+2   -2.731500E+2   0.000000E+0   0.000000E+0   0.000000E+0   7.500042E+3   7.500042E+3   3.300063E+3   -1.736267E+1   3.332545E+0   -2.347743E-2   
8.016180E+2   -2.731500E+2   -2.731500E+2   -2.731500E+2   0.000000E+0   0.000000E+0   0.000000E+0   7.400091E+3   7.400091E+3   3.299898E+3   -1.736267E+1   3.332373E+0   -2.347740E-2   
8.090810E+2   -2.731500E+2   -2.731500E+2   -2.731500E+2   0.000000E+0   0.000000E+0   0.000000E+0   7.300051E+3   7.300051E+3   3.299865E+3   -1.736267E+1   3.332333E+0   -2.347737E-2   
8.165430E+2   -2.731500E+2   -2.731500E+2   -2.731500E+2   0.000000E+0   0.000000E+0   0.000000E+0   7.199850E+3   7.199850E+3   3.299799E+3   -1.736267E+1   3.332261E+0   -2.347735E-2   
8.240070E+2   -2.731500E+2   -2.731500E+2   -2.731500E+2   0.000000E+0   0.000000E+0   0.000000E+0   7.100114E+3   7.100114E+3   3.299733E+3   -1.736267E+1   3.332188E+0   -2.347732E-2   
8.314690E+2   -2.731500E+2   -2.731500E+2   -2.731500E+2   0.000000E+0   0.000000E+0   0.000000E+0   7.000020E+3   7.000020E+3   3.299568E+3   -1.736267E+1   3.332015E+0   -2.347729E-2   
8.389330E+2   -2.731500E+2   -2.731500E+2   -2.731500E+2   0.000000E+0   0.000000E+0   0.000000E+0   6.899998E+3   6.899998E+3   3.299568E+3   -1.736267E+1   3.332009E+0   -2.347727E-2   
8.464070E+2   -2.731500E+2   -2.731500E+2   -2.731500E+2   0.000000E+0   0.000000E+0   0.000000E+0   6.799904E+3   6.799904E+3   3.299470E+3   -1.736267E+1   3.331903E+0   -2.347724E-2   
8.538680E+2   -2.731500E+2   -2.731500E+2   -2.731500E+2   0.000000E+0   0.000000E+0   0.000000E+0   6.699971E+3   6.699971E+3   3.299404E+3   -1.736267E+1   3.331831E+0   -2.347722E-2   
8.613310E+2   -2.731500E+2   -2.731500E+2   -2.731500E+2   0.000000E+0   0.000000E+0   0.000000E+0   6.600074E+3   6.600074E+3   3.299239E+3   -1.736267E+1   3.331658E+0   -2.347719E-2   
8.687920E+2   -2.731500E+2   -2.731500E+2   -2.731500E+2   0.000000E+0   0.000000E+0   0.000000E+0   6.500033E+3   6.500033E+3   3.299074E+3   -1.736267E+1   3.331485E+0   -2.347716E-2   
8.762510E+2   -2.731500E+2   -2.731500E+2   -2.731500E+2   0.000000E+0   0.000000E+0   0.000000E+0   6.399922E+3   6.399922E+3   3.299074E+3   -1.736267E+1   3.331479E+0   -2.347714E-2   
8.837140E+2   -2.731500E+2   -2.731500E+2   -2.731500E+2   0.000000E+0   0.000000E+0   0.000000E+0   6.300096E+3   6.300096E+3   3.299005E+3   -1.736267E+1   3.331403E+0   -2.347711E-2   
8.911760E+2   -2.731500E+2   -2.731500E+2   -2.731500E+2   0.000000E+0   0.000000E+0   0.000000E+0   6.199877E+3   6.199877E+3   3.298935E+3   -1.736267E+1   3.331327E+0   -2.347709E-2   
8.986390E+2   -2.731500E+2   -2.731500E+2   -2.731500E+2   0.000000E+0   0.000000E+0   0.000000E+0   6.100033E+3   6.100033E+3   3.298802E+3   -1.736267E+1   3.331186E+0   -2.347706E-2   
9.061010E+2   -2.731500E+2   -2.731500E+2   -2.731500E+2   0.000000E+0   0.000000E+0   0.000000E+0   5.999975E+3   5.999975E+3   3.298736E+3   -1.736267E+1   3.331113E+0   -2.347703E-2   
9.135760E+2   -2.731500E+2   -2.731500E+2   -2.731500E+2   0.000000E+0   0.000000E+0   0.000000E+0   5.899828E+3   5.899828E+3   3.298571E+3   -1.736267E+1   3.330941E+0   -2.347701E-2   
9.210360E+2   -2.731500E+2   -2.731500E+2   -2.731500E+2   0.000000E+0   0.000000E+0   0.000000E+0   5.799984E+3   5.799984E+3   3.298604E+3   -1.749493E+1   3.330968E+0   -2.365582E-2   
9.285000E+2   -2.731500E+2   -2.731500E+2   -2.731500E+2   0.000000E+0   0.000000E+0   0.000000E+0   5.699962E+3   5.699962E+3   3.298407E+3   -1.752800E+1   3.330762E+0   -2.370051E-2   
9.359640E+2   -2.731500E+2   -2.731500E+2   -2.731500E+2   0.000000E+0   0.000000E+0   0.000000E+0   5.600154E+3   5.600154E+3   3.298407E+3   -1.739573E+1   3.330756E+0   -2.352164E-2   
9.434260E+2   -2.731500E+2   -2.731500E+2   -2.731500E+2   0.000000E+0   0.000000E+0   0.000000E+0   5.499846E+3   5.499846E+3   3.298242E+3   -1.736267E+1   3.330583E+0   -2.347690E-2   
9.508880E+2   -2.731500E+2   -2.731500E+2   -2.731500E+2   0.000000E+0   0.000000E+0   0.000000E+0   5.400002E+3   5.400002E+3   3.298077E+3   -1.736267E+1   3.330411E+0   -2.347688E-2   
9.583500E+2   -2.731500E+2   -2.731500E+2   -2.731500E+2   0.000000E+0   0.000000E+0   0.000000E+0   5.300033E+3   5.300033E+3   3.297945E+3   -1.736267E+1   3.330271E+0   -2.347685E-2   
9.658110E+2   -2.731500E+2   -2.731500E+2   -2.731500E+2   0.000000E+0   0.000000E+0   0.000000E+0   5.199850E+3   5.199850E+3   3.297912E+3   -1.736267E+1   3.330232E+0   -2.347682E-2   
9.732730E+2   -2.731500E+2   -2.731500E+2   -2.731500E+2   0.000000E+0   0.000000E+0   0.000000E+0   5.099971E+3   5.099971E+3   3.297748E+3   -1.736267E+1   3.330059E+0   -2.347680E-2   
9.807370E+2   -2.731500E+2   -2.731500E+2   -2.731500E+2   0.000000E+0   0.000000E+0   0.000000E+0   5.000127E+3   5.000127E+3   3.297748E+3   -1.752800E+1   3.330053E+0   -2.370033E-2   
9.882000E+2   -2.731500E+2   -2.731500E+2   -2.731500E+2   0.000000E+0   0.000000E+0   0.000000E+0   4.899980E+3   4.899980E+3   3.297583E+3   -1.736267E+1   3.329881E+0   -2.347675E-2   
9.956610E+2   -2.731500E+2   -2.731500E+2   -2.731500E+2   0.000000E+0   0.000000E+0   0.000000E+0   4.799975E+3   4.799975E+3   3.297418E+3   -1.736267E+1   3.329708E+0   -2.347672E-2   
1.003124E+3   -2.731500E+2   -2.731500E+2   -2.731500E+2   0.000000E+0   0.000000E+0   0.000000E+0   4.699971E+3   4.699971E+3   3.297254E+3   -1.752800E+1   3.329536E+0   -2.370025E-2   
1.010587E+3   -2.731500E+2   -2.731500E+2   -2.731500E+2   0.000000E+0   0.000000E+0   0.000000E+0   4.600038E+3   4.600038E+3   3.297056E+3   -1.742880E+1   3.329330E+0   -2.356609E-2   
1.018049E+3   -2.731500E+2   -2.731500E+2   -2.731500E+2   0.000000E+0   0.000000E+0   0.000000E+0   4.499962E+3   4.499962E+3   3.296751E+3   -1.736267E+1   3.329016E+0   -2.347664E-2   
1.025512E+3   -2.731500E+2   -2.731500E+2   -2.731500E+2   0.000000E+0   0.000000E+0   0.000000E+0   4.400011E+3   4.400011E+3   3.296751E+3   -1.736267E+1   3.329009E+0   -2.347662E-2   
1.032975E+3   -2.731500E+2   -2.731500E+2   -2.731500E+2   0.000000E+0   0.000000E+0   0.000000E+0   4.299971E+3   4.299971E+3   3.296421E+3   -1.742880E+1   3.328671E+0   -2.356601E-2   
1.040437E+3   -2.731500E+2   -2.731500E+2   -2.731500E+2   0.000000E+0   0.000000E+0   0.000000E+0   4.200127E+3   4.200127E+3   3.296257E+3   -1.736267E+1   3.328498E+0   -2.347656E-2   
1.047909E+3   -2.731500E+2   -2.731500E+2   -2.731500E+2   0.000000E+0   0.000000E+0   0.000000E+0   4.099908E+3   4.099908E+3   3.295927E+3   -1.736267E+1   3.328159E+0   -2.347654E-2   
1.055370E+3   -2.731500E+2   -2.731500E+2   -2.731500E+2   0.000000E+0   0.000000E+0   0.000000E+0   3.999993E+3   3.999993E+3   3.295631E+3   -1.736267E+1   3.327854E+0   -2.347651E-2   
1.062832E+3   -2.731500E+2   -2.731500E+2   -2.731500E+2   0.000000E+0   0.000000E+0   0.000000E+0   3.899989E+3   3.899989E+3   3.295598E+3   -1.736267E+1   3.327814E+0   -2.347648E-2   
1.070294E+3   -2.731500E+2   -2.731500E+2   -2.731500E+2   0.000000E+0   0.000000E+0   0.000000E+0   3.799895E+3   3.799895E+3   3.295268E+3   -1.736267E+1   3.327475E+0   -2.347646E-2   
1.077755E+3   -2.731500E+2   -2.731500E+2   -2.731500E+2   0.000000E+0   0.000000E+0   0.000000E+0   3.699926E+3   3.699926E+3   3.294774E+3   -1.736267E+1   3.326970E+0   -2.347643E-2   
1.085216E+3   -2.731500E+2   -2.731500E+2   -2.731500E+2   0.000000E+0   0.000000E+0   0.000000E+0   3.599993E+3   3.599993E+3   3.294436E+3   -1.736267E+1   3.326623E+0   -2.347641E-2   
1.092679E+3   -2.731500E+2   -2.731500E+2   -2.731500E+2   0.000000E+0   0.000000E+0   0.000000E+0   3.500042E+3   3.500042E+3   3.294172E+3   -1.736267E+1   3.326350E+0   -2.347638E-2   
1.100151E+3   -2.731500E+2   -2.731500E+2   -2.731500E+2   0.000000E+0   0.000000E+0   0.000000E+0   3.399912E+3   3.399912E+3   3.293612E+3   -1.736267E+1   3.325779E+0   -2.347635E-2   
1.107618E+3   -2.731500E+2   -2.731500E+2   -2.731500E+2   0.000000E+0   0.000000E+0   0.000000E+0   3.299908E+3   3.299908E+3   3.293151E+3   -1.736267E+1   3.325307E+0   -2.347633E-2   
1.115080E+3   -2.731500E+2   -2.731500E+2   -2.731500E+2   0.000000E+0   0.000000E+0   0.000000E+0   3.200047E+3   3.200047E+3   3.292591E+3   -1.736267E+1   3.324735E+0   -2.347630E-2   
1.122543E+3   -2.731500E+2   -2.731500E+2   -2.731500E+2   0.000000E+0   0.000000E+0   0.000000E+0   3.099845E+3   3.099845E+3   3.291957E+3   -1.736267E+1   3.324088E+0   -2.347628E-2   
1.130005E+3   -2.731500E+2   -2.731500E+2   -2.731500E+2   0.000000E+0   0.000000E+0   0.000000E+0   3.000002E+3   3.000002E+3   3.290968E+3   -1.736267E+1   3.323084E+0   -2.347625E-2   
1.137464E+3   -2.731500E+2   -2.731500E+2   -2.731500E+2   0.000000E+0   0.000000E+0   0.000000E+0   2.899997E+3   2.899997E+3   3.289708E+3   -1.736267E+1   3.321805E+0   -2.347622E-2   
1.144925E+3   -2.731500E+2   -2.731500E+2   -2.731500E+2   0.000000E+0   0.000000E+0   0.000000E+0   2.800100E+3   2.800100E+3   3.287995E+3   -1.719725E+1   3.320069E+0   -2.325253E-2   
1.152388E+3   -2.731500E+2   -2.731500E+2   -2.731500E+2   0.000000E+0   0.000000E+0   0.000000E+0   2.699810E+3   2.699810E+3   3.285680E+3   -1.719725E+1   3.317726E+0   -2.325250E-2   
1.159849E+3   -2.731500E+2   -2.731500E+2   -2.731500E+2   0.000000E+0   0.000000E+0   0.000000E+0   2.599895E+3   2.599895E+3   3.281973E+3   -1.719725E+1   3.313976E+0   -2.325247E-2   
1.167312E+3   -2.731500E+2   -2.731500E+2   -2.731500E+2   0.000000E+0   0.000000E+0   0.000000E+0   2.499926E+3   2.499926E+3   3.276083E+3   -1.719725E+1   3.308023E+0   -2.325245E-2   
1.174772E+3   -2.731500E+2   -2.731500E+2   -2.731500E+2   0.000000E+0   0.000000E+0   0.000000E+0   2.399868E+3   2.399868E+3   3.265506E+3   -1.719725E+1   3.297338E+0   -2.325242E-2   
1.182236E+3   -2.731500E+2   -2.731500E+2   -2.731500E+2   0.000000E+0   0.000000E+0   0.000000E+0   2.300006E+3   2.300006E+3   3.243511E+3   -1.703193E+1   3.275123E+0   -2.302884E-2   
1.189699E+3   -2.731500E+2   -2.731500E+2   -2.731500E+2   0.000000E+0   0.000000E+0   0.000000E+0   2.199984E+3   2.199984E+3   3.197875E+3   -1.670118E+1   3.229038E+0   -2.258159E-2   
1.197162E+3   -2.731500E+2   -2.731500E+2   -2.731500E+2   0.000000E+0   0.000000E+0   0.000000E+0   2.100087E+3   2.100087E+3   3.122896E+3   -1.603979E+1   3.153326E+0   -2.168723E-2   
1.204625E+3   -2.731500E+2   -2.731500E+2   -2.731500E+2   0.000000E+0   0.000000E+0   0.000000E+0   1.999993E+3   1.999993E+3   3.025536E+3   -1.554372E+1   3.055015E+0   -2.101643E-2   
1.212087E+3   -2.731500E+2   -2.731500E+2   -2.731500E+2   0.000000E+0   0.000000E+0   0.000000E+0   1.899881E+3   1.899881E+3   2.912994E+3   -1.488224E+1   2.941375E+0   -2.012196E-2   
1.219550E+3   -2.731500E+2   -2.731500E+2   -2.731500E+2   0.000000E+0   0.000000E+0   0.000000E+0   1.800091E+3   1.800091E+3   2.787617E+3   -1.422084E+1   2.814776E+0   -1.922760E-2   
1.227012E+3   -2.731500E+2   -2.731500E+2   -2.731500E+2   0.000000E+0   0.000000E+0   0.000000E+0   1.699836E+3   1.699836E+3   2.649035E+3   -1.372477E+1   2.674843E+0   -1.855679E-2   
1.234477E+3   -2.731500E+2   -2.731500E+2   -2.731500E+2   0.000000E+0   0.000000E+0   0.000000E+0   1.599868E+3   1.599868E+3   2.500915E+3   -1.273263E+1   2.525280E+0   -1.721521E-2   
1.241943E+3   -2.731500E+2   -2.731500E+2   -2.731500E+2   0.000000E+0   0.000000E+0   0.000000E+0   1.500078E+3   1.500078E+3   2.348486E+3   -1.207115E+1   2.371366E+0   -1.632074E-2   
1.249412E+3   -2.731500E+2   -2.731500E+2   -2.731500E+2   0.000000E+0   0.000000E+0   0.000000E+0   1.400109E+3   1.400109E+3   2.194105E+3   -1.124443E+1   2.215481E+0   -1.520283E-2   
1.256874E+3   -2.731500E+2   -2.731500E+2   -2.731500E+2   0.000000E+0   0.000000E+0   0.000000E+0   1.299836E+3   1.299836E+3   2.038571E+3   -1.041753E+1   2.058431E+0   -1.408468E-2   
1.264337E+3   -2.731500E+2   -2.731500E+2   -2.731500E+2   0.000000E+0   0.000000E+0   0.000000E+0   1.199993E+3   1.199993E+3   1.882937E+3   -9.590808E+0   1.901282E+0   -1.296677E-2   
1.271798E+3   -2.731500E+2   -2.731500E+2   -2.731500E+2   0.000000E+0   0.000000E+0   0.000000E+0   1.100024E+3   1.100024E+3   1.727172E+3   -8.763998E+0   1.744000E+0   -1.184874E-2   
1.279261E+3   -2.731500E+2   -2.731500E+2   -2.731500E+2   0.000000E+0   0.000000E+0   0.000000E+0   9.998766E+2   9.998766E+2   1.570608E+3   -8.102558E+0   1.585911E+0   -1.095433E-2   
1.287816E+3   -2.731500E+2   -2.731500E+2   -2.731500E+2   0.000000E+0   0.000000E+0   0.000000E+0   9.499459E+2   9.499459E+2   1.492697E+3   -7.606489E+0   1.507241E+0   -1.028354E-2   
1.295278E+3   -2.731500E+2   -2.731500E+2   -2.731500E+2   0.000000E+0   0.000000E+0   0.000000E+0   8.999437E+2   8.999437E+2   1.414547E+3   -7.110420E+0   1.428329E+0   -9.612744E-3   
1.302742E+3   -2.731500E+2   -2.731500E+2   -2.731500E+2   0.000000E+0   0.000000E+0   0.000000E+0   8.499593E+2   8.499593E+2   1.336325E+3   -6.779705E+0   1.349346E+0   -9.165542E-3   
1.310203E+3   -2.731500E+2   -2.731500E+2   -2.731500E+2   0.000000E+0   0.000000E+0   0.000000E+0   8.000108E+2   8.000108E+2   1.258114E+3   -6.283628E+0   1.270373E+0   -8.494740E-3   
1.317667E+3   -2.731500E+2   -2.731500E+2   -2.731500E+2   0.000000E+0   0.000000E+0   0.000000E+0   7.500622E+2   7.500622E+2   1.179997E+3   -5.952912E+0   1.191495E+0   -8.047538E-3   
1.325129E+3   -2.731500E+2   -2.731500E+2   -2.731500E+2   0.000000E+0   0.000000E+0   0.000000E+0   7.000778E+2   7.000778E+2   1.101616E+3   -5.622197E+0   1.112350E+0   -7.600335E-3   
1.332590E+3   -2.731500E+2   -2.731500E+2   -2.731500E+2   0.000000E+0   0.000000E+0   0.000000E+0   6.498967E+2   6.498967E+2   1.023070E+3   -5.126102E+0   1.033040E+0   -6.929509E-3   
1.340050E+3   -2.731500E+2   -2.731500E+2   -2.731500E+2   0.000000E+0   0.000000E+0   0.000000E+0   5.999303E+2   5.999303E+2   9.448212E+2   -4.630033E+0   9.540283E-1   -6.258718E-3   
1.347515E+3   -2.731500E+2   -2.731500E+2   -2.731500E+2   0.000000E+0   0.000000E+0   0.000000E+0   5.500175E+2   5.500175E+2   8.664792E+2   -4.299318E+0   8.749233E-1   -5.811516E-3   
1.354978E+3   -2.731500E+2   -2.731500E+2   -2.731500E+2   0.000000E+0   0.000000E+0   0.000000E+0   4.999258E+2   4.999258E+2   7.880992E+2   -3.836320E+0   7.957798E-1   -5.185443E-3   
1.362440E+3   -2.731500E+2   -2.731500E+2   -2.731500E+2   0.000000E+0   0.000000E+0   0.000000E+0   4.500487E+2   4.500487E+2   7.097199E+2   -3.472534E+0   7.166371E-1   -4.693523E-3   
1.369900E+3   -2.731500E+2   -2.731500E+2   -2.731500E+2   0.000000E+0   0.000000E+0   0.000000E+0   4.000465E+2   4.000465E+2   6.314699E+2   -3.141818E+0   6.376248E-1   -4.246321E-3   
1.377363E+3   -2.731500E+2   -2.731500E+2   -2.731500E+2   0.000000E+0   0.000000E+0   0.000000E+0   3.500800E+2   3.500800E+2   5.529580E+2   -2.645741E+0   5.583482E-1   -3.575518E-3   
1.384824E+3   -2.731500E+2   -2.731500E+2   -2.731500E+2   0.000000E+0   0.000000E+0   0.000000E+0   2.999347E+2   2.999347E+2   4.743803E+2   -2.315017E+0   4.790051E-1   -3.128304E-3   
1.392288E+3   -2.731500E+2   -2.731500E+2   -2.731500E+2   0.000000E+0   0.000000E+0   0.000000E+0   2.499504E+2   2.499504E+2   3.960340E+2   -1.984301E+0   3.998957E-1   -2.681102E-3   
1.399750E+3   -2.731500E+2   -2.731500E+2   -2.731500E+2   0.000000E+0   0.000000E+0   0.000000E+0   1.999839E+2   1.999839E+2   3.175537E+2   -1.488232E+0   3.206510E-1   -2.010311E-3   
1.407212E+3   -2.731500E+2   -2.731500E+2   -2.731500E+2   0.000000E+0   0.000000E+0   0.000000E+0   1.499459E+2   1.499459E+2   2.389427E+2   -1.157508E+0   2.412742E-1   -1.563097E-3   
1.414674E+3   -2.731500E+2   -2.731500E+2   -2.731500E+2   0.000000E+0   0.000000E+0   0.000000E+0   1.000689E+2   1.000689E+2   1.603317E+2   -8.267929E-1   1.618975E-1   -1.115895E-3   
1.423126E+3   -2.731500E+2   -2.731500E+2   -2.731500E+2   0.000000E+0   0.000000E+0   0.000000E+0   8.987527E+1   8.987527E+1   1.444238E+2   -8.267929E-1   1.458347E-1   -1.115893E-3   
1.430491E+3   -2.731500E+2   -2.731500E+2   -2.731500E+2   0.000000E+0   0.000000E+0   0.000000E+0   7.996781E+1   7.996781E+1   1.288471E+2   -6.614352E-1   1.301063E-1   -8.922955E-4   
1.437855E+3   -2.731500E+2   -2.731500E+2   -2.731500E+2   0.000000E+0   0.000000E+0   0.000000E+0   7.011401E+1   7.011401E+1   1.132705E+2   -6.614352E-1   1.143779E-1   -8.922929E-4   
1.445216E+3   -2.731500E+2   -2.731500E+2   -2.731500E+2   0.000000E+0   0.000000E+0   0.000000E+0   5.993830E+1   5.993830E+1   9.726416E+1   -4.960757E-1   9.821570E-2   -6.686933E-4   
1.452578E+3   -2.731500E+2   -2.731500E+2   -2.731500E+2   0.000000E+0   0.000000E+0   0.000000E+0   5.006662E+1   5.006662E+1   8.168698E+1   -4.960757E-1   8.248679E-2   -6.686908E-4   
1.459988E+3   -2.731500E+2   -2.731500E+2   -2.731500E+2   0.000000E+0   0.000000E+0   0.000000E+0   3.989091E+1   3.989091E+1   6.568034E+1   -3.307180E-1   6.632424E-2   -4.450935E-4   
1.467350E+3   -2.731500E+2   -2.731500E+2   -2.731500E+2   0.000000E+0   0.000000E+0   0.000000E+0   2.991192E+1   2.991192E+1   5.013672E+1   -3.307180E-1   5.062922E-2   -4.450909E-4   
1.474720E+3   -2.731500E+2   -2.731500E+2   -2.731500E+2   0.000000E+0   0.000000E+0   0.000000E+0   1.995082E+1   1.995082E+1   3.422918E+1   -1.653586E-1   3.456674E-2   -2.214914E-4   
1.482036E+3   -2.731500E+2   -2.731500E+2   -2.731500E+2   0.000000E+0   0.000000E+0   0.000000E+0   9.989717E+0   9.989717E+0   1.852013E+1   -1.653586E-1   1.870468E-2   -2.214888E-4   
1.489347E+3   -2.731500E+2   -2.731500E+2   -2.731500E+2   0.000000E+0   0.000000E+0   0.000000E+0   -7.868740E-2   -7.868740E-2   2.645741E+0   -1.322869E-1   2.675667E-3   -1.767671E-4   
1.496711E+3   -2.731500E+2   -2.731500E+2   -2.731500E+2   0.000000E+0   0.000000E+0   0.000000E+0   -1.005767E+1   -1.005767E+1   -1.289796E+1   0.000000E+0   -1.301944E-2   2.112137E-6   
1.504073E+3   -2.731500E+2   -2.731500E+2   -2.731500E+2   0.000000E+0   0.000000E+0   0.000000E+0   -1.989359E+1   -1.989359E+1   -2.860701E+1   0.000000E+0   -2.888149E-2   2.114707E-6   
1.511484E+3   -2.731500E+2   -2.731500E+2   -2.731500E+2   0.000000E+0   0.000000E+0   0.000000E+0   -3.008718E+1   -3.008718E+1   -4.464688E+1   0.000000E+0   -4.507760E-2   2.117370E-6   
1.518845E+3   -2.731500E+2   -2.731500E+2   -2.731500E+2   0.000000E+0   0.000000E+0   0.000000E+0   -3.997675E+1   -3.997675E+1   -6.009127E+1   0.000000E+0   -6.067243E-2   2.119954E-6   
1.526267E+3   -2.731500E+2   -2.731500E+2   -2.731500E+2   0.000000E+0   0.000000E+0   0.000000E+0   -5.000939E+1   -5.000939E+1   -7.606481E+1   1.653586E-1   -7.680154E-2   2.257183E-4   
1.533632E+3   -2.731500E+2   -2.731500E+2   -2.731500E+2   0.000000E+0   0.000000E+0   0.000000E+0   -5.995261E+1   -5.995261E+1   -9.164199E+1   1.653586E-1   -9.253046E-2   2.257209E-4   
1.541043E+3   -2.731500E+2   -2.731500E+2   -2.731500E+2   0.000000E+0   0.000000E+0   0.000000E+0   -7.009255E+1   -7.009255E+1   -1.076483E+2   3.307180E-1   -1.086927E-1   4.493205E-4   
1.548405E+3   -2.731500E+2   -2.731500E+2   -2.731500E+2   0.000000E+0   0.000000E+0   0.000000E+0   -7.994635E+1   -7.994635E+1   -1.231919E+2   3.307180E-1   -1.243876E-1   4.493230E-4   
1.555817E+3   -2.731500E+2   -2.731500E+2   -2.731500E+2   0.000000E+0   0.000000E+0   0.000000E+0   -8.981804E+1   -8.981804E+1   -1.387354E+2   4.960757E-1   -1.400826E-1   6.729202E-4   
1.563231E+3   -2.731500E+2   -2.731500E+2   -2.731500E+2   0.000000E+0   0.000000E+0   0.000000E+0   -1.001010E+2   -1.001010E+2   -1.548416E+2   4.960757E-1   -1.563457E-1   6.729229E-4   
1.571785E+3   -2.731500E+2   -2.731500E+2   -2.731500E+2   0.000000E+0   0.000000E+0   0.000000E+0   -1.499781E+2   -1.499781E+2   -2.334861E+2   9.921549E-1   -2.357562E-1   1.343728E-3   
1.579248E+3   -2.731500E+2   -2.731500E+2   -2.731500E+2   0.000000E+0   0.000000E+0   0.000000E+0   -1.999982E+2   -1.999982E+2   -3.120640E+2   1.157508E+0   -3.150995E-1   1.567330E-3   
1.586710E+3   -2.731500E+2   -2.731500E+2   -2.731500E+2   0.000000E+0   0.000000E+0   0.000000E+0   -2.500183E+2   -2.500183E+2   -3.905443E+2   1.653586E+0   -3.943442E-1   2.238132E-3   
1.594174E+3   -2.731500E+2   -2.731500E+2   -2.731500E+2   0.000000E+0   0.000000E+0   0.000000E+0   -2.998954E+2   -2.998954E+2   -4.689567E+2   1.984301E+0   -4.735203E-1   2.685334E-3   
1.601636E+3   -2.731500E+2   -2.731500E+2   -2.731500E+2   0.000000E+0   0.000000E+0   0.000000E+0   -3.502195E+2   -3.502195E+2   -5.477333E+2   2.315017E+0   -5.530643E-1   3.132537E-3   
1.609097E+3   -2.731500E+2   -2.731500E+2   -2.731500E+2   0.000000E+0   0.000000E+0   0.000000E+0   -4.001324E+2   -4.001324E+2   -6.261456E+2   2.811103E+0   -6.322404E-1   3.803351E-3   
1.616560E+3   -2.731500E+2   -2.731500E+2   -2.731500E+2   0.000000E+0   0.000000E+0   0.000000E+0   -4.499558E+2   -4.499558E+2   -7.040978E+2   3.307172E+0   -7.109518E-1   4.474142E-3   
1.624023E+3   -2.731500E+2   -2.731500E+2   -2.731500E+2   0.000000E+0   0.000000E+0   0.000000E+0   -5.000295E+2   -5.000295E+2   -7.826426E+2   3.472534E+0   -7.902617E-1   4.697755E-3   
1.631486E+3   -2.731500E+2   -2.731500E+2   -2.731500E+2   0.000000E+0   0.000000E+0   0.000000E+0   -5.499781E+2   -5.499781E+2   -8.608571E+2   3.968602E+0   -8.692381E-1   5.368546E-3   
1.638981E+3   -2.731500E+2   -2.731500E+2   -2.731500E+2   0.000000E+0   0.000000E+0   0.000000E+0   -6.001055E+2   -6.001055E+2   -9.393022E+2   4.464671E+0   -9.484473E-1   6.039337E-3   
1.646448E+3   -2.731500E+2   -2.731500E+2   -2.731500E+2   0.000000E+0   0.000000E+0   0.000000E+0   -6.498753E+2   -6.498753E+2   -1.017288E+3   4.795387E+0   -1.027193E+0   6.486539E-3   
1.653915E+3   -2.731500E+2   -2.731500E+2   -2.731500E+2   0.000000E+0   0.000000E+0   0.000000E+0   -7.000564E+2   -7.000564E+2   -1.095833E+3   5.291481E+0   -1.106503E+0   7.157365E-3   
1.661376E+3   -2.731500E+2   -2.731500E+2   -2.731500E+2   0.000000E+0   0.000000E+0   0.000000E+0   -7.501301E+2   -7.501301E+2   -1.174107E+3   5.622197E+0   -1.185539E+0   7.604567E-3   
1.668839E+3   -2.731500E+2   -2.731500E+2   -2.731500E+2   0.000000E+0   0.000000E+0   0.000000E+0   -8.001324E+2   -8.001324E+2   -1.252158E+3   6.019057E+0   -1.264351E+0   8.141210E-3   
1.676302E+3   -2.731500E+2   -2.731500E+2   -2.731500E+2   0.000000E+0   0.000000E+0   0.000000E+0   -8.499915E+2   -8.499915E+2   -1.330144E+3   6.448990E+0   -1.343096E+0   8.722572E-3   
1.683765E+3   -2.731500E+2   -2.731500E+2   -2.731500E+2   0.000000E+0   0.000000E+0   0.000000E+0   -9.001011E+2   -9.001011E+2   -1.408261E+3   6.779705E+0   -1.421974E+0   9.169774E-3   
1.691223E+3   -2.731500E+2   -2.731500E+2   -2.731500E+2   0.000000E+0   0.000000E+0   0.000000E+0   -9.499781E+2   -9.499781E+2   -1.486082E+3   7.275774E+0   -1.500553E+0   9.840565E-3   
1.698685E+3   -2.731500E+2   -2.731500E+2   -2.731500E+2   0.000000E+0   0.000000E+0   0.000000E+0   -9.999267E+2   -9.999267E+2   -1.564125E+3   7.771851E+0   -1.579356E+0   1.051137E-2   
1.707385E+3   -2.731500E+2   -2.731500E+2   -2.731500E+2   0.000000E+0   0.000000E+0   0.000000E+0   -1.100074E+3   -1.100074E+3   -1.720360E+3   8.598636E+0   -1.737113E+0   1.162936E-2   
1.714745E+3   -2.731500E+2   -2.731500E+2   -2.731500E+2   0.000000E+0   0.000000E+0   0.000000E+0   -1.200043E+3   -1.200043E+3   -1.875828E+3   9.260066E+0   -1.894096E+0   1.252377E-2   
1.722219E+3   -2.731500E+2   -2.731500E+2   -2.731500E+2   0.000000E+0   0.000000E+0   0.000000E+0   -1.299904E+3   -1.299904E+3   -2.030869E+3   1.025220E+1   -2.050646E+0   1.386535E-2   
1.729681E+3   -2.731500E+2   -2.731500E+2   -2.731500E+2   0.000000E+0   0.000000E+0   0.000000E+0   -1.400213E+3   -1.400213E+3   -2.185777E+3   1.107901E+1   -2.207064E+0   1.498338E-2   
1.737144E+3   -2.731500E+2   -2.731500E+2   -2.731500E+2   0.000000E+0   0.000000E+0   0.000000E+0   -1.500074E+3   -1.500074E+3   -2.339194E+3   1.174050E+1   -2.361975E+0   1.587785E-2   
1.744607E+3   -2.731500E+2   -2.731500E+2   -2.731500E+2   0.000000E+0   0.000000E+0   0.000000E+0   -1.600097E+3   -1.600097E+3   -2.490955E+3   1.256722E+1   -2.515215E+0   1.699576E-2   
1.752069E+3   -2.731500E+2   -2.731500E+2   -2.731500E+2   0.000000E+0   0.000000E+0   0.000000E+0   -1.699869E+3   -1.699869E+3   -2.638623E+3   1.339403E+1   -2.664321E+0   1.811379E-2   
1.759531E+3   -2.731500E+2   -2.731500E+2   -2.731500E+2   0.000000E+0   0.000000E+0   0.000000E+0   -1.800088E+3   -1.800088E+3   -2.778622E+3   1.389010E+1   -2.805684E+0   1.878459E-2   
1.767001E+3   -2.731500E+2   -2.731500E+2   -2.731500E+2   0.000000E+0   0.000000E+0   0.000000E+0   -1.900021E+3   -1.900021E+3   -2.905852E+3   1.471691E+1   -2.934155E+0   1.990262E-2   
1.774468E+3   -2.731500E+2   -2.731500E+2   -2.731500E+2   0.000000E+0   0.000000E+0   0.000000E+0   -2.000061E+3   -2.000061E+3   -3.019778E+3   1.521298E+1   -3.049192E+0   2.057343E-2   
1.781932E+3   -2.731500E+2   -2.731500E+2   -2.731500E+2   0.000000E+0   0.000000E+0   0.000000E+0   -2.100191E+3   -2.100191E+3   -3.118497E+3   1.587437E+1   -3.148876E+0   2.146778E-2   
1.789395E+3   -2.731500E+2   -2.731500E+2   -2.731500E+2   0.000000E+0   0.000000E+0   0.000000E+0   -2.200016E+3   -2.200016E+3   -3.195058E+3   1.637044E+1   -3.226185E+0   2.213859E-2   
1.796855E+3   -2.731500E+2   -2.731500E+2   -2.731500E+2   0.000000E+0   0.000000E+0   0.000000E+0   -2.300110E+3   -2.300110E+3   -3.242086E+3   1.676732E+1   -3.273676E+0   2.267526E-2   
1.804318E+3   -2.731500E+2   -2.731500E+2   -2.731500E+2   0.000000E+0   0.000000E+0   0.000000E+0   -2.399971E+3   -2.399971E+3   -3.264838E+3   1.703193E+1   -3.296655E+0   2.303309E-2   
1.811794E+3   -2.731500E+2   -2.731500E+2   -2.731500E+2   0.000000E+0   0.000000E+0   0.000000E+0   -2.500083E+3   -2.500083E+3   -3.276050E+3   1.703193E+1   -3.307981E+0   2.303311E-2   
1.819257E+3   -2.731500E+2   -2.731500E+2   -2.731500E+2   0.000000E+0   0.000000E+0   0.000000E+0   -2.600177E+3   -2.600177E+3   -3.282039E+3   1.703193E+1   -3.314035E+0   2.303314E-2   
1.826720E+3   -2.731500E+2   -2.731500E+2   -2.731500E+2   0.000000E+0   0.000000E+0   0.000000E+0   -2.699913E+3   -2.699913E+3   -3.285845E+3   1.703193E+1   -3.317884E+0   2.303317E-2   
1.834182E+3   -2.731500E+2   -2.731500E+2   -2.731500E+2   0.000000E+0   0.000000E+0   0.000000E+0   -2.800061E+3   -2.800061E+3   -3.288489E+3   1.703193E+1   -3.320560E+0   2.303319E-2   
1.841642E+3   -2.731500E+2   -2.731500E+2   -2.731500E+2   0.000000E+0   0.000000E+0   0.000000E+0   -2.900065E+3   -2.900065E+3   -3.289971E+3   1.703193E+1   -3.322063E+0   2.303322E-2   
1.849105E+3   -2.731500E+2   -2.731500E+2   -2.731500E+2   0.000000E+0   0.000000E+0   0.000000E+0   -3.000070E+3   -3.000070E+3   -3.291298E+3   1.706499E+1   -3.323408E+0   2.307796E-2   
1.856574E+3   -2.731500E+2   -2.731500E+2   -2.731500E+2   0.000000E+0   0.000000E+0   0.000000E+0   -3.099860E+3   -3.099860E+3   -3.292286E+3   1.719725E+1   -3.324412E+0   2.325682E-2   
1.864043E+3   -2.731500E+2   -2.731500E+2   -2.731500E+2   0.000000E+0   0.000000E+0   0.000000E+0   -3.200168E+3   -3.200168E+3   -3.293151E+3   1.719725E+1   -3.325292E+0   2.325685E-2   
1.871505E+3   -2.731500E+2   -2.731500E+2   -2.731500E+2   0.000000E+0   0.000000E+0   0.000000E+0   -3.300048E+3   -3.300048E+3   -3.293777E+3   1.719725E+1   -3.325930E+0   2.325688E-2   
1.878966E+3   -2.731500E+2   -2.731500E+2   -2.731500E+2   0.000000E+0   0.000000E+0   0.000000E+0   -3.400034E+3   -3.400034E+3   -3.294436E+3   1.719725E+1   -3.326602E+0   2.325690E-2   
1.886426E+3   -2.731500E+2   -2.731500E+2   -2.731500E+2   0.000000E+0   0.000000E+0   0.000000E+0   -3.500056E+3   -3.500056E+3   -3.294840E+3   1.719725E+1   -3.327016E+0   2.325693E-2   
1.893885E+3   -2.731500E+2   -2.731500E+2   -2.731500E+2   0.000000E+0   0.000000E+0   0.000000E+0   -3.600061E+3   -3.600061E+3   -3.295268E+3   1.719725E+1   -3.327454E+0   2.325695E-2   
1.901360E+3   -2.731500E+2   -2.731500E+2   -2.731500E+2   0.000000E+0   0.000000E+0   0.000000E+0   -3.700101E+3   -3.700101E+3   -3.295762E+3   1.719725E+1   -3.327960E+0   2.325698E-2   
1.908824E+3   -2.731500E+2   -2.731500E+2   -2.731500E+2   0.000000E+0   0.000000E+0   0.000000E+0   -3.800070E+3   -3.800070E+3   -3.295927E+3   1.719725E+1   -3.328132E+0   2.325701E-2   
1.916285E+3   -2.731500E+2   -2.731500E+2   -2.731500E+2   0.000000E+0   0.000000E+0   0.000000E+0   -3.900092E+3   -3.900092E+3   -3.296257E+3   1.719725E+1   -3.328471E+0   2.325703E-2   
1.923748E+3   -2.731500E+2   -2.731500E+2   -2.731500E+2   0.000000E+0   0.000000E+0   0.000000E+0   -4.000043E+3   -4.000043E+3   -3.296487E+3   1.719725E+1   -3.328710E+0   2.325706E-2   
1.931209E+3   -2.731500E+2   -2.731500E+2   -2.731500E+2   0.000000E+0   0.000000E+0   0.000000E+0   -4.100065E+3   -4.100065E+3   -3.296785E+3   1.719725E+1   -3.329017E+0   2.325709E-2   
1.938671E+3   -2.731500E+2   -2.731500E+2   -2.731500E+2   0.000000E+0   0.000000E+0   0.000000E+0   -4.200195E+3   -4.200195E+3   -3.296924E+3   1.719725E+1   -3.329164E+0   2.325711E-2   
1.946136E+3   -2.731500E+2   -2.731500E+2   -2.731500E+2   0.000000E+0   0.000000E+0   0.000000E+0   -4.300235E+3   -4.300235E+3   -3.297221E+3   1.723034E+1   -3.329469E+0   2.330187E-2   
1.953599E+3   -2.731500E+2   -2.731500E+2   -2.731500E+2   0.000000E+0   0.000000E+0   0.000000E+0   -4.400007E+3   -4.400007E+3   -3.297418E+3   1.719725E+1   -3.329675E+0   2.325716E-2   
1.961065E+3   -2.731500E+2   -2.731500E+2   -2.731500E+2   0.000000E+0   0.000000E+0   0.000000E+0   -4.499994E+3   -4.499994E+3   -3.297748E+3   1.719725E+1   -3.330014E+0   2.325719E-2   
1.968527E+3   -2.731500E+2   -2.731500E+2   -2.731500E+2   0.000000E+0   0.000000E+0   0.000000E+0   -4.600177E+3   -4.600177E+3   -3.297912E+3   1.719725E+1   -3.330186E+0   2.325722E-2   
1.975987E+3   -2.731500E+2   -2.731500E+2   -2.731500E+2   0.000000E+0   0.000000E+0   0.000000E+0   -4.700128E+3   -4.700128E+3   -3.298077E+3   1.719725E+1   -3.330359E+0   2.325724E-2   
1.983450E+3   -2.731500E+2   -2.731500E+2   -2.731500E+2   0.000000E+0   0.000000E+0   0.000000E+0   -4.800043E+3   -4.800043E+3   -3.298110E+3   1.719725E+1   -3.330398E+0   2.325727E-2   
1.990913E+3   -2.731500E+2   -2.731500E+2   -2.731500E+2   0.000000E+0   0.000000E+0   0.000000E+0   -4.900155E+3   -4.900155E+3   -3.298407E+3   1.719725E+1   -3.330704E+0   2.325729E-2   
1.998374E+3   -2.731500E+2   -2.731500E+2   -2.731500E+2   0.000000E+0   0.000000E+0   0.000000E+0   -5.000177E+3   -5.000177E+3   -3.298571E+3   1.719725E+1   -3.330876E+0   2.325732E-2   
2.005835E+3   -2.731500E+2   -2.731500E+2   -2.731500E+2   0.000000E+0   0.000000E+0   0.000000E+0   -5.100146E+3   -5.100146E+3   -3.298703E+3   1.736267E+1   -3.331016E+0   2.348102E-2   
2.013298E+3   -2.731500E+2   -2.731500E+2   -2.731500E+2   0.000000E+0   0.000000E+0   0.000000E+0   -5.199936E+3   -5.199936E+3   -3.298868E+3   1.736267E+1   -3.331188E+0   2.348104E-2   
2.020755E+3   -2.731500E+2   -2.731500E+2   -2.731500E+2   0.000000E+0   0.000000E+0   0.000000E+0   -5.300155E+3   -5.300155E+3   -3.299074E+3   1.723034E+1   -3.331403E+0   2.330213E-2   
2.028218E+3   -2.731500E+2   -2.731500E+2   -2.731500E+2   0.000000E+0   0.000000E+0   0.000000E+0   -5.400034E+3   -5.400034E+3   -3.299140E+3   1.719725E+1   -3.331475E+0   2.325742E-2   
2.035679E+3   -2.731500E+2   -2.731500E+2   -2.731500E+2   0.000000E+0   0.000000E+0   0.000000E+0   -5.500057E+3   -5.500057E+3   -3.299239E+3   1.723034E+1   -3.331581E+0   2.330219E-2   
2.043141E+3   -2.731500E+2   -2.731500E+2   -2.731500E+2   0.000000E+0   0.000000E+0   0.000000E+0   -5.600222E+3   -5.600222E+3   -3.299404E+3   1.726342E+1   -3.331754E+0   2.334695E-2   
2.050605E+3   -2.731500E+2   -2.731500E+2   -2.731500E+2   0.000000E+0   0.000000E+0   0.000000E+0   -5.700173E+3   -5.700173E+3   -3.299568E+3   1.719725E+1   -3.331926E+0   2.325750E-2   
2.058078E+3   -2.731500E+2   -2.731500E+2   -2.731500E+2   0.000000E+0   0.000000E+0   0.000000E+0   -5.799981E+3   -5.799981E+3   -3.299667E+3   1.736267E+1   -3.332032E+0   2.348120E-2   
2.065540E+3   -2.731500E+2   -2.731500E+2   -2.731500E+2   0.000000E+0   0.000000E+0   0.000000E+0   -5.899931E+3   -5.899931E+3   -3.299898E+3   1.723034E+1   -3.332271E+0   2.330229E-2   
2.073003E+3   -2.731500E+2   -2.731500E+2   -2.731500E+2   0.000000E+0   0.000000E+0   0.000000E+0   -6.000186E+3   -6.000186E+3   -3.299898E+3   1.719725E+1   -3.332278E+0   2.325758E-2   
2.080466E+3   -2.731500E+2   -2.731500E+2   -2.731500E+2   0.000000E+0   0.000000E+0   0.000000E+0   -6.100101E+3   -6.100101E+3   -3.300063E+3   1.719725E+1   -3.332450E+0   2.325761E-2   
2.087929E+3   -2.731500E+2   -2.731500E+2   -2.731500E+2   0.000000E+0   0.000000E+0   0.000000E+0   -6.199998E+3   -6.199998E+3   -3.300227E+3   1.719725E+1   -3.332623E+0   2.325763E-2   
2.095391E+3   -2.731500E+2   -2.731500E+2   -2.731500E+2   0.000000E+0   0.000000E+0   0.000000E+0   -6.300074E+3   -6.300074E+3   -3.300293E+3   1.719725E+1   -3.332695E+0   2.325766E-2   
2.102853E+3   -2.731500E+2   -2.731500E+2   -2.731500E+2   0.000000E+0   0.000000E+0   0.000000E+0   -6.400115E+3   -6.400115E+3   -3.300392E+3   1.719725E+1   -3.332801E+0   2.325769E-2   
2.110317E+3   -2.731500E+2   -2.731500E+2   -2.731500E+2   0.000000E+0   0.000000E+0   0.000000E+0   -6.499940E+3   -6.499940E+3   -3.300557E+3   1.719725E+1   -3.332974E+0   2.325771E-2   
2.117780E+3   -2.731500E+2   -2.731500E+2   -2.731500E+2   0.000000E+0   0.000000E+0   0.000000E+0   -6.600231E+3   -6.600231E+3   -3.300721E+3   1.719725E+1   -3.333146E+0   2.325774E-2   
2.125243E+3   -2.731500E+2   -2.731500E+2   -2.731500E+2   0.000000E+0   0.000000E+0   0.000000E+0   -6.700200E+3   -6.700200E+3   -3.300787E+3   1.719725E+1   -3.333219E+0   2.325776E-2   
2.132706E+3   -2.731500E+2   -2.731500E+2   -2.731500E+2   0.000000E+0   0.000000E+0   0.000000E+0   -6.799972E+3   -6.799972E+3   -3.300919E+3   1.719725E+1   -3.333358E+0   2.325779E-2   
2.140169E+3   -2.731500E+2   -2.731500E+2   -2.731500E+2   0.000000E+0   0.000000E+0   0.000000E+0   -6.900030E+3   -6.900030E+3   -3.301051E+3   1.719725E+1   -3.333498E+0   2.325782E-2   
2.147631E+3   -2.731500E+2   -2.731500E+2   -2.731500E+2   0.000000E+0   0.000000E+0   0.000000E+0   -7.000052E+3   -7.000052E+3   -3.301183E+3   1.719725E+1   -3.333637E+0   2.325784E-2   
2.155094E+3   -2.731500E+2   -2.731500E+2   -2.731500E+2   0.000000E+0   0.000000E+0   0.000000E+0   -7.100039E+3   -7.100039E+3   -3.301216E+3   1.719725E+1   -3.333676E+0   2.325787E-2   
2.162556E+3   -2.731500E+2   -2.731500E+2   -2.731500E+2   0.000000E+0   0.000000E+0   0.000000E+0   -7.200061E+3   -7.200061E+3   -3.301389E+3   1.719725E+1   -3.333858E+0   2.325790E-2   
2.170018E+3   -2.731500E+2   -2.731500E+2   -2.731500E+2   0.000000E+0   0.000000E+0   0.000000E+0   -7.300083E+3   -7.300083E+3   -3.301389E+3   1.719725E+1   -3.333864E+0   2.325792E-2   
2.177478E+3   -2.731500E+2   -2.731500E+2   -2.731500E+2   0.000000E+0   0.000000E+0   0.000000E+0   -7.400159E+3   -7.400159E+3   -3.301554E+3   1.719725E+1   -3.334036E+0   2.325795E-2   
2.184939E+3   -2.731500E+2   -2.731500E+2   -2.731500E+2   0.000000E+0   0.000000E+0   0.000000E+0   -7.500003E+3   -7.500003E+3   -3.301685E+3   1.719725E+1   -3.334175E+0   2.325797E-2   
2.192410E+3   -2.731500E+2   -2.731500E+2   -2.731500E+2   0.000000E+0   0.000000E+0   0.000000E+0   -7.599990E+3   -7.599990E+3   -3.301718E+3   1.719725E+1   -3.334215E+0   2.325800E-2   
2.199873E+3   -2.731500E+2   -2.731500E+2   -2.731500E+2   0.000000E+0   0.000000E+0   0.000000E+0   -7.700101E+3   -7.700101E+3   -3.301883E+3   1.719725E+1   -3.334387E+0   2.325803E-2   
2.207337E+3   -2.731500E+2   -2.731500E+2   -2.731500E+2   0.000000E+0   0.000000E+0   0.000000E+0   -7.800034E+3   -7.800034E+3   -3.302048E+3   1.719725E+1   -3.334560E+0   2.325805E-2   
2.214801E+3   -2.731500E+2   -2.731500E+2   -2.731500E+2   0.000000E+0   0.000000E+0   0.000000E+0   -7.900074E+3   -7.900074E+3   -3.302048E+3   1.719725E+1   -3.334566E+0   2.325808E-2   
2.222262E+3   -2.731500E+2   -2.731500E+2   -2.731500E+2   0.000000E+0   0.000000E+0   0.000000E+0   -8.000079E+3   -8.000079E+3   -3.302213E+3   1.719725E+1   -3.334739E+0   2.325810E-2   
2.230863E+3   -2.731500E+2   -2.731500E+2   -2.731500E+2   0.000000E+0   0.000000E+0   0.000000E+0   -7.899860E+3   -7.899860E+3   -3.302048E+3   1.719725E+1   -3.334566E+0   2.325808E-2   
2.238326E+3   -2.731500E+2   -2.731500E+2   -2.731500E+2   0.000000E+0   0.000000E+0   0.000000E+0   -7.799855E+3   -7.799855E+3   -3.302048E+3   1.719725E+1   -3.334560E+0   2.325805E-2   
2.245785E+3   -2.731500E+2   -2.731500E+2   -2.731500E+2   0.000000E+0   0.000000E+0   0.000000E+0   -7.700066E+3   -7.700066E+3   -3.301982E+3   1.719725E+1   -3.334487E+0   2.325803E-2   
2.253249E+3   -2.731500E+2   -2.731500E+2   -2.731500E+2   0.000000E+0   0.000000E+0   0.000000E+0   -7.599882E+3   -7.599882E+3   -3.301883E+3   1.719725E+1   -3.334381E+0   2.325800E-2   
2.260710E+3   -2.731500E+2   -2.731500E+2   -2.731500E+2   0.000000E+0   0.000000E+0   0.000000E+0   -7.499914E+3   -7.499914E+3   -3.301718E+3   1.719725E+1   -3.334209E+0   2.325797E-2   
2.268175E+3   -2.731500E+2   -2.731500E+2   -2.731500E+2   0.000000E+0   0.000000E+0   0.000000E+0   -7.399981E+3   -7.399981E+3   -3.301718E+3   1.719725E+1   -3.334203E+0   2.325795E-2   
2.275638E+3   -2.731500E+2   -2.731500E+2   -2.731500E+2   0.000000E+0   0.000000E+0   0.000000E+0   -7.300030E+3   -7.300030E+3   -3.301685E+3   1.719725E+1   -3.334163E+0   2.325792E-2   
2.283100E+3   -2.731500E+2   -2.731500E+2   -2.731500E+2   0.000000E+0   0.000000E+0   0.000000E+0   -7.199793E+3   -7.199793E+3   -3.301554E+3   1.719725E+1   -3.334024E+0   2.325790E-2   
2.290569E+3   -2.731500E+2   -2.731500E+2   -2.731500E+2   0.000000E+0   0.000000E+0   0.000000E+0   -7.099949E+3   -7.099949E+3   -3.301389E+3   1.719725E+1   -3.333851E+0   2.325787E-2   
2.298031E+3   -2.731500E+2   -2.731500E+2   -2.731500E+2   0.000000E+0   0.000000E+0   0.000000E+0   -7.000070E+3   -7.000070E+3   -3.301389E+3   1.723034E+1   -3.333845E+0   2.330258E-2   
2.305494E+3   -2.731500E+2   -2.731500E+2   -2.731500E+2   0.000000E+0   0.000000E+0   0.000000E+0   -6.899905E+3   -6.899905E+3   -3.301389E+3   1.719725E+1   -3.333839E+0   2.325782E-2   
2.312957E+3   -2.731500E+2   -2.731500E+2   -2.731500E+2   0.000000E+0   0.000000E+0   0.000000E+0   -6.799846E+3   -6.799846E+3   -3.301216E+3   1.719725E+1   -3.333658E+0   2.325779E-2   
2.320421E+3   -2.731500E+2   -2.731500E+2   -2.731500E+2   0.000000E+0   0.000000E+0   0.000000E+0   -6.699949E+3   -6.699949E+3   -3.301051E+3   1.719725E+1   -3.333485E+0   2.325776E-2   
2.327883E+3   -2.731500E+2   -2.731500E+2   -2.731500E+2   0.000000E+0   0.000000E+0   0.000000E+0   -6.599981E+3   -6.599981E+3   -3.301051E+3   1.719725E+1   -3.333479E+0   2.325774E-2   
2.335344E+3   -2.731500E+2   -2.731500E+2   -2.731500E+2   0.000000E+0   0.000000E+0   0.000000E+0   -6.499833E+3   -6.499833E+3   -3.300886E+3   1.732958E+1   -3.333306E+0   2.343665E-2   
2.342805E+3   -2.731500E+2   -2.731500E+2   -2.731500E+2   0.000000E+0   0.000000E+0   0.000000E+0   -6.399972E+3   -6.399972E+3   -3.300754E+3   1.736267E+1   -3.333167E+0   2.348136E-2   
2.350268E+3   -2.731500E+2   -2.731500E+2   -2.731500E+2   0.000000E+0   0.000000E+0   0.000000E+0   -6.300003E+3   -6.300003E+3   -3.300721E+3   1.719725E+1   -3.333128E+0   2.325766E-2   
2.357730E+3   -2.731500E+2   -2.731500E+2   -2.731500E+2   0.000000E+0   0.000000E+0   0.000000E+0   -6.199784E+3   -6.199784E+3   -3.300557E+3   1.729650E+1   -3.332955E+0   2.339184E-2   
2.365193E+3   -2.731500E+2   -2.731500E+2   -2.731500E+2   0.000000E+0   0.000000E+0   0.000000E+0   -6.100012E+3   -6.100012E+3   -3.300392E+3   1.736267E+1   -3.332783E+0   2.348128E-2   
2.372658E+3   -2.731500E+2   -2.731500E+2   -2.731500E+2   0.000000E+0   0.000000E+0   0.000000E+0   -5.999936E+3   -5.999936E+3   -3.300326E+3   1.736267E+1   -3.332710E+0   2.348125E-2   
2.380124E+3   -2.731500E+2   -2.731500E+2   -2.731500E+2   0.000000E+0   0.000000E+0   0.000000E+0   -5.899788E+3   -5.899788E+3   -3.300227E+3   1.736267E+1   -3.332604E+0   2.348123E-2   
2.387585E+3   -2.731500E+2   -2.731500E+2   -2.731500E+2   0.000000E+0   0.000000E+0   0.000000E+0   -5.799927E+3   -5.799927E+3   -3.300161E+3   1.736267E+1   -3.332531E+0   2.348120E-2   
2.395048E+3   -2.731500E+2   -2.731500E+2   -2.731500E+2   0.000000E+0   0.000000E+0   0.000000E+0   -5.700030E+3   -5.700030E+3   -3.300063E+3   1.726342E+1   -3.332425E+0   2.334697E-2   
2.402509E+3   -2.731500E+2   -2.731500E+2   -2.731500E+2   0.000000E+0   0.000000E+0   0.000000E+0   -5.599972E+3   -5.599972E+3   -3.299898E+3   1.729650E+1   -3.332253E+0   2.339168E-2   
2.409971E+3   -2.731500E+2   -2.731500E+2   -2.731500E+2   0.000000E+0   0.000000E+0   0.000000E+0   -5.499967E+3   -5.499967E+3   -3.299601E+3   1.736267E+1   -3.331947E+0   2.348112E-2   
2.417434E+3   -2.731500E+2   -2.731500E+2   -2.731500E+2   0.000000E+0   0.000000E+0   0.000000E+0   -5.399998E+3   -5.399998E+3   -3.299404E+3   1.736267E+1   -3.331741E+0   2.348110E-2   
2.424897E+3   -2.731500E+2   -2.731500E+2   -2.731500E+2   0.000000E+0   0.000000E+0   0.000000E+0   -5.299958E+3   -5.299958E+3   -3.299239E+3   1.736267E+1   -3.331569E+0   2.348107E-2   
2.432359E+3   -2.731500E+2   -2.731500E+2   -2.731500E+2   0.000000E+0   0.000000E+0   0.000000E+0   -5.199775E+3   -5.199775E+3   -3.299239E+3   1.736267E+1   -3.331563E+0   2.348104E-2   
2.439821E+3   -2.731500E+2   -2.731500E+2   -2.731500E+2   0.000000E+0   0.000000E+0   0.000000E+0   -5.099842E+3   -5.099842E+3   -3.299074E+3   1.732958E+1   -3.331390E+0   2.343628E-2   
2.447283E+3   -2.731500E+2   -2.731500E+2   -2.731500E+2   0.000000E+0   0.000000E+0   0.000000E+0   -4.999981E+3   -4.999981E+3   -3.298901E+3   1.736267E+1   -3.331209E+0   2.348099E-2   
2.454747E+3   -2.731500E+2   -2.731500E+2   -2.731500E+2   0.000000E+0   0.000000E+0   0.000000E+0   -4.900119E+3   -4.900119E+3   -3.298604E+3   1.736267E+1   -3.330903E+0   2.348097E-2   
2.462207E+3   -2.731500E+2   -2.731500E+2   -2.731500E+2   0.000000E+0   0.000000E+0   0.000000E+0   -4.799936E+3   -4.799936E+3   -3.298571E+3   1.736267E+1   -3.330864E+0   2.348094E-2   
2.469669E+3   -2.731500E+2   -2.731500E+2   -2.731500E+2   0.000000E+0   0.000000E+0   0.000000E+0   -4.699896E+3   -4.699896E+3   -3.298374E+3   1.719725E+1   -3.330658E+0   2.325724E-2   
2.477130E+3   -2.731500E+2   -2.731500E+2   -2.731500E+2   0.000000E+0   0.000000E+0   0.000000E+0   -4.599980E+3   -4.599980E+3   -3.298077E+3   1.736267E+1   -3.330353E+0   2.348089E-2   
2.484593E+3   -2.731500E+2   -2.731500E+2   -2.731500E+2   0.000000E+0   0.000000E+0   0.000000E+0   -4.499958E+3   -4.499958E+3   -3.298077E+3   1.736267E+1   -3.330346E+0   2.348086E-2   
2.492053E+3   -2.731500E+2   -2.731500E+2   -2.731500E+2   0.000000E+0   0.000000E+0   0.000000E+0   -4.399918E+3   -4.399918E+3   -3.297912E+3   1.723034E+1   -3.330174E+0   2.330190E-2   
2.499522E+3   -2.731500E+2   -2.731500E+2   -2.731500E+2   0.000000E+0   0.000000E+0   0.000000E+0   -4.299985E+3   -4.299985E+3   -3.297748E+3   1.723034E+1   -3.330001E+0   2.330187E-2   
2.506983E+3   -2.731500E+2   -2.731500E+2   -2.731500E+2   0.000000E+0   0.000000E+0   0.000000E+0   -4.200034E+3   -4.200034E+3   -3.297583E+3   1.719725E+1   -3.329829E+0   2.325711E-2   
2.514446E+3   -2.731500E+2   -2.731500E+2   -2.731500E+2   0.000000E+0   0.000000E+0   0.000000E+0   -4.099833E+3   -4.099833E+3   -3.297254E+3   1.736267E+1   -3.329490E+0   2.348076E-2   
2.521913E+3   -2.731500E+2   -2.731500E+2   -2.731500E+2   0.000000E+0   0.000000E+0   0.000000E+0   -3.999936E+3   -3.999936E+3   -3.297089E+3   1.719725E+1   -3.329317E+0   2.325706E-2   
2.529376E+3   -2.731500E+2   -2.731500E+2   -2.731500E+2   0.000000E+0   0.000000E+0   0.000000E+0   -3.899913E+3   -3.899913E+3   -3.296820E+3   1.719725E+1   -3.329040E+0   2.325703E-2   
2.536886E+3   -2.731500E+2   -2.731500E+2   -2.731500E+2   0.000000E+0   0.000000E+0   0.000000E+0   -3.799909E+3   -3.799909E+3   -3.296586E+3   1.719725E+1   -3.328797E+0   2.325701E-2   
2.544350E+3   -2.731500E+2   -2.731500E+2   -2.731500E+2   0.000000E+0   0.000000E+0   0.000000E+0   -3.699940E+3   -3.699940E+3   -3.296257E+3   1.719725E+1   -3.328459E+0   2.325698E-2   
2.551811E+3   -2.731500E+2   -2.731500E+2   -2.731500E+2   0.000000E+0   0.000000E+0   0.000000E+0   -3.599900E+3   -3.599900E+3   -3.295762E+3   1.719725E+1   -3.327953E+0   2.325695E-2   
2.559274E+3   -2.731500E+2   -2.731500E+2   -2.731500E+2   0.000000E+0   0.000000E+0   0.000000E+0   -3.500074E+3   -3.500074E+3   -3.295433E+3   1.719725E+1   -3.327615E+0   2.325693E-2   
2.566736E+3   -2.731500E+2   -2.731500E+2   -2.731500E+2   0.000000E+0   0.000000E+0   0.000000E+0   -3.399891E+3   -3.399891E+3   -3.294939E+3   1.719725E+1   -3.327109E+0   2.325690E-2   
2.574199E+3   -2.731500E+2   -2.731500E+2   -2.731500E+2   0.000000E+0   0.000000E+0   0.000000E+0   -3.299940E+3   -3.299940E+3   -3.294436E+3   1.719725E+1   -3.326596E+0   2.325688E-2   
2.581668E+3   -2.731500E+2   -2.731500E+2   -2.731500E+2   0.000000E+0   0.000000E+0   0.000000E+0   -3.199918E+3   -3.199918E+3   -3.293777E+3   1.719725E+1   -3.325924E+0   2.325685E-2   
2.589135E+3   -2.731500E+2   -2.731500E+2   -2.731500E+2   0.000000E+0   0.000000E+0   0.000000E+0   -3.099842E+3   -3.099842E+3   -3.293052E+3   1.719725E+1   -3.325186E+0   2.325682E-2   
2.596599E+3   -2.731500E+2   -2.731500E+2   -2.731500E+2   0.000000E+0   0.000000E+0   0.000000E+0   -2.999873E+3   -2.999873E+3   -3.292121E+3   1.719725E+1   -3.324240E+0   2.325680E-2   
2.604060E+3   -2.731500E+2   -2.731500E+2   -2.731500E+2   0.000000E+0   0.000000E+0   0.000000E+0   -2.899958E+3   -2.899958E+3   -3.290803E+3   1.709806E+1   -3.322903E+0   2.312264E-2   
2.611524E+3   -2.731500E+2   -2.731500E+2   -2.731500E+2   0.000000E+0   0.000000E+0   0.000000E+0   -2.800007E+3   -2.800007E+3   -3.288983E+3   1.703193E+1   -3.321059E+0   2.303319E-2   
2.618985E+3   -2.731500E+2   -2.731500E+2   -2.731500E+2   0.000000E+0   0.000000E+0   0.000000E+0   -2.699967E+3   -2.699967E+3   -3.286503E+3   1.703193E+1   -3.318549E+0   2.303317E-2   
2.626459E+3   -2.731500E+2   -2.731500E+2   -2.731500E+2   0.000000E+0   0.000000E+0   0.000000E+0   -2.599945E+3   -2.599945E+3   -3.282862E+3   1.703193E+1   -3.314866E+0   2.303314E-2   
2.633921E+3   -2.731500E+2   -2.731500E+2   -2.731500E+2   0.000000E+0   0.000000E+0   0.000000E+0   -2.499958E+3   -2.499958E+3   -3.276750E+3   1.703193E+1   -3.308689E+0   2.303311E-2   
2.641383E+3   -2.731500E+2   -2.731500E+2   -2.731500E+2   0.000000E+0   0.000000E+0   0.000000E+0   -2.399918E+3   -2.399918E+3   -3.265671E+3   1.703193E+1   -3.297495E+0   2.303309E-2   
2.648847E+3   -2.731500E+2   -2.731500E+2   -2.731500E+2   0.000000E+0   0.000000E+0   0.000000E+0   -2.299949E+3   -2.299949E+3   -3.242852E+3   1.686651E+1   -3.274450E+0   2.280939E-2   
2.656311E+3   -2.731500E+2   -2.731500E+2   -2.731500E+2   0.000000E+0   0.000000E+0   0.000000E+0   -2.199927E+3   -2.199927E+3   -3.195725E+3   1.653586E+1   -3.226859E+0   2.236226E-2   
2.663774E+3   -2.731500E+2   -2.731500E+2   -2.731500E+2   0.000000E+0   0.000000E+0   0.000000E+0   -2.099976E+3   -2.099976E+3   -3.119659E+3   1.587437E+1   -3.150049E+0   2.146778E-2   
2.671239E+3   -2.731500E+2   -2.731500E+2   -2.731500E+2   0.000000E+0   0.000000E+0   0.000000E+0   -1.999775E+3   -1.999775E+3   -3.022092E+3   1.524604E+1   -3.051529E+0   2.061814E-2   
2.678707E+3   -2.731500E+2   -2.731500E+2   -2.731500E+2   0.000000E+0   0.000000E+0   0.000000E+0   -1.899949E+3   -1.899949E+3   -2.909583E+3   1.471691E+1   -2.937922E+0   1.990262E-2   
2.686173E+3   -2.731500E+2   -2.731500E+2   -2.731500E+2   0.000000E+0   0.000000E+0   0.000000E+0   -1.800034E+3   -1.800034E+3   -2.784149E+3   1.405551E+1   -2.811266E+0   1.900826E-2   
2.693635E+3   -2.731500E+2   -2.731500E+2   -2.731500E+2   0.000000E+0   0.000000E+0   0.000000E+0   -1.699922E+3   -1.699922E+3   -2.645897E+3   1.339403E+1   -2.671666E+0   1.811379E-2   
2.701099E+3   -2.731500E+2   -2.731500E+2   -2.731500E+2   0.000000E+0   0.000000E+0   0.000000E+0   -1.599900E+3   -1.599900E+3   -2.498031E+3   1.256722E+1   -2.522360E+0   1.699576E-2   
2.708561E+3   -2.731500E+2   -2.731500E+2   -2.731500E+2   0.000000E+0   0.000000E+0   0.000000E+0   -1.499949E+3   -1.499949E+3   -2.345809E+3   1.190582E+1   -2.368654E+0   1.610140E-2   
2.716024E+3   -2.731500E+2   -2.731500E+2   -2.731500E+2   0.000000E+0   0.000000E+0   0.000000E+0   -1.400106E+3   -1.400106E+3   -2.192152E+3   1.107901E+1   -2.213501E+0   1.498338E-2   
2.723485E+3   -2.731500E+2   -2.731500E+2   -2.731500E+2   0.000000E+0   0.000000E+0   0.000000E+0   -1.299886E+3   -1.299886E+3   -2.037013E+3   1.025220E+1   -2.056851E+0   1.386535E-2   
2.730998E+3   -2.731500E+2   -2.731500E+2   -2.731500E+2   0.000000E+0   0.000000E+0   0.000000E+0   -1.199918E+3   -1.199918E+3   -1.881949E+3   9.425394E+0   -1.900276E+0   1.274732E-2   
2.738459E+3   -2.731500E+2   -2.731500E+2   -2.731500E+2   0.000000E+0   0.000000E+0   0.000000E+0   -1.100074E+3   -1.100074E+3   -1.726406E+3   8.598636E+0   -1.743218E+0   1.162936E-2   
2.745923E+3   -2.731500E+2   -2.731500E+2   -2.731500E+2   0.000000E+0   0.000000E+0   0.000000E+0   -9.998015E+2   -9.998015E+2   -1.570312E+3   7.937205E+0   -1.585603E+0   1.073496E-2   
2.754625E+3   -2.731500E+2   -2.731500E+2   -2.731500E+2   0.000000E+0   0.000000E+0   0.000000E+0   -9.497635E+2   -9.497635E+2   -1.492524E+3   7.441136E+0   -1.507057E+0   1.006417E-2   
2.761985E+3   -2.731500E+2   -2.731500E+2   -2.731500E+2   0.000000E+0   0.000000E+0   0.000000E+0   -8.999759E+2   -8.999759E+2   -1.414646E+3   6.945058E+0   -1.428421E+0   9.393363E-3   
2.769446E+3   -2.731500E+2   -2.731500E+2   -2.731500E+2   0.000000E+0   0.000000E+0   0.000000E+0   -8.498306E+2   -8.498306E+2   -1.336429E+3   6.614343E+0   -1.349443E+0   8.946161E-3   
2.776907E+3   -2.731500E+2   -2.731500E+2   -2.731500E+2   0.000000E+0   0.000000E+0   0.000000E+0   -8.000072E+2   -8.000072E+2   -1.258444E+3   6.118274E+0   -1.270697E+0   8.275370E-3   
2.784370E+3   -2.731500E+2   -2.731500E+2   -2.731500E+2   0.000000E+0   0.000000E+0   0.000000E+0   -7.499871E+2   -7.499871E+2   -1.180326E+3   5.787559E+0   -1.191819E+0   7.828168E-3   
2.791832E+3   -2.731500E+2   -2.731500E+2   -2.731500E+2   0.000000E+0   0.000000E+0   0.000000E+0   -7.000385E+2   -7.000385E+2   -1.102275E+3   5.456843E+0   -1.113007E+0   7.380966E-3   
2.799294E+3   -2.731500E+2   -2.731500E+2   -2.731500E+2   0.000000E+0   0.000000E+0   0.000000E+0   -6.497859E+2   -6.497859E+2   -1.023599E+3   4.960749E+0   -1.033565E+0   6.710140E-3   
2.806769E+3   -2.731500E+2   -2.731500E+2   -2.731500E+2   0.000000E+0   0.000000E+0   0.000000E+0   -5.998552E+2   -5.998552E+2   -9.456864E+2   4.464671E+0   -9.548934E-1   6.039337E-3   
2.814232E+3   -2.731500E+2   -2.731500E+2   -2.731500E+2   0.000000E+0   0.000000E+0   0.000000E+0   -5.500139E+2   -5.500139E+2   -8.675361E+2   4.133956E+0   -8.759818E-1   5.592135E-3   
2.821693E+3   -2.731500E+2   -2.731500E+2   -2.731500E+2   0.000000E+0   0.000000E+0   0.000000E+0   -4.999401E+2   -4.999401E+2   -7.890918E+2   3.637887E+0   -7.967735E-1   4.921344E-3   
2.829156E+3   -2.731500E+2   -2.731500E+2   -2.731500E+2   0.000000E+0   0.000000E+0   0.000000E+0   -4.499200E+2   -4.499200E+2   -7.108773E+2   3.307172E+0   -7.177972E-1   4.474142E-3   
2.836620E+3   -2.731500E+2   -2.731500E+2   -2.731500E+2   0.000000E+0   0.000000E+0   0.000000E+0   -4.000787E+2   -4.000787E+2   -6.327929E+2   2.976456E+0   -6.389521E-1   4.026940E-3   
2.844081E+3   -2.731500E+2   -2.731500E+2   -2.731500E+2   0.000000E+0   0.000000E+0   0.000000E+0   -3.499155E+2   -3.499155E+2   -5.541492E+2   2.480370E+0   -5.595425E-1   3.356125E-3   
2.851544E+3   -2.731500E+2   -2.731500E+2   -2.731500E+2   0.000000E+0   0.000000E+0   0.000000E+0   -2.998239E+2   -2.998239E+2   -4.756037E+2   2.149655E+0   -4.802319E-1   2.908923E-3   
2.859006E+3   -2.731500E+2   -2.731500E+2   -2.731500E+2   0.000000E+0   0.000000E+0   0.000000E+0   -2.499289E+2   -2.499289E+2   -3.973570E+2   1.818948E+0   -4.012230E-1   2.461733E-3   
2.866469E+3   -2.731500E+2   -2.731500E+2   -2.731500E+2   0.000000E+0   0.000000E+0   0.000000E+0   -1.999088E+2   -1.999088E+2   -3.188105E+2   1.322870E+0   -3.219114E-1   1.790930E-3   
2.873930E+3   -2.731500E+2   -2.731500E+2   -2.731500E+2   0.000000E+0   0.000000E+0   0.000000E+0   -1.498708E+2   -1.498708E+2   -2.403319E+2   9.921549E-1   -2.426684E-1   1.343728E-3   
2.881390E+3   -2.731500E+2   -2.731500E+2   -2.731500E+2   0.000000E+0   0.000000E+0   0.000000E+0   -1.000295E+2   -1.000295E+2   -1.617200E+2   6.614352E-1   -1.632908E-1   8.965197E-4   
2.889842E+3   -2.731500E+2   -2.731500E+2   -2.731500E+2   0.000000E+0   0.000000E+0   0.000000E+0   -8.987169E+1   -8.987169E+1   -1.458461E+2   6.614352E-1   -1.472623E-1   8.965171E-4   
2.897203E+3   -2.731500E+2   -2.731500E+2   -2.731500E+2   0.000000E+0   0.000000E+0   0.000000E+0   -7.992847E+1   -7.992847E+1   -1.303026E+2   4.960757E-1   -1.315673E-1   6.729176E-4   
2.904566E+3   -2.731500E+2   -2.731500E+2   -2.731500E+2   0.000000E+0   0.000000E+0   0.000000E+0   -7.003890E+1   -7.003890E+1   -1.145935E+2   4.960757E-1   -1.157052E-1   6.729150E-4   
2.911978E+3   -2.731500E+2   -2.731500E+2   -2.731500E+2   0.000000E+0   0.000000E+0   0.000000E+0   -5.991684E+1   -5.991684E+1   -9.855401E+1   3.307180E-1   -9.950953E-2   4.493178E-4   
2.919341E+3   -2.731500E+2   -2.731500E+2   -2.731500E+2   0.000000E+0   0.000000E+0   0.000000E+0   -5.002727E+1   -5.002727E+1   -8.317518E+1   3.307180E-1   -8.398090E-2   4.493152E-4   
2.926753E+3   -2.731500E+2   -2.731500E+2   -2.731500E+2   0.000000E+0   0.000000E+0   0.000000E+0   -3.997675E+1   -3.997675E+1   -6.726781E+1   1.653586E-1   -6.791859E-2   2.257157E-4   
2.934116E+3   -2.731500E+2   -2.731500E+2   -2.731500E+2   0.000000E+0   0.000000E+0   0.000000E+0   -2.994412E+1   -2.994412E+1   -5.159185E+1   1.653586E-1   -5.208993E-2   2.257131E-4   
2.941478E+3   -2.731500E+2   -2.731500E+2   -2.731500E+2   0.000000E+0   0.000000E+0   0.000000E+0   -1.992936E+1   -1.992936E+1   -3.555206E+1   0.000000E+0   -3.589392E-2   2.114716E-6   
2.948840E+3   -2.731500E+2   -2.731500E+2   -2.731500E+2   0.000000E+0   0.000000E+0   0.000000E+0   -9.896723E+0   -9.896723E+0   -1.984301E+1   0.000000E+0   -2.003186E-2   2.112095E-6   
2.956203E+3   -2.731500E+2   -2.731500E+2   -2.731500E+2   0.000000E+0   0.000000E+0   0.000000E+0   4.649710E-2   4.649710E-2   -4.299318E+0   0.000000E+0   -4.336758E-3   2.109497E-6   
2.963564E+3   -2.731500E+2   -2.731500E+2   -2.731500E+2   0.000000E+0   0.000000E+0   0.000000E+0   1.002548E+1   1.002548E+1   1.140976E+1   0.000000E+0   1.152533E-2   2.106889E-6   
2.970878E+3   -2.731500E+2   -2.731500E+2   -2.731500E+2   0.000000E+0   0.000000E+0   0.000000E+0   1.998659E+1   1.998659E+1   2.728413E+1   -9.921515E-2   2.755432E-2   -1.320532E-4   
2.978291E+3   -2.731500E+2   -2.731500E+2   -2.731500E+2   0.000000E+0   0.000000E+0   0.000000E+0   3.009076E+1   3.009076E+1   4.315868E+1   -1.653586E-1   4.358349E-2   -2.214941E-4   
2.985651E+3   -2.731500E+2   -2.731500E+2   -2.731500E+2   0.000000E+0   0.000000E+0   0.000000E+0   4.003398E+1   4.003398E+1   5.870222E+1   -1.653586E-1   5.927844E-2   -2.214967E-4   
2.992961E+3   -2.731500E+2   -2.731500E+2   -2.731500E+2   0.000000E+0   0.000000E+0   0.000000E+0   5.012027E+1   5.012027E+1   7.457660E+1   -3.307180E-1   7.530744E-2   -4.450962E-4   
3.000282E+3   -2.731500E+2   -2.731500E+2   -2.731500E+2   0.000000E+0   0.000000E+0   0.000000E+0   6.004561E+1   6.004561E+1   9.028591E+1   -3.307180E-1   9.116976E-2   -4.450988E-4   
3.007645E+3   -2.731500E+2   -2.731500E+2   -2.731500E+2   0.000000E+0   0.000000E+0   0.000000E+0   7.013189E+1   7.013189E+1   1.063253E+2   -4.960757E-1   1.073654E-1   -6.686960E-4   
3.015007E+3   -2.731500E+2   -2.731500E+2   -2.731500E+2   0.000000E+0   0.000000E+0   0.000000E+0   8.003935E+1   8.003935E+1   1.218689E+2   -4.960757E-1   1.230604E-1   -6.686986E-4   
3.022371E+3   -2.731500E+2   -2.731500E+2   -2.731500E+2   0.000000E+0   0.000000E+0   0.000000E+0   8.994680E+1   8.994680E+1   1.374124E+2   -6.614352E-1   1.387553E-1   -8.922981E-4   
3.029785E+3   -2.731500E+2   -2.731500E+2   -2.731500E+2   0.000000E+0   0.000000E+0   0.000000E+0   1.000867E+2   1.000867E+2   1.532872E+2   -6.614352E-1   1.547847E-1   -8.923007E-4   
3.038333E+3   -2.731500E+2   -2.731500E+2   -2.731500E+2   0.000000E+0   0.000000E+0   0.000000E+0   1.501069E+2   1.501069E+2   2.321631E+2   -1.157508E+0   2.344289E-1   -1.563097E-3   
3.045797E+3   -2.731500E+2   -2.731500E+2   -2.731500E+2   0.000000E+0   0.000000E+0   0.000000E+0   2.000912E+2   2.000912E+2   3.108735E+2   -1.322870E+0   3.139060E-1   -1.786711E-3   
3.053260E+3   -2.731500E+2   -2.731500E+2   -2.731500E+2   0.000000E+0   0.000000E+0   0.000000E+0   2.498967E+2   2.498967E+2   3.890889E+2   -1.818948E+0   3.928832E-1   -2.457514E-3   
3.060723E+3   -2.731500E+2   -2.731500E+2   -2.731500E+2   0.000000E+0   0.000000E+0   0.000000E+0   3.001315E+2   3.001315E+2   4.679318E+2   -2.149655E+0   4.724940E-1   -2.904704E-3   
3.068185E+3   -2.731500E+2   -2.731500E+2   -2.731500E+2   0.000000E+0   0.000000E+0   0.000000E+0   3.500979E+2   3.500979E+2   5.463772E+2   -2.480370E+0   5.517036E-1   -3.351906E-3   
3.075647E+3   -2.731500E+2   -2.731500E+2   -2.731500E+2   0.000000E+0   0.000000E+0   0.000000E+0   4.002611E+2   4.002611E+2   6.249882E+2   -2.976456E+0   6.310803E-1   -4.022721E-3   
3.083108E+3   -2.731500E+2   -2.731500E+2   -2.731500E+2   0.000000E+0   0.000000E+0   0.000000E+0   4.501918E+2   4.501918E+2   7.034363E+2   -3.472534E+0   7.102925E-1   -4.693523E-3   
3.090571E+3   -2.731500E+2   -2.731500E+2   -2.731500E+2   0.000000E+0   0.000000E+0   0.000000E+0   5.000510E+2   5.000510E+2   7.818155E+2   -3.637887E+0   7.894351E-1   -4.917125E-3   
3.098032E+3   -2.731500E+2   -2.731500E+2   -2.731500E+2   0.000000E+0   0.000000E+0   0.000000E+0   5.501248E+2   5.501248E+2   8.601956E+2   -4.133956E+0   8.685787E-1   -5.587916E-3   
3.105496E+3   -2.731500E+2   -2.731500E+2   -2.731500E+2   0.000000E+0   0.000000E+0   0.000000E+0   6.000376E+2   6.000376E+2   9.385774E+2   -4.630033E+0   9.477240E-1   -6.258718E-3   
3.112958E+3   -2.731500E+2   -2.731500E+2   -2.731500E+2   0.000000E+0   0.000000E+0   0.000000E+0   6.501113E+2   6.501113E+2   1.016958E+3   -4.960749E+0   1.026868E+0   -6.705921E-3   
3.120420E+3   -2.731500E+2   -2.731500E+2   -2.731500E+2   0.000000E+0   0.000000E+0   0.000000E+0   7.002030E+2   7.002030E+2   1.095462E+3   -5.456843E+0   1.106137E+0   -7.376747E-3   
3.127880E+3   -2.731500E+2   -2.731500E+2   -2.731500E+2   0.000000E+0   0.000000E+0   0.000000E+0   7.501516E+2   7.501516E+2   1.173712E+3   -5.787559E+0   1.185149E+0   -7.823949E-3   
3.135341E+3   -2.731500E+2   -2.731500E+2   -2.731500E+2   0.000000E+0   0.000000E+0   0.000000E+0   8.001538E+2   8.001538E+2   1.252093E+3   -6.283628E+0   1.264293E+0   -8.494740E-3   
3.142801E+3   -2.731500E+2   -2.731500E+2   -2.731500E+2   0.000000E+0   0.000000E+0   0.000000E+0   8.501024E+2   8.501024E+2   1.330309E+3   -6.614343E+0   1.343271E+0   -8.941942E-3   
3.150264E+3   -2.731500E+2   -2.731500E+2   -2.731500E+2   0.000000E+0   0.000000E+0   0.000000E+0   8.999616E+2   8.999616E+2   1.408426E+3   -6.945058E+0   1.422149E+0   -9.389144E-3   
3.157725E+3   -2.731500E+2   -2.731500E+2   -2.731500E+2   0.000000E+0   0.000000E+0   0.000000E+0   9.499459E+2   9.499459E+2   1.486609E+3   -7.441136E+0   1.501094E+0   -1.005995E-2   
3.165187E+3   -2.731500E+2   -2.731500E+2   -2.731500E+2   0.000000E+0   0.000000E+0   0.000000E+0   9.999661E+2   9.999661E+2   1.564793E+3   -7.937205E+0   1.580039E+0   -1.073074E-2   
3.173740E+3   -2.731500E+2   -2.731500E+2   -2.731500E+2   0.000000E+0   0.000000E+0   0.000000E+0   1.100239E+3   1.100239E+3   1.721546E+3   -8.763998E+0   1.738319E+0   -1.184874E-2   
3.181204E+3   -2.731500E+2   -2.731500E+2   -2.731500E+2   0.000000E+0   0.000000E+0   0.000000E+0   1.200136E+3   1.200136E+3   1.877415E+3   -9.425394E+0   1.895706E+0   -1.274310E-2   
3.188664E+3   -2.731500E+2   -2.731500E+2   -2.731500E+2   0.000000E+0   0.000000E+0   0.000000E+0   1.300105E+3   1.300105E+3   2.032920E+3   -1.041753E+1   2.052726E+0   -1.408468E-2   
3.196127E+3   -2.731500E+2   -2.731500E+2   -2.731500E+2   0.000000E+0   0.000000E+0   0.000000E+0   1.400127E+3   1.400127E+3   2.188223E+3   -1.124443E+1   2.209542E+0   -1.520283E-2   
3.203589E+3   -2.731500E+2   -2.731500E+2   -2.731500E+2   0.000000E+0   0.000000E+0   0.000000E+0   1.500239E+3   1.500239E+3   2.342398E+3   -1.190582E+1   2.365219E+0   -1.609718E-2   
3.211053E+3   -2.731500E+2   -2.731500E+2   -2.731500E+2   0.000000E+0   0.000000E+0   0.000000E+0   1.600064E+3   1.600064E+3   2.494531E+3   -1.273263E+1   2.518834E+0   -1.721521E-2   
3.218526E+3   -2.731500E+2   -2.731500E+2   -2.731500E+2   0.000000E+0   0.000000E+0   0.000000E+0   1.700033E+3   1.700033E+3   2.642824E+3   -1.355944E+1   2.668572E+0   -1.833324E-2   
3.225990E+3   -2.731500E+2   -2.731500E+2   -2.731500E+2   0.000000E+0   0.000000E+0   0.000000E+0   1.800127E+3   1.800127E+3   2.782889E+3   -1.422084E+1   2.810001E+0   -1.922760E-2   
3.233451E+3   -2.731500E+2   -2.731500E+2   -2.731500E+2   0.000000E+0   0.000000E+0   0.000000E+0   1.900221E+3   1.900221E+3   2.910316E+3   -1.488224E+1   2.938671E+0   -2.012196E-2   
3.240914E+3   -2.731500E+2   -2.731500E+2   -2.731500E+2   0.000000E+0   0.000000E+0   0.000000E+0   2.000118E+3   2.000118E+3   3.024078E+3   -1.537831E+1   3.053542E+0   -2.079276E-2   
3.248375E+3   -2.731500E+2   -2.731500E+2   -2.731500E+2   0.000000E+0   0.000000E+0   0.000000E+0   2.100301E+3   2.100301E+3   3.122567E+3   -1.603979E+1   3.152993E+0   -2.168723E-2   
3.255838E+3   -2.731500E+2   -2.731500E+2   -2.731500E+2   0.000000E+0   0.000000E+0   0.000000E+0   2.200145E+3   2.200145E+3   3.198205E+3   -1.660199E+1   3.229371E+0   -2.244746E-2   
3.263301E+3   -2.731500E+2   -2.731500E+2   -2.731500E+2   0.000000E+0   0.000000E+0   0.000000E+0   2.300096E+3   2.300096E+3   3.244006E+3   -1.703193E+1   3.275622E+0   -2.302884E-2   
3.270764E+3   -2.731500E+2   -2.731500E+2   -2.731500E+2   0.000000E+0   0.000000E+0   0.000000E+0   2.400064E+3   2.400064E+3   3.266132E+3   -1.719725E+1   3.297970E+0   -2.325242E-2   
3.278226E+3   -2.731500E+2   -2.731500E+2   -2.731500E+2   0.000000E+0   0.000000E+0   0.000000E+0   2.500176E+3   2.500176E+3   3.276915E+3   -1.719725E+1   3.308863E+0   -2.325245E-2   
3.285687E+3   -2.731500E+2   -2.731500E+2   -2.731500E+2   0.000000E+0   0.000000E+0   0.000000E+0   2.600091E+3   2.600091E+3   3.282862E+3   -1.719725E+1   3.314875E+0   -2.325247E-2   
3.293146E+3   -2.731500E+2   -2.731500E+2   -2.731500E+2   0.000000E+0   0.000000E+0   0.000000E+0   2.700078E+3   2.700078E+3   3.286372E+3   -1.719725E+1   3.318424E+0   -2.325250E-2   
3.300608E+3   -2.731500E+2   -2.731500E+2   -2.731500E+2   0.000000E+0   0.000000E+0   0.000000E+0   2.800172E+3   2.800172E+3   3.288818E+3   -1.719725E+1   3.320901E+0   -2.325253E-2   
3.308069E+3   -2.731500E+2   -2.731500E+2   -2.731500E+2   0.000000E+0   0.000000E+0   0.000000E+0   2.900105E+3   2.900105E+3   3.290474E+3   -1.736267E+1   3.322579E+0   -2.347622E-2   
3.315531E+3   -2.731500E+2   -2.731500E+2   -2.731500E+2   0.000000E+0   0.000000E+0   0.000000E+0   3.000145E+3   3.000145E+3   3.291627E+3   -1.736267E+1   3.323749E+0   -2.347625E-2   
3.322992E+3   -2.731500E+2   -2.731500E+2   -2.731500E+2   0.000000E+0   0.000000E+0   0.000000E+0   3.100096E+3   3.100096E+3   3.292624E+3   -1.736267E+1   3.324762E+0   -2.347628E-2   
3.330456E+3   -2.731500E+2   -2.731500E+2   -2.731500E+2   0.000000E+0   0.000000E+0   0.000000E+0   3.200118E+3   3.200118E+3   3.293349E+3   -1.736267E+1   3.325500E+0   -2.347630E-2   
3.337917E+3   -2.731500E+2   -2.731500E+2   -2.731500E+2   0.000000E+0   0.000000E+0   0.000000E+0   3.300105E+3   3.300105E+3   3.294107E+3   -1.736267E+1   3.326271E+0   -2.347633E-2   
3.345379E+3   -2.731500E+2   -2.731500E+2   -2.731500E+2   0.000000E+0   0.000000E+0   0.000000E+0   3.400038E+3   3.400038E+3   3.294609E+3   -1.736267E+1   3.326785E+0   -2.347635E-2   
3.352841E+3   -2.731500E+2   -2.731500E+2   -2.731500E+2   0.000000E+0   0.000000E+0   0.000000E+0   3.500221E+3   3.500221E+3   3.295104E+3   -1.736267E+1   3.327290E+0   -2.347638E-2   
3.360306E+3   -2.731500E+2   -2.731500E+2   -2.731500E+2   0.000000E+0   0.000000E+0   0.000000E+0   3.600118E+3   3.600118E+3   3.295598E+3   -1.736267E+1   3.327796E+0   -2.347641E-2   
3.367765E+3   -2.731500E+2   -2.731500E+2   -2.731500E+2   0.000000E+0   0.000000E+0   0.000000E+0   3.700051E+3   3.700051E+3   3.295762E+3   -1.736267E+1   3.327968E+0   -2.347643E-2   
3.375227E+3   -2.731500E+2   -2.731500E+2   -2.731500E+2   0.000000E+0   0.000000E+0   0.000000E+0   3.800109E+3   3.800109E+3   3.296092E+3   -1.736267E+1   3.328307E+0   -2.347646E-2   
3.382690E+3   -2.731500E+2   -2.731500E+2   -2.731500E+2   0.000000E+0   0.000000E+0   0.000000E+0   3.900060E+3   3.900060E+3   3.296421E+3   -1.736267E+1   3.328646E+0   -2.347648E-2   
3.390153E+3   -2.731500E+2   -2.731500E+2   -2.731500E+2   0.000000E+0   0.000000E+0   0.000000E+0   4.000243E+3   4.000243E+3   3.296652E+3   -1.736267E+1   3.328885E+0   -2.347651E-2   
3.397615E+3   -2.731500E+2   -2.731500E+2   -2.731500E+2   0.000000E+0   0.000000E+0   0.000000E+0   4.100087E+3   4.100087E+3   3.296751E+3   -1.736267E+1   3.328991E+0   -2.347654E-2   
3.405077E+3   -2.731500E+2   -2.731500E+2   -2.731500E+2   0.000000E+0   0.000000E+0   0.000000E+0   4.200234E+3   4.200234E+3   3.297089E+3   -1.736267E+1   3.329338E+0   -2.347656E-2   
3.412540E+3   -2.731500E+2   -2.731500E+2   -2.731500E+2   0.000000E+0   0.000000E+0   0.000000E+0   4.300132E+3   4.300132E+3   3.297287E+3   -1.736267E+1   3.329544E+0   -2.347659E-2   
3.420001E+3   -2.731500E+2   -2.731500E+2   -2.731500E+2   0.000000E+0   0.000000E+0   0.000000E+0   4.400225E+3   4.400225E+3   3.297517E+3   -1.736267E+1   3.329783E+0   -2.347662E-2   
3.427463E+3   -2.731500E+2   -2.731500E+2   -2.731500E+2   0.000000E+0   0.000000E+0   0.000000E+0   4.499997E+3   4.499997E+3   3.297748E+3   -1.739573E+1   3.330022E+0   -2.352135E-2   
3.434925E+3   -2.731500E+2   -2.731500E+2   -2.731500E+2   0.000000E+0   0.000000E+0   0.000000E+0   4.600145E+3   4.600145E+3   3.297912E+3   -1.736267E+1   3.330195E+0   -2.347667E-2   
3.442388E+3   -2.731500E+2   -2.731500E+2   -2.731500E+2   0.000000E+0   0.000000E+0   0.000000E+0   4.700257E+3   4.700257E+3   3.297912E+3   -1.736267E+1   3.330201E+0   -2.347669E-2   
3.449869E+3   -2.731500E+2   -2.731500E+2   -2.731500E+2   0.000000E+0   0.000000E+0   0.000000E+0   4.800118E+3   4.800118E+3   3.298242E+3   -1.736267E+1   3.330540E+0   -2.347672E-2   
3.457333E+3   -2.731500E+2   -2.731500E+2   -2.731500E+2   0.000000E+0   0.000000E+0   0.000000E+0   4.900230E+3   4.900230E+3   3.298242E+3   -1.736267E+1   3.330546E+0   -2.347675E-2   
3.464794E+3   -2.731500E+2   -2.731500E+2   -2.731500E+2   0.000000E+0   0.000000E+0   0.000000E+0   5.000163E+3   5.000163E+3   3.298407E+3   -1.736267E+1   3.330719E+0   -2.347677E-2   
3.472257E+3   -2.731500E+2   -2.731500E+2   -2.731500E+2   0.000000E+0   0.000000E+0   0.000000E+0   5.100167E+3   5.100167E+3   3.298571E+3   -1.736267E+1   3.330891E+0   -2.347680E-2   
3.479718E+3   -2.731500E+2   -2.731500E+2   -2.731500E+2   0.000000E+0   0.000000E+0   0.000000E+0   5.200029E+3   5.200029E+3   3.298736E+3   -1.736267E+1   3.331064E+0   -2.347682E-2   
3.487180E+3   -2.731500E+2   -2.731500E+2   -2.731500E+2   0.000000E+0   0.000000E+0   0.000000E+0   5.300337E+3   5.300337E+3   3.298769E+3   -1.752800E+1   3.331103E+0   -2.370040E-2   
3.494642E+3   -2.731500E+2   -2.731500E+2   -2.731500E+2   0.000000E+0   0.000000E+0   0.000000E+0   5.400038E+3   5.400038E+3   3.299040E+3   -1.736267E+1   3.331382E+0   -2.347688E-2   
3.502108E+3   -2.731500E+2   -2.731500E+2   -2.731500E+2   0.000000E+0   0.000000E+0   0.000000E+0   5.500042E+3   5.500042E+3   3.299074E+3   -1.742880E+1   3.331424E+0   -2.356632E-2   
3.509571E+3   -2.731500E+2   -2.731500E+2   -2.731500E+2   0.000000E+0   0.000000E+0   0.000000E+0   5.600297E+3   5.600297E+3   3.299074E+3   -1.736267E+1   3.331430E+0   -2.347693E-2   
3.517033E+3   -2.731500E+2   -2.731500E+2   -2.731500E+2   0.000000E+0   0.000000E+0   0.000000E+0   5.700194E+3   5.700194E+3   3.299239E+3   -1.736267E+1   3.331602E+0   -2.347696E-2   
3.524494E+3   -2.731500E+2   -2.731500E+2   -2.731500E+2   0.000000E+0   0.000000E+0   0.000000E+0   5.800074E+3   5.800074E+3   3.299404E+3   -1.736267E+1   3.331775E+0   -2.347698E-2   
3.531955E+3   -2.731500E+2   -2.731500E+2   -2.731500E+2   0.000000E+0   0.000000E+0   0.000000E+0   5.900060E+3   5.900060E+3   3.299404E+3   -1.736267E+1   3.331781E+0   -2.347701E-2   
3.539417E+3   -2.731500E+2   -2.731500E+2   -2.731500E+2   0.000000E+0   0.000000E+0   0.000000E+0   6.000226E+3   6.000226E+3   3.299733E+3   -1.736267E+1   3.332120E+0   -2.347703E-2   
3.546879E+3   -2.731500E+2   -2.731500E+2   -2.731500E+2   0.000000E+0   0.000000E+0   0.000000E+0   6.100033E+3   6.100033E+3   3.299832E+3   -1.736267E+1   3.332226E+0   -2.347706E-2   
3.554342E+3   -2.731500E+2   -2.731500E+2   -2.731500E+2   0.000000E+0   0.000000E+0   0.000000E+0   6.200002E+3   6.200002E+3   3.299898E+3   -1.736267E+1   3.332298E+0   -2.347709E-2   
3.561804E+3   -2.731500E+2   -2.731500E+2   -2.731500E+2   0.000000E+0   0.000000E+0   0.000000E+0   6.300203E+3   6.300203E+3   3.300030E+3   -1.736267E+1   3.332438E+0   -2.347711E-2   
3.569265E+3   -2.731500E+2   -2.731500E+2   -2.731500E+2   0.000000E+0   0.000000E+0   0.000000E+0   6.400154E+3   6.400154E+3   3.300063E+3   -1.736267E+1   3.332477E+0   -2.347714E-2   
3.576728E+3   -2.731500E+2   -2.731500E+2   -2.731500E+2   0.000000E+0   0.000000E+0   0.000000E+0   6.499980E+3   6.499980E+3   3.300063E+3   -1.736267E+1   3.332483E+0   -2.347716E-2   
3.584192E+3   -2.731500E+2   -2.731500E+2   -2.731500E+2   0.000000E+0   0.000000E+0   0.000000E+0   6.600235E+3   6.600235E+3   3.300063E+3   -1.736267E+1   3.332490E+0   -2.347719E-2   
3.591656E+3   -2.731500E+2   -2.731500E+2   -2.731500E+2   0.000000E+0   0.000000E+0   0.000000E+0   6.700167E+3   6.700167E+3   3.300194E+3   -1.736267E+1   3.332629E+0   -2.347722E-2   
3.599117E+3   -2.731500E+2   -2.731500E+2   -2.731500E+2   0.000000E+0   0.000000E+0   0.000000E+0   6.800100E+3   6.800100E+3   3.300161E+3   -1.736267E+1   3.332602E+0   -2.347724E-2   
3.606579E+3   -2.731500E+2   -2.731500E+2   -2.731500E+2   0.000000E+0   0.000000E+0   0.000000E+0   6.900105E+3   6.900105E+3   3.300260E+3   -1.736267E+1   3.332708E+0   -2.347727E-2   
3.614040E+3   -2.731500E+2   -2.731500E+2   -2.731500E+2   0.000000E+0   0.000000E+0   0.000000E+0   7.000091E+3   7.000091E+3   3.300392E+3   -1.736267E+1   3.332847E+0   -2.347729E-2   
3.621501E+3   -2.731500E+2   -2.731500E+2   -2.731500E+2   0.000000E+0   0.000000E+0   0.000000E+0   7.100167E+3   7.100167E+3   3.300557E+3   -1.736267E+1   3.333020E+0   -2.347732E-2   
3.628962E+3   -2.731500E+2   -2.731500E+2   -2.731500E+2   0.000000E+0   0.000000E+0   0.000000E+0   7.200154E+3   7.200154E+3   3.300688E+3   -1.736267E+1   3.333159E+0   -2.347735E-2   
3.636425E+3   -2.731500E+2   -2.731500E+2   -2.731500E+2   0.000000E+0   0.000000E+0   0.000000E+0   7.300194E+3   7.300194E+3   3.300886E+3   -1.736267E+1   3.333365E+0   -2.347737E-2   
3.643886E+3   -2.731500E+2   -2.731500E+2   -2.731500E+2   0.000000E+0   0.000000E+0   0.000000E+0   7.400127E+3   7.400127E+3   3.301051E+3   -1.736267E+1   3.333537E+0   -2.347740E-2   
3.651361E+3   -2.731500E+2   -2.731500E+2   -2.731500E+2   0.000000E+0   0.000000E+0   0.000000E+0   7.500167E+3   7.500167E+3   3.301051E+3   -1.736267E+1   3.333543E+0   -2.347743E-2   
3.658822E+3   -2.731500E+2   -2.731500E+2   -2.731500E+2   0.000000E+0   0.000000E+0   0.000000E+0   7.600100E+3   7.600100E+3   3.301216E+3   -1.736267E+1   3.333716E+0   -2.347745E-2   
3.666285E+3   -2.731500E+2   -2.731500E+2   -2.731500E+2   0.000000E+0   0.000000E+0   0.000000E+0   7.700051E+3   7.700051E+3   3.301216E+3   -1.736267E+1   3.333722E+0   -2.347748E-2   
3.673747E+3   -2.731500E+2   -2.731500E+2   -2.731500E+2   0.000000E+0   0.000000E+0   0.000000E+0   7.800002E+3   7.800002E+3   3.301216E+3   -1.736267E+1   3.333728E+0   -2.347750E-2   
3.681210E+3   -2.731500E+2   -2.731500E+2   -2.731500E+2   0.000000E+0   0.000000E+0   0.000000E+0   7.900150E+3   7.900150E+3   3.301216E+3   -1.736267E+1   3.333734E+0   -2.347753E-2   
3.688672E+3   -2.731500E+2   -2.731500E+2   -2.731500E+2   0.000000E+0   0.000000E+0   0.000000E+0   8.000154E+3   8.000154E+3   3.301216E+3   -1.736267E+1   3.333741E+0   -2.347756E-2   
