Time_since_start   Raw_Temperature   Temperature   Temperature_2   Raw_Applied_Field   Applied_Field   Field_Angle   Raw_Applied_Field_For_Plot_   Applied_Field_For_Plot_   Raw_Signal_Mx   Raw_Signal_My   Signal_X_direction   Signal_Y_direction      
1.059100E+1   -2.731500E+2   -2.731500E+2   -2.731500E+2   0.000000E+0   0.000000E+0   0.000000E+0   4.148950E-3   4.148950E-3   0.000000E+0   0.000000E+0   4.264649E-6   2.109508E-6   
1.890800E+1   -2.731500E+2   -2.731500E+2   -2.731500E+2   0.000000E+0   0.000000E+0   0.000000E+0   1.000817E+1   1.000817E+1   1.240189E+0   -8.267946E-2   1.245138E-3   -1.144290E-4   
2.722300E+1   -2.731500E+2   -2.731500E+2   -2.731500E+2   0.000000E+0   0.000000E+0   0.000000E+0   2.000637E+1   2.000637E+1   2.521715E+0   -1.240189E-1   2.527350E-3   -1.726991E-4   
3.553900E+1   -2.731500E+2   -2.731500E+2   -2.731500E+2   0.000000E+0   0.000000E+0   0.000000E+0   3.001352E+1   3.001352E+1   3.803249E+0   -2.066982E-1   3.809571E-3   -2.892373E-4   
4.386100E+1   -2.731500E+2   -2.731500E+2   -2.731500E+2   0.000000E+0   0.000000E+0   0.000000E+0   4.001780E+1   4.001780E+1   5.076499E+0   -2.480379E-1   5.083506E-3   -3.475077E-4   
5.217600E+1   -2.731500E+2   -2.731500E+2   -2.731500E+2   0.000000E+0   0.000000E+0   0.000000E+0   5.001278E+1   5.001278E+1   6.324972E+0   -2.893766E-1   6.332664E-3   -4.057769E-4   
6.049200E+1   -2.731500E+2   -2.731500E+2   -2.731500E+2   0.000000E+0   0.000000E+0   0.000000E+0   6.001439E+1   6.001439E+1   7.606489E+0   -4.133964E-1   7.614867E-3   -5.805842E-4   
6.880700E+1   -2.731500E+2   -2.731500E+2   -2.731500E+2   0.000000E+0   0.000000E+0   0.000000E+0   7.002055E+1   7.002055E+1   8.887971E+0   -4.547361E-1   8.897036E-3   -6.388546E-4   
7.712500E+1   -2.731500E+2   -2.731500E+2   -2.731500E+2   0.000000E+0   0.000000E+0   0.000000E+0   8.001518E+1   8.001518E+1   1.021085E+1   -5.374145E-1   1.022060E-2   -7.553916E-4   
8.544000E+1   -2.731500E+2   -2.731500E+2   -2.731500E+2   0.000000E+0   0.000000E+0   0.000000E+0   9.001159E+1   9.001159E+1   1.153373E+1   -6.200938E-1   1.154417E-2   -8.719298E-4   
9.375700E+1   -2.731500E+2   -2.731500E+2   -2.731500E+2   0.000000E+0   0.000000E+0   0.000000E+0   1.000181E+2   1.000181E+2   1.285661E+1   -7.606500E-1   1.286774E-2   -1.070045E-3   
1.044920E+2   -2.731500E+2   -2.731500E+2   -2.731500E+2   0.000000E+0   0.000000E+0   0.000000E+0   1.499565E+2   1.499565E+2   1.980166E+1   -2.025637E+0   1.981624E-2   -2.853045E-3   
1.119540E+2   -2.731500E+2   -2.731500E+2   -2.731500E+2   0.000000E+0   0.000000E+0   0.000000E+0   2.001018E+2   2.001018E+2   2.724286E+1   -3.968602E+0   2.726094E-2   -5.591647E-3   
1.194160E+2   -2.731500E+2   -2.731500E+2   -2.731500E+2   0.000000E+0   0.000000E+0   0.000000E+0   2.498894E+2   2.498894E+2   3.509734E+1   -5.787559E+0   3.511892E-2   -8.155460E-3   
1.268870E+2   -2.731500E+2   -2.731500E+2   -2.731500E+2   0.000000E+0   0.000000E+0   0.000000E+0   3.001062E+2   3.001062E+2   4.394413E+1   -7.317110E+0   4.396928E-2   -1.031136E-2   
1.343490E+2   -2.731500E+2   -2.731500E+2   -2.731500E+2   0.000000E+0   0.000000E+0   0.000000E+0   3.500726E+2   3.500726E+2   5.254272E+1   -8.143903E+0   5.257140E-2   -1.147673E-2   
1.418100E+2   -2.731500E+2   -2.731500E+2   -2.731500E+2   0.000000E+0   0.000000E+0   0.000000E+0   4.002000E+2   4.002000E+2   6.093462E+1   -8.887971E+0   6.096685E-2   -1.252550E-2   
1.492720E+2   -2.731500E+2   -2.731500E+2   -2.731500E+2   0.000000E+0   0.000000E+0   0.000000E+0   4.499518E+2   4.499518E+2   6.887172E+1   -9.384127E+0   6.890744E-2   -1.322484E-2   
1.567330E+2   -2.731500E+2   -2.731500E+2   -2.731500E+2   0.000000E+0   0.000000E+0   0.000000E+0   5.001329E+2   5.001329E+2   7.643690E+1   -9.632161E+0   7.647613E-2   -1.357445E-2   
1.641950E+2   -2.731500E+2   -2.731500E+2   -2.731500E+2   0.000000E+0   0.000000E+0   0.000000E+0   5.499920E+2   5.499920E+2   8.379531E+1   -9.797489E+0   8.383801E-2   -1.380749E-2   
1.716570E+2   -2.731500E+2   -2.731500E+2   -2.731500E+2   0.000000E+0   0.000000E+0   0.000000E+0   5.999763E+2   5.999763E+2   9.098900E+1   -9.921462E+0   9.103517E-2   -1.398225E-2   
1.791170E+2   -2.731500E+2   -2.731500E+2   -2.731500E+2   0.000000E+0   0.000000E+0   0.000000E+0   6.499427E+2   6.499427E+2   9.809886E+1   -9.921462E+0   9.814849E-2   -1.398226E-2   
1.865790E+2   -2.731500E+2   -2.731500E+2   -2.731500E+2   0.000000E+0   0.000000E+0   0.000000E+0   7.001774E+2   7.001774E+2   1.050856E+2   -9.921462E+0   1.051387E-1   -1.398227E-2   
1.940410E+2   -2.731500E+2   -2.731500E+2   -2.731500E+2   0.000000E+0   0.000000E+0   0.000000E+0   7.500187E+2   7.500187E+2   1.120307E+2   -9.921462E+0   1.120873E-1   -1.398229E-2   
2.015070E+2   -2.731500E+2   -2.731500E+2   -2.731500E+2   0.000000E+0   0.000000E+0   0.000000E+0   8.001282E+2   8.001282E+2   1.188510E+2   -9.880196E+0   1.189111E-1   -1.392413E-2   
2.089770E+2   -2.731500E+2   -2.731500E+2   -2.731500E+2   0.000000E+0   0.000000E+0   0.000000E+0   8.500052E+2   8.500052E+2   1.256315E+2   -9.805759E+0   1.256949E-1   -1.381923E-2   
2.164380E+2   -2.731500E+2   -2.731500E+2   -2.731500E+2   0.000000E+0   0.000000E+0   0.000000E+0   9.000431E+2   9.000431E+2   1.323694E+2   -9.797489E+0   1.324363E-1   -1.380758E-2   
2.238990E+2   -2.731500E+2   -2.731500E+2   -2.731500E+2   0.000000E+0   0.000000E+0   0.000000E+0   9.499917E+2   9.499917E+2   1.390166E+2   -9.714782E+0   1.390870E-1   -1.369102E-2   
2.313610E+2   -2.731500E+2   -2.731500E+2   -2.731500E+2   0.000000E+0   0.000000E+0   0.000000E+0   9.999581E+2   9.999581E+2   1.455982E+2   -9.632161E+0   1.456720E-1   -1.357458E-2   
2.399150E+2   -2.731500E+2   -2.731500E+2   -2.731500E+2   0.000000E+0   0.000000E+0   0.000000E+0   1.100106E+3   1.100106E+3   1.586697E+2   -9.508101E+0   1.587504E-1   -1.339975E-2   
2.473770E+2   -2.731500E+2   -2.731500E+2   -2.731500E+2   0.000000E+0   0.000000E+0   0.000000E+0   1.200003E+3   1.200003E+3   1.714857E+2   -9.342773E+0   1.715732E-1   -1.316675E-2   
2.548380E+2   -2.731500E+2   -2.731500E+2   -2.731500E+2   0.000000E+0   0.000000E+0   0.000000E+0   1.300043E+3   1.300043E+3   1.840439E+2   -9.218713E+0   1.841383E-1   -1.299191E-2   
2.622990E+2   -2.731500E+2   -2.731500E+2   -2.731500E+2   0.000000E+0   0.000000E+0   0.000000E+0   1.400137E+3   1.400137E+3   1.964049E+2   -9.136006E+0   1.965061E-1   -1.287536E-2   
2.697590E+2   -2.731500E+2   -2.731500E+2   -2.731500E+2   0.000000E+0   0.000000E+0   0.000000E+0   1.500177E+3   1.500177E+3   2.085171E+2   -9.053385E+0   2.086251E-1   -1.275894E-2   
2.772230E+2   -2.731500E+2   -2.731500E+2   -2.731500E+2   0.000000E+0   0.000000E+0   0.000000E+0   1.600002E+3   1.600002E+3   2.203405E+2   -9.012032E+0   2.204554E-1   -1.270067E-2   
2.846850E+2   -2.731500E+2   -2.731500E+2   -2.731500E+2   0.000000E+0   0.000000E+0   0.000000E+0   1.700025E+3   1.700025E+3   2.319485E+2   -9.053385E+0   2.320701E-1   -1.275899E-2   
2.921460E+2   -2.731500E+2   -2.731500E+2   -2.731500E+2   0.000000E+0   0.000000E+0   0.000000E+0   1.800118E+3   1.800118E+3   2.433251E+2   -9.136006E+0   2.434536E-1   -1.287547E-2   
2.996080E+2   -2.731500E+2   -2.731500E+2   -2.731500E+2   0.000000E+0   0.000000E+0   0.000000E+0   1.900016E+3   1.900016E+3   2.544039E+2   -9.235254E+0   2.545391E-1   -1.301538E-2   
3.070660E+2   -2.731500E+2   -2.731500E+2   -2.731500E+2   0.000000E+0   0.000000E+0   0.000000E+0   2.000091E+3   2.000091E+3   2.652347E+2   -9.425394E+0   2.653767E-1   -1.328341E-2   
3.145190E+2   -2.731500E+2   -2.731500E+2   -2.731500E+2   0.000000E+0   0.000000E+0   0.000000E+0   2.100096E+3   2.100096E+3   2.756936E+2   -9.673428E+0   2.758423E-1   -1.363304E-2   
3.219760E+2   -2.731500E+2   -2.731500E+2   -2.731500E+2   0.000000E+0   0.000000E+0   0.000000E+0   2.200136E+3   2.200136E+3   2.858629E+2   -9.921462E+0   2.860183E-1   -1.398266E-2   
3.294310E+2   -2.731500E+2   -2.731500E+2   -2.731500E+2   0.000000E+0   0.000000E+0   0.000000E+0   2.300069E+3   2.300069E+3   2.956195E+2   -1.021085E+1   2.957817E-1   -1.439058E-2   
3.368830E+2   -2.731500E+2   -2.731500E+2   -2.731500E+2   0.000000E+0   0.000000E+0   0.000000E+0   2.399859E+3   2.399859E+3   3.048961E+2   -1.047543E+1   3.050649E-1   -1.476352E-2   
3.443860E+2   -2.731500E+2   -2.731500E+2   -2.731500E+2   0.000000E+0   0.000000E+0   0.000000E+0   2.500113E+3   2.500113E+3   3.137258E+2   -1.070701E+1   3.139013E-1   -1.508996E-2   
3.518450E+2   -2.731500E+2   -2.731500E+2   -2.731500E+2   0.000000E+0   0.000000E+0   0.000000E+0   2.600011E+3   2.600011E+3   3.219939E+2   -1.095504E+1   3.221760E-1   -1.543959E-2   
3.593050E+2   -2.731500E+2   -2.731500E+2   -2.731500E+2   0.000000E+0   0.000000E+0   0.000000E+0   2.700015E+3   2.700015E+3   3.296087E+2   -1.112037E+1   3.297974E-1   -1.567264E-2   
3.667750E+2   -2.731500E+2   -2.731500E+2   -2.731500E+2   0.000000E+0   0.000000E+0   0.000000E+0   2.800162E+3   2.800162E+3   3.365864E+2   -1.124443E+1   3.367817E-1   -1.584753E-2   
3.742350E+2   -2.731500E+2   -2.731500E+2   -2.731500E+2   0.000000E+0   0.000000E+0   0.000000E+0   2.900149E+3   2.900149E+3   3.427886E+2   -1.132705E+1   3.429903E-1   -1.596401E-2   
3.816920E+2   -2.731500E+2   -2.731500E+2   -2.731500E+2   0.000000E+0   0.000000E+0   0.000000E+0   2.999939E+3   2.999939E+3   3.482868E+2   -1.130224E+1   3.484950E-1   -1.592906E-2   
3.891530E+2   -2.731500E+2   -2.731500E+2   -2.731500E+2   0.000000E+0   0.000000E+0   0.000000E+0   3.100104E+3   3.100104E+3   3.530827E+2   -1.120307E+1   3.532974E-1   -1.578932E-2   
3.966120E+2   -2.731500E+2   -2.731500E+2   -2.731500E+2   0.000000E+0   0.000000E+0   0.000000E+0   3.200180E+3   3.200180E+3   3.572163E+2   -1.099639E+1   3.574375E-1   -1.549803E-2   
4.040820E+2   -2.731500E+2   -2.731500E+2   -2.731500E+2   0.000000E+0   0.000000E+0   0.000000E+0   3.299970E+3   3.299970E+3   3.606477E+2   -1.074836E+1   3.608752E-1   -1.514845E-2   
4.115390E+2   -2.731500E+2   -2.731500E+2   -2.731500E+2   0.000000E+0   0.000000E+0   0.000000E+0   3.400028E+3   3.400028E+3   3.635824E+2   -1.037626E+1   3.638162E-1   -1.462402E-2   
4.190000E+2   -2.731500E+2   -2.731500E+2   -2.731500E+2   0.000000E+0   0.000000E+0   0.000000E+0   3.500175E+3   3.500175E+3   3.660220E+2   -1.000417E+1   3.662621E-1   -1.409958E-2   
4.264580E+2   -2.731500E+2   -2.731500E+2   -2.731500E+2   0.000000E+0   0.000000E+0   0.000000E+0   3.600126E+3   3.600126E+3   3.680721E+2   -9.615620E+0   3.683186E-1   -1.355195E-2   
4.339140E+2   -2.731500E+2   -2.731500E+2   -2.731500E+2   0.000000E+0   0.000000E+0   0.000000E+0   3.700041E+3   3.700041E+3   3.697837E+2   -9.177359E+0   3.700364E-1   -1.293425E-2   
4.413750E+2   -2.731500E+2   -2.731500E+2   -2.731500E+2   0.000000E+0   0.000000E+0   0.000000E+0   3.799992E+3   3.799992E+3   3.712306E+2   -8.763998E+0   3.714896E-1   -1.235165E-2   
4.488360E+2   -2.731500E+2   -2.731500E+2   -2.731500E+2   0.000000E+0   0.000000E+0   0.000000E+0   3.900103E+3   3.900103E+3   3.724296E+2   -8.309256E+0   3.726948E-1   -1.171072E-2   
4.562970E+2   -2.731500E+2   -2.731500E+2   -2.731500E+2   0.000000E+0   0.000000E+0   0.000000E+0   4.000018E+3   4.000018E+3   3.734214E+2   -7.895868E+0   3.736929E-1   -1.112808E-2   
4.637560E+2   -2.731500E+2   -2.731500E+2   -2.731500E+2   0.000000E+0   0.000000E+0   0.000000E+0   4.100041E+3   4.100041E+3   3.742892E+2   -7.523808E+0   3.745669E-1   -1.060369E-2   
4.712080E+2   -2.731500E+2   -2.731500E+2   -2.731500E+2   0.000000E+0   0.000000E+0   0.000000E+0   4.200260E+3   4.200260E+3   3.750746E+2   -7.151757E+0   3.753586E-1   -1.007931E-2   
4.786690E+2   -2.731500E+2   -2.731500E+2   -2.731500E+2   0.000000E+0   0.000000E+0   0.000000E+0   4.300067E+3   4.300067E+3   3.757035E+2   -6.821041E+0   3.759937E-1   -9.613201E-3   
4.861250E+2   -2.731500E+2   -2.731500E+2   -2.731500E+2   0.000000E+0   0.000000E+0   0.000000E+0   4.400036E+3   4.400036E+3   3.762736E+2   -6.490326E+0   3.765701E-1   -9.147087E-3   
4.935810E+2   -2.731500E+2   -2.731500E+2   -2.731500E+2   0.000000E+0   0.000000E+0   0.000000E+0   4.500023E+3   4.500023E+3   3.767695E+2   -6.159610E+0   3.770722E-1   -8.680973E-3   
5.010360E+2   -2.731500E+2   -2.731500E+2   -2.731500E+2   0.000000E+0   0.000000E+0   0.000000E+0   4.600224E+3   4.600224E+3   3.771831E+2   -5.870231E+0   3.774920E-1   -8.273123E-3   
5.084930E+2   -2.731500E+2   -2.731500E+2   -2.731500E+2   0.000000E+0   0.000000E+0   0.000000E+0   4.700085E+3   4.700085E+3   3.775550E+2   -5.622197E+0   3.778701E-1   -7.923547E-3   
5.159510E+2   -2.731500E+2   -2.731500E+2   -2.731500E+2   0.000000E+0   0.000000E+0   0.000000E+0   4.800018E+3   4.800018E+3   3.779111E+2   -5.374162E+0   3.782324E-1   -7.573971E-3   
5.234110E+2   -2.731500E+2   -2.731500E+2   -2.731500E+2   0.000000E+0   0.000000E+0   0.000000E+0   4.900183E+3   4.900183E+3   3.782165E+2   -5.126102E+0   3.785440E-1   -7.224359E-3   
5.308680E+2   -2.731500E+2   -2.731500E+2   -2.731500E+2   0.000000E+0   0.000000E+0   0.000000E+0   5.000009E+3   5.000009E+3   3.784644E+2   -4.919412E+0   3.787981E-1   -6.933058E-3   
5.383260E+2   -2.731500E+2   -2.731500E+2   -2.731500E+2   0.000000E+0   0.000000E+0   0.000000E+0   5.100031E+3   5.100031E+3   3.787132E+2   -4.704445E+0   3.790532E-1   -6.630090E-3   
5.457820E+2   -2.731500E+2   -2.731500E+2   -2.731500E+2   0.000000E+0   0.000000E+0   0.000000E+0   5.199946E+3   5.199946E+3   3.789612E+2   -4.489478E+0   3.793073E-1   -6.327122E-3   
5.532380E+2   -2.731500E+2   -2.731500E+2   -2.731500E+2   0.000000E+0   0.000000E+0   0.000000E+0   5.300093E+3   5.300093E+3   3.791675E+2   -4.299318E+0   3.795199E-1   -6.059119E-3   
5.606960E+2   -2.731500E+2   -2.731500E+2   -2.731500E+2   0.000000E+0   0.000000E+0   0.000000E+0   5.400187E+3   5.400187E+3   3.793331E+2   -4.133956E+0   3.796917E-1   -5.826069E-3   
5.681540E+2   -2.731500E+2   -2.731500E+2   -2.731500E+2   0.000000E+0   0.000000E+0   0.000000E+0   5.500067E+3   5.500067E+3   3.794978E+2   -3.968602E+0   3.798626E-1   -5.593032E-3   
5.756100E+2   -2.731500E+2   -2.731500E+2   -2.731500E+2   0.000000E+0   0.000000E+0   0.000000E+0   5.600071E+3   5.600071E+3   3.796634E+2   -3.803249E+0   3.800344E-1   -5.359994E-3   
5.830660E+2   -2.731500E+2   -2.731500E+2   -2.731500E+2   0.000000E+0   0.000000E+0   0.000000E+0   5.700111E+3   5.700111E+3   3.797874E+2   -3.679223E+0   3.801646E-1   -5.185207E-3   
5.905220E+2   -2.731500E+2   -2.731500E+2   -2.731500E+2   0.000000E+0   0.000000E+0   0.000000E+0   5.800026E+3   5.800026E+3   3.799530E+2   -3.513870E+0   3.803363E-1   -4.952169E-3   
5.979730E+2   -2.731500E+2   -2.731500E+2   -2.731500E+2   0.000000E+0   0.000000E+0   0.000000E+0   5.899905E+3   5.899905E+3   3.800769E+2   -3.389853E+0   3.804665E-1   -4.777394E-3   
6.054770E+2   -2.731500E+2   -2.731500E+2   -2.731500E+2   0.000000E+0   0.000000E+0   0.000000E+0   6.000071E+3   6.000071E+3   3.801593E+2   -3.265835E+0   3.805551E-1   -4.602619E-3   
6.129360E+2   -2.731500E+2   -2.731500E+2   -2.731500E+2   0.000000E+0   0.000000E+0   0.000000E+0   6.100039E+3   6.100039E+3   3.802751E+2   -3.141818E+0   3.806771E-1   -4.427845E-3   
6.204070E+2   -2.731500E+2   -2.731500E+2   -2.731500E+2   0.000000E+0   0.000000E+0   0.000000E+0   6.200026E+3   6.200026E+3   3.803665E+2   -3.017792E+0   3.807747E-1   -4.253057E-3   
6.278670E+2   -2.731500E+2   -2.731500E+2   -2.731500E+2   0.000000E+0   0.000000E+0   0.000000E+0   6.300227E+3   6.300227E+3   3.804489E+2   -2.893775E+0   3.808633E-1   -4.078283E-3   
6.353290E+2   -2.731500E+2   -2.731500E+2   -2.731500E+2   0.000000E+0   0.000000E+0   0.000000E+0   6.400017E+3   6.400017E+3   3.805321E+2   -2.811103E+0   3.809527E-1   -3.961783E-3   
6.427880E+2   -2.731500E+2   -2.731500E+2   -2.731500E+2   0.000000E+0   0.000000E+0   0.000000E+0   6.499985E+3   6.499985E+3   3.806145E+2   -2.728422E+0   3.810412E-1   -3.845271E-3   
6.502460E+2   -2.731500E+2   -2.731500E+2   -2.731500E+2   0.000000E+0   0.000000E+0   0.000000E+0   6.600151E+3   6.600151E+3   3.807384E+2   -2.604396E+0   3.811714E-1   -3.670484E-3   
6.577090E+2   -2.731500E+2   -2.731500E+2   -2.731500E+2   0.000000E+0   0.000000E+0   0.000000E+0   6.700101E+3   6.700101E+3   3.807800E+2   -2.521715E+0   3.812192E-1   -3.553972E-3   
6.651630E+2   -2.731500E+2   -2.731500E+2   -2.731500E+2   0.000000E+0   0.000000E+0   0.000000E+0   6.800034E+3   6.800034E+3   3.808208E+2   -2.439034E+0   3.812662E-1   -3.437460E-3   
6.726130E+2   -2.731500E+2   -2.731500E+2   -2.731500E+2   0.000000E+0   0.000000E+0   0.000000E+0   6.899860E+3   6.899860E+3   3.809040E+2   -2.356353E+0   3.813556E-1   -3.320948E-3   
6.801110E+2   -2.731500E+2   -2.731500E+2   -2.731500E+2   0.000000E+0   0.000000E+0   0.000000E+0   6.999989E+3   6.999989E+3   3.809864E+2   -2.273680E+0   3.814441E-1   -3.204449E-3   
6.875710E+2   -2.731500E+2   -2.731500E+2   -2.731500E+2   0.000000E+0   0.000000E+0   0.000000E+0   7.099940E+3   7.099940E+3   3.810280E+2   -2.232336E+0   3.814920E-1   -3.146199E-3   
6.950310E+2   -2.731500E+2   -2.731500E+2   -2.731500E+2   0.000000E+0   0.000000E+0   0.000000E+0   7.200088E+3   7.200088E+3   3.810687E+2   -2.149655E+0   3.815389E-1   -3.029688E-3   
7.024940E+2   -2.731500E+2   -2.731500E+2   -2.731500E+2   0.000000E+0   0.000000E+0   0.000000E+0   7.300092E+3   7.300092E+3   3.811270E+2   -2.066982E+0   3.816034E-1   -2.913188E-3   
7.099560E+2   -2.731500E+2   -2.731500E+2   -2.731500E+2   0.000000E+0   0.000000E+0   0.000000E+0   7.400132E+3   7.400132E+3   3.811936E+2   -2.025637E+0   3.816761E-1   -2.854939E-3   
7.174190E+2   -2.731500E+2   -2.731500E+2   -2.731500E+2   0.000000E+0   0.000000E+0   0.000000E+0   7.499958E+3   7.499958E+3   3.811936E+2   -1.942965E+0   3.816823E-1   -2.738439E-3   
7.248800E+2   -2.731500E+2   -2.731500E+2   -2.731500E+2   0.000000E+0   0.000000E+0   0.000000E+0   7.600034E+3   7.600034E+3   3.812759E+2   -1.860284E+0   3.817709E-1   -2.621927E-3   
7.323410E+2   -2.731500E+2   -2.731500E+2   -2.731500E+2   0.000000E+0   0.000000E+0   0.000000E+0   7.700056E+3   7.700056E+3   3.813176E+2   -1.818948E+0   3.818187E-1   -2.563691E-3   
7.398030E+2   -2.731500E+2   -2.731500E+2   -2.731500E+2   0.000000E+0   0.000000E+0   0.000000E+0   7.800132E+3   7.800132E+3   3.813583E+2   -1.736267E+0   3.818657E-1   -2.447179E-3   
7.472640E+2   -2.731500E+2   -2.731500E+2   -2.731500E+2   0.000000E+0   0.000000E+0   0.000000E+0   7.899904E+3   7.899904E+3   3.813999E+2   -1.694922E+0   3.819135E-1   -2.388930E-3   
7.547300E+2   -2.731500E+2   -2.731500E+2   -2.731500E+2   0.000000E+0   0.000000E+0   0.000000E+0   8.000194E+3   8.000194E+3   3.813999E+2   -1.653586E+0   3.819197E-1   -2.330693E-3   
7.632980E+2   -2.731500E+2   -2.731500E+2   -2.731500E+2   0.000000E+0   0.000000E+0   0.000000E+0   7.899868E+3   7.899868E+3   3.813999E+2   -1.694922E+0   3.819135E-1   -2.388930E-3   
7.707600E+2   -2.731500E+2   -2.731500E+2   -2.731500E+2   0.000000E+0   0.000000E+0   0.000000E+0   7.799899E+3   7.799899E+3   3.813583E+2   -1.736267E+0   3.818656E-1   -2.447179E-3   
7.782220E+2   -2.731500E+2   -2.731500E+2   -2.731500E+2   0.000000E+0   0.000000E+0   0.000000E+0   7.700127E+3   7.700127E+3   3.813176E+2   -1.818948E+0   3.818187E-1   -2.563691E-3   
7.856790E+2   -2.731500E+2   -2.731500E+2   -2.731500E+2   0.000000E+0   0.000000E+0   0.000000E+0   7.599801E+3   7.599801E+3   3.812759E+2   -1.860284E+0   3.817709E-1   -2.621927E-3   
7.931430E+2   -2.731500E+2   -2.731500E+2   -2.731500E+2   0.000000E+0   0.000000E+0   0.000000E+0   7.500029E+3   7.500029E+3   3.812017E+2   -1.942965E+0   3.816905E-1   -2.738439E-3   
8.006050E+2   -2.731500E+2   -2.731500E+2   -2.731500E+2   0.000000E+0   0.000000E+0   0.000000E+0   7.399953E+3   7.399953E+3   3.811936E+2   -2.025637E+0   3.816761E-1   -2.854939E-3   
8.080680E+2   -2.731500E+2   -2.731500E+2   -2.731500E+2   0.000000E+0   0.000000E+0   0.000000E+0   7.300056E+3   7.300056E+3   3.811520E+2   -2.066982E+0   3.816283E-1   -2.913188E-3   
8.155290E+2   -2.731500E+2   -2.731500E+2   -2.731500E+2   0.000000E+0   0.000000E+0   0.000000E+0   7.199837E+3   7.199837E+3   3.811104E+2   -2.149655E+0   3.815805E-1   -3.029688E-3   
8.229910E+2   -2.731500E+2   -2.731500E+2   -2.731500E+2   0.000000E+0   0.000000E+0   0.000000E+0   7.100047E+3   7.100047E+3   3.810280E+2   -2.232336E+0   3.814920E-1   -3.146200E-3   
8.304530E+2   -2.731500E+2   -2.731500E+2   -2.731500E+2   0.000000E+0   0.000000E+0   0.000000E+0   6.999900E+3   6.999900E+3   3.809947E+2   -2.315017E+0   3.814525E-1   -3.262711E-3   
8.379140E+2   -2.731500E+2   -2.731500E+2   -2.731500E+2   0.000000E+0   0.000000E+0   0.000000E+0   6.899931E+3   6.899931E+3   3.809040E+2   -2.356353E+0   3.813556E-1   -3.320948E-3   
8.453760E+2   -2.731500E+2   -2.731500E+2   -2.731500E+2   0.000000E+0   0.000000E+0   0.000000E+0   6.799891E+3   6.799891E+3   3.808624E+2   -2.439034E+0   3.813078E-1   -3.437460E-3   
8.528510E+2   -2.731500E+2   -2.731500E+2   -2.731500E+2   0.000000E+0   0.000000E+0   0.000000E+0   6.699994E+3   6.699994E+3   3.808208E+2   -2.521715E+0   3.812600E-1   -3.553972E-3   
8.603150E+2   -2.731500E+2   -2.731500E+2   -2.731500E+2   0.000000E+0   0.000000E+0   0.000000E+0   6.599990E+3   6.599990E+3   3.807384E+2   -2.604396E+0   3.811714E-1   -3.670484E-3   
8.677750E+2   -2.731500E+2   -2.731500E+2   -2.731500E+2   0.000000E+0   0.000000E+0   0.000000E+0   6.499914E+3   6.499914E+3   3.806561E+2   -2.728422E+0   3.810828E-1   -3.845271E-3   
8.752380E+2   -2.731500E+2   -2.731500E+2   -2.731500E+2   0.000000E+0   0.000000E+0   0.000000E+0   6.400017E+3   6.400017E+3   3.805728E+2   -2.811103E+0   3.809934E-1   -3.961783E-3   
8.827020E+2   -2.731500E+2   -2.731500E+2   -2.731500E+2   0.000000E+0   0.000000E+0   0.000000E+0   6.299905E+3   6.299905E+3   3.804905E+2   -2.935120E+0   3.809048E-1   -4.136558E-3   
8.901660E+2   -2.731500E+2   -2.731500E+2   -2.731500E+2   0.000000E+0   0.000000E+0   0.000000E+0   6.199918E+3   6.199918E+3   3.804081E+2   -3.059137E+0   3.808163E-1   -4.311333E-3   
8.976290E+2   -2.731500E+2   -2.731500E+2   -2.731500E+2   0.000000E+0   0.000000E+0   0.000000E+0   6.099860E+3   6.099860E+3   3.803249E+2   -3.183154E+0   3.807269E-1   -4.486107E-3   
9.050890E+2   -2.731500E+2   -2.731500E+2   -2.731500E+2   0.000000E+0   0.000000E+0   0.000000E+0   6.000160E+3   6.000160E+3   3.802009E+2   -3.265835E+0   3.805967E-1   -4.602619E-3   
9.125530E+2   -2.731500E+2   -2.731500E+2   -2.731500E+2   0.000000E+0   0.000000E+0   0.000000E+0   5.899834E+3   5.899834E+3   3.800769E+2   -3.406387E+0   3.804665E-1   -4.800699E-3   
9.200090E+2   -2.731500E+2   -2.731500E+2   -2.731500E+2   0.000000E+0   0.000000E+0   0.000000E+0   5.800008E+3   5.800008E+3   3.799613E+2   -3.555206E+0   3.803447E-1   -5.010432E-3   
9.274640E+2   -2.731500E+2   -2.731500E+2   -2.731500E+2   0.000000E+0   0.000000E+0   0.000000E+0   5.700022E+3   5.700022E+3   3.798706E+2   -3.679223E+0   3.802478E-1   -5.185207E-3   
9.349220E+2   -2.731500E+2   -2.731500E+2   -2.731500E+2   0.000000E+0   0.000000E+0   0.000000E+0   5.600107E+3   5.600107E+3   3.797050E+2   -3.844585E+0   3.800760E-1   -5.418257E-3   
9.423810E+2   -2.731500E+2   -2.731500E+2   -2.731500E+2   0.000000E+0   0.000000E+0   0.000000E+0   5.499959E+3   5.499959E+3   3.795727E+2   -4.009939E+0   3.799375E-1   -5.651294E-3   
9.498450E+2   -2.731500E+2   -2.731500E+2   -2.731500E+2   0.000000E+0   0.000000E+0   0.000000E+0   5.399919E+3   5.399919E+3   3.793739E+2   -4.175301E+0   3.797324E-1   -5.884344E-3   
9.573020E+2   -2.731500E+2   -2.731500E+2   -2.731500E+2   0.000000E+0   0.000000E+0   0.000000E+0   5.300004E+3   5.300004E+3   3.792091E+2   -4.340654E+0   3.795615E-1   -6.117382E-3   
9.647600E+2   -2.731500E+2   -2.731500E+2   -2.731500E+2   0.000000E+0   0.000000E+0   0.000000E+0   5.199892E+3   5.199892E+3   3.790019E+2   -4.547352E+0   3.793481E-1   -6.408695E-3   
9.722120E+2   -2.731500E+2   -2.731500E+2   -2.731500E+2   0.000000E+0   0.000000E+0   0.000000E+0   5.099852E+3   5.099852E+3   3.787956E+2   -4.754050E+0   3.791355E-1   -6.700008E-3   
9.796690E+2   -2.731500E+2   -2.731500E+2   -2.731500E+2   0.000000E+0   0.000000E+0   0.000000E+0   5.000045E+3   5.000045E+3   3.785060E+2   -5.002085E+0   3.788398E-1   -7.049584E-3   
9.871290E+2   -2.731500E+2   -2.731500E+2   -2.731500E+2   0.000000E+0   0.000000E+0   0.000000E+0   4.900040E+3   4.900040E+3   3.782581E+2   -5.208783E+0   3.785856E-1   -7.340897E-3   
9.945920E+2   -2.731500E+2   -2.731500E+2   -2.731500E+2   0.000000E+0   0.000000E+0   0.000000E+0   4.799928E+3   4.799928E+3   3.779604E+2   -5.456843E+0   3.782817E-1   -7.690509E-3   
1.002056E+3   -2.731500E+2   -2.731500E+2   -2.731500E+2   0.000000E+0   0.000000E+0   0.000000E+0   4.700013E+3   4.700013E+3   3.776382E+2   -5.713145E+0   3.779533E-1   -8.051737E-3   
1.009520E+3   -2.731500E+2   -2.731500E+2   -2.731500E+2   0.000000E+0   0.000000E+0   0.000000E+0   4.600009E+3   4.600009E+3   3.772663E+2   -5.994257E+0   3.775752E-1   -8.447936E-3   
1.016980E+3   -2.731500E+2   -2.731500E+2   -2.731500E+2   0.000000E+0   0.000000E+0   0.000000E+0   4.500005E+3   4.500005E+3   3.768111E+2   -6.324972E+0   3.771138E-1   -8.914050E-3   
1.024444E+3   -2.731500E+2   -2.731500E+2   -2.731500E+2   0.000000E+0   0.000000E+0   0.000000E+0   4.399911E+3   4.399911E+3   3.763153E+2   -6.655679E+0   3.766117E-1   -9.380151E-3   
1.031904E+3   -2.731500E+2   -2.731500E+2   -2.731500E+2   0.000000E+0   0.000000E+0   0.000000E+0   4.300032E+3   4.300032E+3   3.757361E+2   -6.986395E+0   3.760263E-1   -9.846265E-3   
1.039366E+3   -2.731500E+2   -2.731500E+2   -2.731500E+2   0.000000E+0   0.000000E+0   0.000000E+0   4.200170E+3   4.200170E+3   3.751163E+2   -7.350186E+0   3.754003E-1   -1.035900E-2   
1.046828E+3   -2.731500E+2   -2.731500E+2   -2.731500E+2   0.000000E+0   0.000000E+0   0.000000E+0   4.099826E+3   4.099826E+3   3.743724E+2   -7.730506E+0   3.746502E-1   -1.089503E-2   
1.054289E+3   -2.731500E+2   -2.731500E+2   -2.731500E+2   0.000000E+0   0.000000E+0   0.000000E+0   3.999947E+3   3.999947E+3   3.735037E+2   -8.185239E+0   3.737752E-1   -1.153595E-2   
1.061750E+3   -2.731500E+2   -2.731500E+2   -2.731500E+2   0.000000E+0   0.000000E+0   0.000000E+0   3.899907E+3   3.899907E+3   3.724703E+2   -8.598636E+0   3.727356E-1   -1.211860E-2   
1.069211E+3   -2.731500E+2   -2.731500E+2   -2.731500E+2   0.000000E+0   0.000000E+0   0.000000E+0   3.799867E+3   3.799867E+3   3.712713E+2   -9.053385E+0   3.715303E-1   -1.275954E-2   
1.076673E+3   -2.731500E+2   -2.731500E+2   -2.731500E+2   0.000000E+0   0.000000E+0   0.000000E+0   3.699970E+3   3.699970E+3   3.698497E+2   -9.508101E+0   3.701024E-1   -1.340043E-2   
1.084135E+3   -2.731500E+2   -2.731500E+2   -2.731500E+2   0.000000E+0   0.000000E+0   0.000000E+0   3.600019E+3   3.600019E+3   3.681711E+2   -1.000417E+1   3.684176E-1   -1.409960E-2   
1.091598E+3   -2.731500E+2   -2.731500E+2   -2.731500E+2   0.000000E+0   0.000000E+0   0.000000E+0   3.499979E+3   3.499979E+3   3.661043E+2   -1.050024E+1   3.663445E-1   -1.479878E-2   
1.099060E+3   -2.731500E+2   -2.731500E+2   -2.731500E+2   0.000000E+0   0.000000E+0   0.000000E+0   3.399849E+3   3.399849E+3   3.636656E+2   -1.095504E+1   3.638994E-1   -1.543979E-2   
1.106521E+3   -2.731500E+2   -2.731500E+2   -2.731500E+2   0.000000E+0   0.000000E+0   0.000000E+0   3.299988E+3   3.299988E+3   3.607717E+2   -1.145111E+1   3.609992E-1   -1.613897E-2   
1.113984E+3   -2.731500E+2   -2.731500E+2   -2.731500E+2   0.000000E+0   0.000000E+0   0.000000E+0   3.200073E+3   3.200073E+3   3.573403E+2   -1.182312E+1   3.575614E-1   -1.666329E-2   
1.121446E+3   -2.731500E+2   -2.731500E+2   -2.731500E+2   0.000000E+0   0.000000E+0   0.000000E+0   3.099818E+3   3.099818E+3   3.532891E+2   -1.219521E+1   3.535037E-1   -1.718773E-2   
1.128910E+3   -2.731500E+2   -2.731500E+2   -2.731500E+2   0.000000E+0   0.000000E+0   0.000000E+0   3.000064E+3   3.000064E+3   3.485763E+2   -1.248460E+1   3.487846E-1   -1.759559E-2   
1.136371E+3   -2.731500E+2   -2.731500E+2   -2.731500E+2   0.000000E+0   0.000000E+0   0.000000E+0   2.899970E+3   2.899970E+3   3.432021E+2   -1.269128E+1   3.434039E-1   -1.788688E-2   
1.143846E+3   -2.731500E+2   -2.731500E+2   -2.731500E+2   0.000000E+0   0.000000E+0   0.000000E+0   2.799930E+3   2.799930E+3   3.370416E+2   -1.285661E+1   3.372368E-1   -1.811988E-2   
1.151310E+3   -2.731500E+2   -2.731500E+2   -2.731500E+2   0.000000E+0   0.000000E+0   0.000000E+0   2.699908E+3   2.699908E+3   3.302204E+2   -1.293932E+1   3.304091E-1   -1.823643E-2   
1.158772E+3   -2.731500E+2   -2.731500E+2   -2.731500E+2   0.000000E+0   0.000000E+0   0.000000E+0   2.599832E+3   2.599832E+3   3.227377E+2   -1.293932E+1   3.229199E-1   -1.823640E-2   
1.166234E+3   -2.731500E+2   -2.731500E+2   -2.731500E+2   0.000000E+0   0.000000E+0   0.000000E+0   2.500060E+3   2.500060E+3   3.146352E+2   -1.289796E+1   3.148107E-1   -1.817809E-2   
1.173695E+3   -2.731500E+2   -2.731500E+2   -2.731500E+2   0.000000E+0   0.000000E+0   0.000000E+0   2.399859E+3   2.399859E+3   3.059545E+2   -1.277399E+1   3.061233E-1   -1.800332E-2   
1.181158E+3   -2.731500E+2   -2.731500E+2   -2.731500E+2   0.000000E+0   0.000000E+0   0.000000E+0   2.300033E+3   2.300033E+3   2.968185E+2   -1.264993E+1   2.969807E-1   -1.782843E-2   
1.188620E+3   -2.731500E+2   -2.731500E+2   -2.731500E+2   0.000000E+0   0.000000E+0   0.000000E+0   2.199957E+3   2.199957E+3   2.872275E+2   -1.248460E+1   2.873830E-1   -1.759538E-2   
1.196091E+3   -2.731500E+2   -2.731500E+2   -2.731500E+2   0.000000E+0   0.000000E+0   0.000000E+0   2.099971E+3   2.099971E+3   2.772645E+2   -1.227792E+1   2.774133E-1   -1.730404E-2   
1.203556E+3   -2.731500E+2   -2.731500E+2   -2.731500E+2   0.000000E+0   0.000000E+0   0.000000E+0   1.999966E+3   1.999966E+3   2.669296E+2   -1.204639E+1   2.670716E-1   -1.697768E-2   
1.211019E+3   -2.731500E+2   -2.731500E+2   -2.731500E+2   0.000000E+0   0.000000E+0   0.000000E+0   1.899980E+3   1.899980E+3   2.562727E+2   -1.178185E+1   2.564080E-1   -1.660478E-2   
1.218480E+3   -2.731500E+2   -2.731500E+2   -2.731500E+2   0.000000E+0   0.000000E+0   0.000000E+0   1.800011E+3   1.800011E+3   2.453340E+2   -1.146765E+1   2.454626E-1   -1.616190E-2   
1.225941E+3   -2.731500E+2   -2.731500E+2   -2.731500E+2   0.000000E+0   0.000000E+0   0.000000E+0   1.699846E+3   1.699846E+3   2.341060E+2   -1.116172E+1   2.342277E-1   -1.573067E-2   
1.233404E+3   -2.731500E+2   -2.731500E+2   -2.731500E+2   0.000000E+0   0.000000E+0   0.000000E+0   1.600038E+3   1.600038E+3   2.226470E+2   -1.078963E+1   2.227620E-1   -1.520618E-2   
1.240865E+3   -2.731500E+2   -2.731500E+2   -2.731500E+2   0.000000E+0   0.000000E+0   0.000000E+0   1.499944E+3   1.499944E+3   2.109725E+2   -1.037626E+1   2.110806E-1   -1.462352E-2   
1.248329E+3   -2.731500E+2   -2.731500E+2   -2.731500E+2   0.000000E+0   0.000000E+0   0.000000E+0   1.400011E+3   1.400011E+3   1.990916E+2   -1.000417E+1   1.991930E-1   -1.409903E-2   
1.255791E+3   -2.731500E+2   -2.731500E+2   -2.731500E+2   0.000000E+0   0.000000E+0   0.000000E+0   1.299810E+3   1.299810E+3   1.869794E+2   -9.582537E+0   1.870740E-1   -1.350472E-2   
1.263254E+3   -2.731500E+2   -2.731500E+2   -2.731500E+2   0.000000E+0   0.000000E+0   0.000000E+0   1.200021E+3   1.200021E+3   1.747017E+2   -9.136006E+0   1.747894E-1   -1.287531E-2   
1.270718E+3   -2.731500E+2   -2.731500E+2   -2.731500E+2   0.000000E+0   0.000000E+0   0.000000E+0   1.099998E+3   1.099998E+3   1.622167E+2   -8.681291E+0   1.622976E-1   -1.223437E-2   
1.278180E+3   -2.731500E+2   -2.731500E+2   -2.731500E+2   0.000000E+0   0.000000E+0   0.000000E+0   9.999045E+2   9.999045E+2   1.495995E+2   -8.226584E+0   1.496735E-1   -1.159344E-2   
1.286733E+3   -2.731500E+2   -2.731500E+2   -2.731500E+2   0.000000E+0   0.000000E+0   0.000000E+0   9.499559E+2   9.499559E+2   1.432002E+2   -7.978541E+0   1.432708E-1   -1.124381E-2   
1.294195E+3   -2.731500E+2   -2.731500E+2   -2.731500E+2   0.000000E+0   0.000000E+0   0.000000E+0   8.998643E+2   8.998643E+2   1.367926E+2   -7.730506E+0   1.368597E-1   -1.089419E-2   
1.301657E+3   -2.731500E+2   -2.731500E+2   -2.731500E+2   0.000000E+0   0.000000E+0   0.000000E+0   8.500767E+2   8.500767E+2   1.303442E+2   -7.482472E+0   1.304079E-1   -1.054458E-2   
1.309120E+3   -2.731500E+2   -2.731500E+2   -2.731500E+2   0.000000E+0   0.000000E+0   0.000000E+0   8.000924E+2   8.000924E+2   1.238117E+2   -7.234438E+0   1.238720E-1   -1.019496E-2   
1.316591E+3   -2.731500E+2   -2.731500E+2   -2.731500E+2   0.000000E+0   0.000000E+0   0.000000E+0   7.499114E+2   7.499114E+2   1.172557E+2   -6.945058E+0   1.173125E-1   -9.787074E-3   
1.324057E+3   -2.731500E+2   -2.731500E+2   -2.731500E+2   0.000000E+0   0.000000E+0   0.000000E+0   6.999986E+2   6.999986E+2   1.106662E+2   -6.655679E+0   1.107196E-1   -9.379184E-3   
1.331518E+3   -2.731500E+2   -2.731500E+2   -2.731500E+2   0.000000E+0   0.000000E+0   0.000000E+0   6.499606E+2   6.499606E+2   1.040106E+2   -6.382843E+0   1.040605E-1   -8.994612E-3   
1.338979E+3   -2.731500E+2   -2.731500E+2   -2.731500E+2   0.000000E+0   0.000000E+0   0.000000E+0   5.999048E+2   5.999048E+2   9.731340E+1   -6.076929E+0   9.735990E-2   -8.563416E-3   
1.346440E+3   -2.731500E+2   -2.731500E+2   -2.731500E+2   0.000000E+0   0.000000E+0   0.000000E+0   5.499562E+2   5.499562E+2   9.061621E+1   -5.787559E+0   9.065926E-2   -8.155538E-3   
1.353902E+3   -2.731500E+2   -2.731500E+2   -2.731500E+2   0.000000E+0   0.000000E+0   0.000000E+0   4.999540E+2   4.999540E+2   8.387793E+1   -5.498180E+0   8.391753E-2   -7.747648E-3   
1.361364E+3   -2.731500E+2   -2.731500E+2   -2.731500E+2   0.000000E+0   0.000000E+0   0.000000E+0   4.499876E+2   4.499876E+2   7.705694E+1   -5.208783E+0   7.709309E-2   -7.339734E-3   
1.368826E+3   -2.731500E+2   -2.731500E+2   -2.731500E+2   0.000000E+0   0.000000E+0   0.000000E+0   4.000390E+2   4.000390E+2   7.023595E+1   -4.878068E+0   7.026866E-2   -6.873581E-3   
1.376289E+3   -2.731500E+2   -2.731500E+2   -2.731500E+2   0.000000E+0   0.000000E+0   0.000000E+0   3.501084E+2   3.501084E+2   6.333226E+1   -4.547352E+0   6.336151E-2   -6.407428E-3   
1.383750E+3   -2.731500E+2   -2.731500E+2   -2.731500E+2   0.000000E+0   0.000000E+0   0.000000E+0   2.998022E+2   2.998022E+2   5.637902E+1   -4.175301E+0   5.640479E-2   -5.883012E-3   
1.391213E+3   -2.731500E+2   -2.731500E+2   -2.731500E+2   0.000000E+0   0.000000E+0   0.000000E+0   2.498000E+2   2.498000E+2   4.940089E+1   -3.803249E+0   4.942320E-2   -5.358596E-3   
1.398674E+3   -2.731500E+2   -2.731500E+2   -2.731500E+2   0.000000E+0   0.000000E+0   0.000000E+0   2.000303E+2   2.000303E+2   4.237322E+1   -3.389853E+0   4.239208E-2   -4.775905E-3   
1.406137E+3   -2.731500E+2   -2.731500E+2   -2.731500E+2   0.000000E+0   0.000000E+0   0.000000E+0   1.498671E+2   1.498671E+2   3.522132E+1   -2.935120E+0   3.523670E-2   -4.134951E-3   
1.413598E+3   -2.731500E+2   -2.731500E+2   -2.731500E+2   0.000000E+0   0.000000E+0   0.000000E+0   1.000616E+2   1.000616E+2   2.806132E+1   -2.439034E+0   2.807324E-2   -3.435710E-3   
1.422050E+3   -2.731500E+2   -2.731500E+2   -2.731500E+2   0.000000E+0   0.000000E+0   0.000000E+0   8.997534E+1   8.997534E+1   2.660619E+1   -2.356353E+0   2.661742E-2   -3.319169E-3   
1.429412E+3   -2.731500E+2   -2.731500E+2   -2.731500E+2   0.000000E+0   0.000000E+0   0.000000E+0   7.988906E+1   7.988906E+1   2.513453E+1   -2.232336E+0   2.514505E-2   -3.144365E-3   
1.436774E+3   -2.731500E+2   -2.731500E+2   -2.731500E+2   0.000000E+0   0.000000E+0   0.000000E+0   6.998162E+1   6.998162E+1   2.368767E+1   -2.149655E+0   2.369751E-2   -3.027825E-3   
1.444086E+3   -2.731500E+2   -2.731500E+2   -2.731500E+2   0.000000E+0   0.000000E+0   0.000000E+0   5.996687E+1   5.996687E+1   2.224074E+1   -1.942965E+0   2.224987E-2   -2.736495E-3   
1.451446E+3   -2.731500E+2   -2.731500E+2   -2.731500E+2   0.000000E+0   0.000000E+0   0.000000E+0   5.013096E+1   5.013096E+1   2.079380E+1   -1.818948E+0   2.080225E-2   -2.561692E-3   
1.458858E+3   -2.731500E+2   -2.731500E+2   -2.731500E+2   0.000000E+0   0.000000E+0   0.000000E+0   3.997314E+1   3.997314E+1   1.926424E+1   -1.670120E+0   1.927198E-2   -2.351918E-3   
1.466220E+3   -2.731500E+2   -2.731500E+2   -2.731500E+2   0.000000E+0   0.000000E+0   0.000000E+0   3.010147E+1   3.010147E+1   1.781738E+1   -1.488232E+0   1.782444E-2   -2.095546E-3   
1.473633E+3   -2.731500E+2   -2.731500E+2   -2.731500E+2   0.000000E+0   0.000000E+0   0.000000E+0   1.997942E+1   1.997942E+1   1.632918E+1   -1.322870E+0   1.633553E-2   -1.862468E-3   
1.480997E+3   -2.731500E+2   -2.731500E+2   -2.731500E+2   0.000000E+0   0.000000E+0   0.000000E+0   9.946789E+0   9.946789E+0   1.484088E+1   -1.157508E+0   1.484654E-2   -1.629389E-3   
1.488307E+3   -2.731500E+2   -2.731500E+2   -2.731500E+2   0.000000E+0   0.000000E+0   0.000000E+0   -1.216076E-1   -1.216076E-1   1.331132E+1   -8.681291E-1   1.331627E-2   -1.221509E-3   
1.495674E+3   -2.731500E+2   -2.731500E+2   -2.731500E+2   0.000000E+0   0.000000E+0   0.000000E+0   -9.975403E+0   -9.975403E+0   1.182312E+1   -6.200938E-1   1.182738E-2   -8.719037E-4   
1.503091E+3   -2.731500E+2   -2.731500E+2   -2.731500E+2   0.000000E+0   0.000000E+0   0.000000E+0   -2.004380E+1   -2.004380E+1   1.033491E+1   -4.133964E-1   1.033847E-2   -5.805633E-4   
1.510452E+3   -2.731500E+2   -2.731500E+2   -2.731500E+2   0.000000E+0   0.000000E+0   0.000000E+0   -3.009431E+1   -3.009431E+1   8.805351E+0   -2.066982E-1   8.808209E-3   -2.892216E-4   
1.517815E+3   -2.731500E+2   -2.731500E+2   -2.731500E+2   0.000000E+0   0.000000E+0   0.000000E+0   -3.994811E+1   -3.994811E+1   7.317110E+0   0.000000E+0   7.319280E-3   2.119947E-6   
1.525227E+3   -2.731500E+2   -2.731500E+2   -2.731500E+2   0.000000E+0   0.000000E+0   0.000000E+0   -5.003439E+1   -5.003439E+1   5.787559E+0   3.307180E-1   5.789024E-3   4.682662E-4   
1.532589E+3   -2.731500E+2   -2.731500E+2   -2.731500E+2   0.000000E+0   0.000000E+0   0.000000E+0   -5.999548E+1   -5.999548E+1   4.257982E+0   6.200938E-1   4.258750E-3   8.761410E-4   
1.539950E+3   -2.731500E+2   -2.731500E+2   -2.731500E+2   0.000000E+0   0.000000E+0   0.000000E+0   -7.013541E+1   -7.013541E+1   2.687077E+0   9.508101E-1   2.687136E-3   1.342285E-3   
1.547311E+3   -2.731500E+2   -2.731500E+2   -2.731500E+2   0.000000E+0   0.000000E+0   0.000000E+0   -7.998921E+1   -7.998921E+1   1.198844E+0   1.157508E+0   1.198215E-3   1.633626E-3   
1.554675E+3   -2.731500E+2   -2.731500E+2   -2.731500E+2   0.000000E+0   0.000000E+0   0.000000E+0   -8.998607E+1   -8.998607E+1   -3.720568E-1   1.529569E+0   -3.733869E-4   2.158044E-3   
1.562087E+3   -2.731500E+2   -2.731500E+2   -2.731500E+2   0.000000E+0   0.000000E+0   0.000000E+0   -1.000724E+2   -1.000724E+2   -1.942965E+0   1.794141E+0   -1.945002E-3   2.530959E-3   
1.570640E+3   -2.731500E+2   -2.731500E+2   -2.731500E+2   0.000000E+0   0.000000E+0   0.000000E+0   -1.500924E+2   -1.500924E+2   -9.756135E+0   3.224490E+0   -9.761677E-3   4.547035E-3   
1.578102E+3   -2.731500E+2   -2.731500E+2   -2.731500E+2   0.000000E+0   0.000000E+0   0.000000E+0   -1.999873E+2   -1.999873E+2   -1.790000E+1   4.935947E+0   -1.790906E-2   6.959328E-3   
1.585564E+3   -2.731500E+2   -2.731500E+2   -2.731500E+2   0.000000E+0   0.000000E+0   0.000000E+0   -2.499716E+2   -2.499716E+2   -2.666409E+1   7.275774E+0   -2.667670E-2   1.025730E-2   
1.593023E+3   -2.731500E+2   -2.731500E+2   -2.731500E+2   0.000000E+0   0.000000E+0   0.000000E+0   -3.000633E+2   -3.000633E+2   -3.658555E+1   8.185239E+0   -3.660178E-2   1.153920E-2   
1.600485E+3   -2.731500E+2   -2.731500E+2   -2.731500E+2   0.000000E+0   0.000000E+0   0.000000E+0   -3.501549E+2   -3.501549E+2   -4.696190E+1   9.301420E+0   -4.698177E-2   1.311246E-2   
1.607948E+3   -2.731500E+2   -2.731500E+2   -2.731500E+2   0.000000E+0   0.000000E+0   0.000000E+0   -4.000855E+2   -4.000855E+2   -5.706523E+1   1.045888E+1   -5.708872E-2   1.474390E-2   
1.615409E+3   -2.731500E+2   -2.731500E+2   -2.731500E+2   0.000000E+0   0.000000E+0   0.000000E+0   -4.501950E+2   -4.501950E+2   -6.618470E+1   1.124443E+1   -6.621177E-2   1.585113E-2   
1.622870E+3   -2.731500E+2   -2.731500E+2   -2.731500E+2   0.000000E+0   0.000000E+0   0.000000E+0   -5.000721E+2   -5.000721E+2   -7.453525E+1   1.161644E+1   -7.456584E-2   1.637549E-2   
1.630332E+3   -2.731500E+2   -2.731500E+2   -2.731500E+2   0.000000E+0   0.000000E+0   0.000000E+0   -5.499669E+2   -5.499669E+2   -8.238973E+1   1.198853E+1   -8.242382E-2   1.689996E-2   
1.637794E+3   -2.731500E+2   -2.731500E+2   -2.731500E+2   0.000000E+0   0.000000E+0   0.000000E+0   -6.000228E+2   -6.000228E+2   -8.991399E+1   1.215386E+1   -8.995157E-2   1.713300E-2   
1.645256E+3   -2.731500E+2   -2.731500E+2   -2.731500E+2   0.000000E+0   0.000000E+0   0.000000E+0   -6.500071E+2   -6.500071E+2   -9.723104E+1   1.219521E+1   -9.727211E-2   1.719130E-2   
1.652717E+3   -2.731500E+2   -2.731500E+2   -2.731500E+2   0.000000E+0   0.000000E+0   0.000000E+0   -7.002418E+2   -7.002418E+2   -1.044241E+2   1.219521E+1   -1.044687E-1   1.719132E-2   
1.660178E+3   -2.731500E+2   -2.731500E+2   -2.731500E+2   0.000000E+0   0.000000E+0   0.000000E+0   -7.501188E+2   -7.501188E+2   -1.114516E+2   1.215386E+1   -1.114996E-1   1.713304E-2   
1.667639E+3   -2.731500E+2   -2.731500E+2   -2.731500E+2   0.000000E+0   0.000000E+0   0.000000E+0   -8.000495E+2   -8.000495E+2   -1.183968E+2   1.211251E+1   -1.184482E-1   1.707477E-2   
1.675101E+3   -2.731500E+2   -2.731500E+2   -2.731500E+2   0.000000E+0   0.000000E+0   0.000000E+0   -8.501232E+2   -8.501232E+2   -1.252587E+2   1.202988E+1   -1.253136E-1   1.695833E-2   
1.682562E+3   -2.731500E+2   -2.731500E+2   -2.731500E+2   0.000000E+0   0.000000E+0   0.000000E+0   -8.999645E+2   -8.999645E+2   -1.320391E+2   1.186447E+1   -1.320974E-1   1.672519E-2   
1.690024E+3   -2.731500E+2   -2.731500E+2   -2.731500E+2   0.000000E+0   0.000000E+0   0.000000E+0   -9.499845E+2   -9.499845E+2   -1.387354E+2   1.178185E+1   -1.387972E-1   1.660875E-2   
1.697485E+3   -2.731500E+2   -2.731500E+2   -2.731500E+2   0.000000E+0   0.000000E+0   0.000000E+0   -1.000040E+3   -1.000040E+3   -1.453665E+2   1.161644E+1   -1.454318E-1   1.637562E-2   
1.706087E+3   -2.731500E+2   -2.731500E+2   -2.731500E+2   0.000000E+0   0.000000E+0   0.000000E+0   -1.100134E+3   -1.100134E+3   -1.585374E+2   1.128570E+1   -1.586096E-1   1.590947E-2   
1.713548E+3   -2.731500E+2   -2.731500E+2   -2.731500E+2   0.000000E+0   0.000000E+0   0.000000E+0   -1.200103E+3   -1.200103E+3   -1.713860E+2   1.099639E+1   -1.714650E-1   1.550173E-2   
1.721009E+3   -2.731500E+2   -2.731500E+2   -2.731500E+2   0.000000E+0   0.000000E+0   0.000000E+0   -1.299946E+3   -1.299946E+3   -1.839616E+2   1.074836E+1   -1.840474E-1   1.515215E-2   
1.728469E+3   -2.731500E+2   -2.731500E+2   -2.731500E+2   0.000000E+0   0.000000E+0   0.000000E+0   -1.400219E+3   -1.400219E+3   -1.963054E+2   1.050024E+1   -1.963981E-1   1.480245E-2   
1.735932E+3   -2.731500E+2   -2.731500E+2   -2.731500E+2   0.000000E+0   0.000000E+0   0.000000E+0   -1.500170E+3   -1.500170E+3   -2.083598E+2   1.029356E+1   -2.084593E-1   1.451116E-2   
1.743393E+3   -2.731500E+2   -2.731500E+2   -2.731500E+2   0.000000E+0   0.000000E+0   0.000000E+0   -1.600031E+3   -1.600031E+3   -2.201750E+2   1.016950E+1   -2.202813E-1   1.433633E-2   
1.750857E+3   -2.731500E+2   -2.731500E+2   -2.731500E+2   0.000000E+0   0.000000E+0   0.000000E+0   -1.700035E+3   -1.700035E+3   -2.317496E+2   1.008688E+1   -2.318627E-1   1.421990E-2   
1.758318E+3   -2.731500E+2   -2.731500E+2   -2.731500E+2   0.000000E+0   0.000000E+0   0.000000E+0   -1.800093E+3   -1.800093E+3   -2.430356E+2   1.004552E+1   -2.431555E-1   1.416164E-2   
1.765790E+3   -2.731500E+2   -2.731500E+2   -2.731500E+2   0.000000E+0   0.000000E+0   0.000000E+0   -1.900169E+3   -1.900169E+3   -2.540403E+2   1.012823E+1   -2.541669E-1   1.427824E-2   
1.773253E+3   -2.731500E+2   -2.731500E+2   -2.731500E+2   0.000000E+0   0.000000E+0   0.000000E+0   -2.000102E+3   -2.000102E+3   -2.647804E+2   1.021085E+1   -2.649138E-1   1.439472E-2   
1.780716E+3   -2.731500E+2   -2.731500E+2   -2.731500E+2   0.000000E+0   0.000000E+0   0.000000E+0   -2.100196E+3   -2.100196E+3   -2.752393E+2   1.033491E+1   -2.753795E-1   1.456961E-2   
1.788177E+3   -2.731500E+2   -2.731500E+2   -2.731500E+2   0.000000E+0   0.000000E+0   0.000000E+0   -2.200111E+3   -2.200111E+3   -2.852928E+2   1.054159E+1   -2.854397E-1   1.486095E-2   
1.795639E+3   -2.731500E+2   -2.731500E+2   -2.731500E+2   0.000000E+0   0.000000E+0   0.000000E+0   -2.300062E+3   -2.300062E+3   -2.949988E+2   1.074836E+1   -2.951524E-1   1.515241E-2   
1.803100E+3   -2.731500E+2   -2.731500E+2   -2.731500E+2   0.000000E+0   0.000000E+0   0.000000E+0   -2.400013E+3   -2.400013E+3   -3.042596E+2   1.095504E+1   -3.044198E-1   1.544375E-2   
1.810561E+3   -2.731500E+2   -2.731500E+2   -2.731500E+2   0.000000E+0   0.000000E+0   0.000000E+0   -2.500124E+3   -2.500124E+3   -3.131059E+2   1.120307E+1   -3.132728E-1   1.579338E-2   
1.818026E+3   -2.731500E+2   -2.731500E+2   -2.731500E+2   0.000000E+0   0.000000E+0   0.000000E+0   -2.600146E+3   -2.600146E+3   -3.213324E+2   1.140976E+1   -3.215060E-1   1.608472E-2   
1.825495E+3   -2.731500E+2   -2.731500E+2   -2.731500E+2   0.000000E+0   0.000000E+0   0.000000E+0   -2.700044E+3   -2.700044E+3   -3.289723E+2   1.161644E+1   -3.291525E-1   1.637606E-2   
1.832959E+3   -2.731500E+2   -2.731500E+2   -2.731500E+2   0.000000E+0   0.000000E+0   0.000000E+0   -2.800191E+3   -2.800191E+3   -3.359665E+2   1.172396E+1   -3.361532E-1   1.652764E-2   
1.840423E+3   -2.731500E+2   -2.731500E+2   -2.731500E+2   0.000000E+0   0.000000E+0   0.000000E+0   -2.900106E+3   -2.900106E+3   -3.422511E+2   1.178185E+1   -3.424443E-1   1.660926E-2   
1.847884E+3   -2.731500E+2   -2.731500E+2   -2.731500E+2   0.000000E+0   0.000000E+0   0.000000E+0   -2.999949E+3   -2.999949E+3   -3.477909E+2   1.178185E+1   -3.479905E-1   1.660929E-2   
1.855346E+3   -2.731500E+2   -2.731500E+2   -2.731500E+2   0.000000E+0   0.000000E+0   0.000000E+0   -3.100061E+3   -3.100061E+3   -3.526276E+2   1.169914E+1   -3.528337E-1   1.649274E-2   
1.862807E+3   -2.731500E+2   -2.731500E+2   -2.731500E+2   0.000000E+0   0.000000E+0   0.000000E+0   -3.200048E+3   -3.200048E+3   -3.568028E+2   1.149246E+1   -3.570154E-1   1.620145E-2   
1.870270E+3   -2.731500E+2   -2.731500E+2   -2.731500E+2   0.000000E+0   0.000000E+0   0.000000E+0   -3.300141E+3   -3.300141E+3   -3.603166E+2   1.120307E+1   -3.605355E-1   1.579359E-2   
1.877732E+3   -2.731500E+2   -2.731500E+2   -2.731500E+2   0.000000E+0   0.000000E+0   0.000000E+0   -3.399985E+3   -3.399985E+3   -3.632928E+2   1.083098E+1   -3.635181E-1   1.526915E-2   
1.885194E+3   -2.731500E+2   -2.731500E+2   -2.731500E+2   0.000000E+0   0.000000E+0   0.000000E+0   -3.500258E+3   -3.500258E+3   -3.658148E+2   1.045888E+1   -3.660464E-1   1.474471E-2   
1.892656E+3   -2.731500E+2   -2.731500E+2   -2.731500E+2   0.000000E+0   0.000000E+0   0.000000E+0   -3.600190E+3   -3.600190E+3   -3.679232E+2   1.000417E+1   -3.681611E-1   1.410382E-2   
1.900118E+3   -2.731500E+2   -2.731500E+2   -2.731500E+2   0.000000E+0   0.000000E+0   0.000000E+0   -3.699998E+3   -3.699998E+3   -3.696430E+2   9.590808E+0   -3.698872E-1   1.352122E-2   
1.907581E+3   -2.731500E+2   -2.731500E+2   -2.731500E+2   0.000000E+0   0.000000E+0   0.000000E+0   -3.800056E+3   -3.800056E+3   -3.711066E+2   9.136006E+0   -3.713571E-1   1.288021E-2   
1.915043E+3   -2.731500E+2   -2.731500E+2   -2.731500E+2   0.000000E+0   0.000000E+0   0.000000E+0   -3.900061E+3   -3.900061E+3   -3.723464E+2   8.681291E+0   -3.726031E-1   1.223932E-2   
1.922504E+3   -2.731500E+2   -2.731500E+2   -2.731500E+2   0.000000E+0   0.000000E+0   0.000000E+0   -4.000154E+3   -4.000154E+3   -3.733964E+2   8.267920E+0   -3.736594E-1   1.165670E-2   
1.929966E+3   -2.731500E+2   -2.731500E+2   -2.731500E+2   0.000000E+0   0.000000E+0   0.000000E+0   -4.100034E+3   -4.100034E+3   -3.742892E+2   7.854524E+0   -3.745584E-1   1.107405E-2   
1.937428E+3   -2.731500E+2   -2.731500E+2   -2.731500E+2   0.000000E+0   0.000000E+0   0.000000E+0   -4.200181E+3   -4.200181E+3   -3.750583E+2   7.482472E+0   -3.753338E-1   1.054967E-2   
1.944905E+3   -2.731500E+2   -2.731500E+2   -2.731500E+2   0.000000E+0   0.000000E+0   0.000000E+0   -4.300150E+3   -4.300150E+3   -3.757035E+2   7.110420E+0   -3.759852E-1   1.002530E-2   
1.952367E+3   -2.731500E+2   -2.731500E+2   -2.731500E+2   0.000000E+0   0.000000E+0   0.000000E+0   -4.400083E+3   -4.400083E+3   -3.762736E+2   6.779705E+0   -3.765616E-1   9.559183E-3   
1.959830E+3   -2.731500E+2   -2.731500E+2   -2.731500E+2   0.000000E+0   0.000000E+0   0.000000E+0   -4.500051E+3   -4.500051E+3   -3.767695E+2   6.448990E+0   -3.770637E-1   9.093069E-3   
1.967292E+3   -2.731500E+2   -2.731500E+2   -2.731500E+2   0.000000E+0   0.000000E+0   0.000000E+0   -4.600270E+3   -4.600270E+3   -3.772247E+2   6.159610E+0   -3.775250E-1   8.685219E-3   
1.974754E+3   -2.731500E+2   -2.731500E+2   -2.731500E+2   0.000000E+0   0.000000E+0   0.000000E+0   -4.700060E+3   -4.700060E+3   -3.775966E+2   5.870231E+0   -3.779032E-1   8.277368E-3   
1.982217E+3   -2.731500E+2   -2.731500E+2   -2.731500E+2   0.000000E+0   0.000000E+0   0.000000E+0   -4.800154E+3   -4.800154E+3   -3.779685E+2   5.622197E+0   -3.782813E-1   7.927792E-3   
1.989678E+3   -2.731500E+2   -2.731500E+2   -2.731500E+2   0.000000E+0   0.000000E+0   0.000000E+0   -4.900122E+3   -4.900122E+3   -3.782581E+2   5.374162E+0   -3.785771E-1   7.578216E-3   
1.997141E+3   -2.731500E+2   -2.731500E+2   -2.731500E+2   0.000000E+0   0.000000E+0   0.000000E+0   -5.000109E+3   -5.000109E+3   -3.785476E+2   5.126102E+0   -3.788729E-1   7.228604E-3   
2.004602E+3   -2.731500E+2   -2.731500E+2   -2.731500E+2   0.000000E+0   0.000000E+0   0.000000E+0   -5.100167E+3   -5.100167E+3   -3.787956E+2   4.878068E+0   -3.791270E-1   6.879028E-3   
2.012063E+3   -2.731500E+2   -2.731500E+2   -2.731500E+2   0.000000E+0   0.000000E+0   0.000000E+0   -5.200028E+3   -5.200028E+3   -3.790435E+2   4.671369E+0   -3.793812E-1   6.587715E-3   
2.019522E+3   -2.731500E+2   -2.731500E+2   -2.731500E+2   0.000000E+0   0.000000E+0   0.000000E+0   -5.300283E+3   -5.300283E+3   -3.792499E+2   4.506016E+0   -3.795937E-1   6.354677E-3   
2.026983E+3   -2.731500E+2   -2.731500E+2   -2.731500E+2   0.000000E+0   0.000000E+0   0.000000E+0   -5.400055E+3   -5.400055E+3   -3.794155E+2   4.299318E+0   -3.797655E-1   6.063364E-3   
2.034443E+3   -2.731500E+2   -2.731500E+2   -2.731500E+2   0.000000E+0   0.000000E+0   0.000000E+0   -5.500113E+3   -5.500113E+3   -3.796227E+2   4.133956E+0   -3.799789E-1   5.830314E-3   
2.041906E+3   -2.731500E+2   -2.731500E+2   -2.731500E+2   0.000000E+0   0.000000E+0   0.000000E+0   -5.600171E+3   -5.600171E+3   -3.797548E+2   3.968602E+0   -3.801172E-1   5.597277E-3   
2.049369E+3   -2.731500E+2   -2.731500E+2   -2.731500E+2   0.000000E+0   0.000000E+0   0.000000E+0   -5.700193E+3   -5.700193E+3   -3.799114E+2   3.803249E+0   -3.802800E-1   5.364239E-3   
2.056831E+3   -2.731500E+2   -2.731500E+2   -2.731500E+2   0.000000E+0   0.000000E+0   0.000000E+0   -5.800180E+3   -5.800180E+3   -3.800353E+2   3.679223E+0   -3.804102E-1   5.189452E-3   
2.064293E+3   -2.731500E+2   -2.731500E+2   -2.731500E+2   0.000000E+0   0.000000E+0   0.000000E+0   -5.899988E+3   -5.899988E+3   -3.801593E+2   3.513870E+0   -3.805403E-1   4.956414E-3   
2.071754E+3   -2.731500E+2   -2.731500E+2   -2.731500E+2   0.000000E+0   0.000000E+0   0.000000E+0   -6.000189E+3   -6.000189E+3   -3.802833E+2   3.389853E+0   -3.806705E-1   4.781639E-3   
2.079216E+3   -2.731500E+2   -2.731500E+2   -2.731500E+2   0.000000E+0   0.000000E+0   0.000000E+0   -6.100121E+3   -6.100121E+3   -3.804081E+2   3.265835E+0   -3.808016E-1   4.606865E-3   
2.086679E+3   -2.731500E+2   -2.731500E+2   -2.731500E+2   0.000000E+0   0.000000E+0   0.000000E+0   -6.200054E+3   -6.200054E+3   -3.804905E+2   3.141818E+0   -3.808901E-1   4.432090E-3   
2.094141E+3   -2.731500E+2   -2.731500E+2   -2.731500E+2   0.000000E+0   0.000000E+0   0.000000E+0   -6.300112E+3   -6.300112E+3   -3.805728E+2   3.059137E+0   -3.809787E-1   4.315578E-3   
2.101603E+3   -2.731500E+2   -2.731500E+2   -2.731500E+2   0.000000E+0   0.000000E+0   0.000000E+0   -6.400117E+3   -6.400117E+3   -3.806561E+2   2.935120E+0   -3.810681E-1   4.140803E-3   
2.109063E+3   -2.731500E+2   -2.731500E+2   -2.731500E+2   0.000000E+0   0.000000E+0   0.000000E+0   -6.500032E+3   -6.500032E+3   -3.807384E+2   2.852439E+0   -3.811567E-1   4.024291E-3   
2.116525E+3   -2.731500E+2   -2.731500E+2   -2.731500E+2   0.000000E+0   0.000000E+0   0.000000E+0   -6.600108E+3   -6.600108E+3   -3.808126E+2   2.728422E+0   -3.812371E-1   3.849516E-3   
2.123986E+3   -2.731500E+2   -2.731500E+2   -2.731500E+2   0.000000E+0   0.000000E+0   0.000000E+0   -6.700219E+3   -6.700219E+3   -3.809040E+2   2.645741E+0   -3.813347E-1   3.733004E-3   
2.131447E+3   -2.731500E+2   -2.731500E+2   -2.731500E+2   0.000000E+0   0.000000E+0   0.000000E+0   -6.800045E+3   -6.800045E+3   -3.809448E+2   2.563051E+0   -3.813816E-1   3.616480E-3   
2.138906E+3   -2.731500E+2   -2.731500E+2   -2.731500E+2   0.000000E+0   0.000000E+0   0.000000E+0   -6.900014E+3   -6.900014E+3   -3.810280E+2   2.480370E+0   -3.814710E-1   3.499968E-3   
2.146369E+3   -2.731500E+2   -2.731500E+2   -2.731500E+2   0.000000E+0   0.000000E+0   0.000000E+0   -7.000179E+3   -7.000179E+3   -3.810687E+2   2.397698E+0   -3.815180E-1   3.383469E-3   
2.153828E+3   -2.731500E+2   -2.731500E+2   -2.731500E+2   0.000000E+0   0.000000E+0   0.000000E+0   -7.100058E+3   -7.100058E+3   -3.811520E+2   2.315017E+0   -3.816074E-1   3.266957E-3   
2.161286E+3   -2.731500E+2   -2.731500E+2   -2.731500E+2   0.000000E+0   0.000000E+0   0.000000E+0   -7.200098E+3   -7.200098E+3   -3.811853E+2   2.232336E+0   -3.816469E-1   3.150445E-3   
2.168744E+3   -2.731500E+2   -2.731500E+2   -2.731500E+2   0.000000E+0   0.000000E+0   0.000000E+0   -7.300138E+3   -7.300138E+3   -3.812343E+2   2.174461E+0   -3.817022E-1   3.068898E-3   
2.176207E+3   -2.731500E+2   -2.731500E+2   -2.731500E+2   0.000000E+0   0.000000E+0   0.000000E+0   -7.400125E+3   -7.400125E+3   -3.812759E+2   2.108318E+0   -3.817500E-1   2.975696E-3   
2.183677E+3   -2.731500E+2   -2.731500E+2   -2.731500E+2   0.000000E+0   0.000000E+0   0.000000E+0   -7.500022E+3   -7.500022E+3   -3.813176E+2   2.025637E+0   -3.817978E-1   2.859184E-3   
2.191141E+3   -2.731500E+2   -2.731500E+2   -2.731500E+2   0.000000E+0   0.000000E+0   0.000000E+0   -7.600116E+3   -7.600116E+3   -3.813583E+2   1.984301E+0   -3.818447E-1   2.800947E-3   
2.198602E+3   -2.731500E+2   -2.731500E+2   -2.731500E+2   0.000000E+0   0.000000E+0   0.000000E+0   -7.700120E+3   -7.700120E+3   -3.813583E+2   1.901620E+0   -3.818509E-1   2.684435E-3   
2.206063E+3   -2.731500E+2   -2.731500E+2   -2.731500E+2   0.000000E+0   0.000000E+0   0.000000E+0   -7.800125E+3   -7.800125E+3   -3.814415E+2   1.818948E+0   -3.819404E-1   2.567936E-3   
2.213527E+3   -2.731500E+2   -2.731500E+2   -2.731500E+2   0.000000E+0   0.000000E+0   0.000000E+0   -7.900004E+3   -7.900004E+3   -3.814415E+2   1.777603E+0   -3.819465E-1   2.509687E-3   
2.220988E+3   -2.731500E+2   -2.731500E+2   -2.731500E+2   0.000000E+0   0.000000E+0   0.000000E+0   -8.000116E+3   -8.000116E+3   -3.814823E+2   1.694922E+0   -3.819935E-1   2.393175E-3   
2.229590E+3   -2.731500E+2   -2.731500E+2   -2.731500E+2   0.000000E+0   0.000000E+0   0.000000E+0   -7.899879E+3   -7.899879E+3   -3.814415E+2   1.777603E+0   -3.819465E-1   2.509687E-3   
2.237051E+3   -2.731500E+2   -2.731500E+2   -2.731500E+2   0.000000E+0   0.000000E+0   0.000000E+0   -7.799928E+3   -7.799928E+3   -3.814415E+2   1.818948E+0   -3.819403E-1   2.567936E-3   
2.244513E+3   -2.731500E+2   -2.731500E+2   -2.731500E+2   0.000000E+0   0.000000E+0   0.000000E+0   -7.700031E+3   -7.700031E+3   -3.814082E+2   1.901620E+0   -3.819009E-1   2.684435E-3   
2.251975E+3   -2.731500E+2   -2.731500E+2   -2.731500E+2   0.000000E+0   0.000000E+0   0.000000E+0   -7.599848E+3   -7.599848E+3   -3.813583E+2   1.942965E+0   -3.818447E-1   2.742684E-3   
2.259483E+3   -2.731500E+2   -2.731500E+2   -2.731500E+2   0.000000E+0   0.000000E+0   0.000000E+0   -7.499915E+3   -7.499915E+3   -3.813583E+2   2.025637E+0   -3.818385E-1   2.859184E-3   
2.266944E+3   -2.731500E+2   -2.731500E+2   -2.731500E+2   0.000000E+0   0.000000E+0   0.000000E+0   -7.400018E+3   -7.400018E+3   -3.812843E+2   2.108318E+0   -3.817583E-1   2.975696E-3   
2.274405E+3   -2.731500E+2   -2.731500E+2   -2.731500E+2   0.000000E+0   0.000000E+0   0.000000E+0   -7.300031E+3   -7.300031E+3   -3.812343E+2   2.149655E+0   -3.817022E-1   3.033933E-3   
2.281867E+3   -2.731500E+2   -2.731500E+2   -2.731500E+2   0.000000E+0   0.000000E+0   0.000000E+0   -7.199955E+3   -7.199955E+3   -3.811936E+2   2.232336E+0   -3.816552E-1   3.150445E-3   
2.289328E+3   -2.731500E+2   -2.731500E+2   -2.731500E+2   0.000000E+0   0.000000E+0   0.000000E+0   -7.099987E+3   -7.099987E+3   -3.811520E+2   2.315017E+0   -3.816074E-1   3.266957E-3   
2.296791E+3   -2.731500E+2   -2.731500E+2   -2.731500E+2   0.000000E+0   0.000000E+0   0.000000E+0   -6.999964E+3   -6.999964E+3   -3.811104E+2   2.397698E+0   -3.815596E-1   3.383468E-3   
2.304254E+3   -2.731500E+2   -2.731500E+2   -2.731500E+2   0.000000E+0   0.000000E+0   0.000000E+0   -6.899853E+3   -6.899853E+3   -3.810687E+2   2.480370E+0   -3.815118E-1   3.499968E-3   
2.311717E+3   -2.731500E+2   -2.731500E+2   -2.731500E+2   0.000000E+0   0.000000E+0   0.000000E+0   -6.799973E+3   -6.799973E+3   -3.809864E+2   2.563051E+0   -3.814232E-1   3.616480E-3   
2.319179E+3   -2.731500E+2   -2.731500E+2   -2.731500E+2   0.000000E+0   0.000000E+0   0.000000E+0   -6.700023E+3   -6.700023E+3   -3.809448E+2   2.645741E+0   -3.813754E-1   3.733004E-3   
2.326643E+3   -2.731500E+2   -2.731500E+2   -2.731500E+2   0.000000E+0   0.000000E+0   0.000000E+0   -6.599929E+3   -6.599929E+3   -3.808624E+2   2.761491E+0   -3.812868E-1   3.896126E-3   
2.334105E+3   -2.731500E+2   -2.731500E+2   -2.731500E+2   0.000000E+0   0.000000E+0   0.000000E+0   -6.499960E+3   -6.499960E+3   -3.807800E+2   2.852439E+0   -3.811983E-1   4.024291E-3   
2.341569E+3   -2.731500E+2   -2.731500E+2   -2.731500E+2   0.000000E+0   0.000000E+0   0.000000E+0   -6.399849E+3   -6.399849E+3   -3.807384E+2   2.935120E+0   -3.811505E-1   4.140803E-3   
2.349030E+3   -2.731500E+2   -2.731500E+2   -2.731500E+2   0.000000E+0   0.000000E+0   0.000000E+0   -6.299898E+3   -6.299898E+3   -3.806561E+2   3.059137E+0   -3.810619E-1   4.315578E-3   
2.356494E+3   -2.731500E+2   -2.731500E+2   -2.731500E+2   0.000000E+0   0.000000E+0   0.000000E+0   -6.199911E+3   -6.199911E+3   -3.805728E+2   3.141818E+0   -3.809725E-1   4.432090E-3   
2.363957E+3   -2.731500E+2   -2.731500E+2   -2.731500E+2   0.000000E+0   0.000000E+0   0.000000E+0   -6.099889E+3   -6.099889E+3   -3.804489E+2   3.265835E+0   -3.808423E-1   4.606864E-3   
2.371433E+3   -2.731500E+2   -2.731500E+2   -2.731500E+2   0.000000E+0   0.000000E+0   0.000000E+0   -5.999974E+3   -5.999974E+3   -3.803665E+2   3.431189E+0   -3.807538E-1   4.839902E-3   
2.378893E+3   -2.731500E+2   -2.731500E+2   -2.731500E+2   0.000000E+0   0.000000E+0   0.000000E+0   -5.899916E+3   -5.899916E+3   -3.802425E+2   3.513870E+0   -3.806236E-1   4.956414E-3   
2.386355E+3   -2.731500E+2   -2.731500E+2   -2.731500E+2   0.000000E+0   0.000000E+0   0.000000E+0   -5.799947E+3   -5.799947E+3   -3.801186E+2   3.679223E+0   -3.804934E-1   5.189452E-3   
2.393814E+3   -2.731500E+2   -2.731500E+2   -2.731500E+2   0.000000E+0   0.000000E+0   0.000000E+0   -5.699979E+3   -5.699979E+3   -3.799946E+2   3.828051E+0   -3.803632E-1   5.399197E-3   
2.401276E+3   -2.731500E+2   -2.731500E+2   -2.731500E+2   0.000000E+0   0.000000E+0   0.000000E+0   -5.600100E+3   -5.600100E+3   -3.798290E+2   4.009939E+0   -3.801914E-1   5.655540E-3   
2.408740E+3   -2.731500E+2   -2.731500E+2   -2.731500E+2   0.000000E+0   0.000000E+0   0.000000E+0   -5.499898E+3   -5.499898E+3   -3.797050E+2   4.150494E+0   -3.800613E-1   5.853624E-3   
2.416205E+3   -2.731500E+2   -2.731500E+2   -2.731500E+2   0.000000E+0   0.000000E+0   0.000000E+0   -5.400019E+3   -5.400019E+3   -3.795394E+2   4.340654E+0   -3.798895E-1   6.121627E-3   
2.423679E+3   -2.731500E+2   -2.731500E+2   -2.731500E+2   0.000000E+0   0.000000E+0   0.000000E+0   -5.299943E+3   -5.299943E+3   -3.793331E+2   4.506016E+0   -3.796769E-1   6.354677E-3   
2.431142E+3   -2.731500E+2   -2.731500E+2   -2.731500E+2   0.000000E+0   0.000000E+0   0.000000E+0   -5.199832E+3   -5.199832E+3   -3.791259E+2   4.712714E+0   -3.794635E-1   6.645990E-3   
2.438606E+3   -2.731500E+2   -2.731500E+2   -2.731500E+2   0.000000E+0   0.000000E+0   0.000000E+0   -5.099970E+3   -5.099970E+3   -3.789196E+2   4.919412E+0   -3.792510E-1   6.937303E-3   
2.446069E+3   -2.731500E+2   -2.731500E+2   -2.731500E+2   0.000000E+0   0.000000E+0   0.000000E+0   -5.000037E+3   -5.000037E+3   -3.786716E+2   5.167447E+0   -3.789968E-1   7.286879E-3   
2.453531E+3   -2.731500E+2   -2.731500E+2   -2.731500E+2   0.000000E+0   0.000000E+0   0.000000E+0   -4.900105E+3   -4.900105E+3   -3.783821E+2   5.398964E+0   -3.787011E-1   7.613174E-3   
2.460993E+3   -2.731500E+2   -2.731500E+2   -2.731500E+2   0.000000E+0   0.000000E+0   0.000000E+0   -4.799886E+3   -4.799886E+3   -3.780925E+2   5.663542E+0   -3.784053E-1   7.986067E-3   
2.468455E+3   -2.731500E+2   -2.731500E+2   -2.731500E+2   0.000000E+0   0.000000E+0   0.000000E+0   -4.699971E+3   -4.699971E+3   -3.777039E+2   5.911576E+0   -3.780105E-1   8.335643E-3   
2.475930E+3   -2.731500E+2   -2.731500E+2   -2.731500E+2   0.000000E+0   0.000000E+0   0.000000E+0   -4.600109E+3   -4.600109E+3   -3.773487E+2   6.200947E+0   -3.776490E-1   8.743482E-3   
2.483393E+3   -2.731500E+2   -2.731500E+2   -2.731500E+2   0.000000E+0   0.000000E+0   0.000000E+0   -4.499926E+3   -4.499926E+3   -3.769351E+2   6.531662E+0   -3.772293E-1   9.209595E-3   
2.490854E+3   -2.731500E+2   -2.731500E+2   -2.731500E+2   0.000000E+0   0.000000E+0   0.000000E+0   -4.399975E+3   -4.399975E+3   -3.763976E+2   6.862377E+0   -3.766855E-1   9.675709E-3   
2.498316E+3   -2.731500E+2   -2.731500E+2   -2.731500E+2   0.000000E+0   0.000000E+0   0.000000E+0   -4.299935E+3   -4.299935E+3   -3.758194E+2   7.234438E+0   -3.761010E-1   1.020010E-2   
2.505781E+3   -2.731500E+2   -2.731500E+2   -2.731500E+2   0.000000E+0   0.000000E+0   0.000000E+0   -4.200074E+3   -4.200074E+3   -3.751905E+2   7.606489E+0   -3.754659E-1   1.072447E-2   
2.513245E+3   -2.731500E+2   -2.731500E+2   -2.731500E+2   0.000000E+0   0.000000E+0   0.000000E+0   -4.099819E+3   -4.099819E+3   -3.743969E+2   8.019886E+0   -3.746661E-1   1.130713E-2   
2.520707E+3   -2.731500E+2   -2.731500E+2   -2.731500E+2   0.000000E+0   0.000000E+0   0.000000E+0   -4.000047E+3   -4.000047E+3   -3.735037E+2   8.433273E+0   -3.737667E-1   1.188977E-2   
2.528177E+3   -2.731500E+2   -2.731500E+2   -2.731500E+2   0.000000E+0   0.000000E+0   0.000000E+0   -3.899971E+3   -3.899971E+3   -3.724459E+2   8.887971E+0   -3.727026E-1   1.253063E-2   
2.535642E+3   -2.731500E+2   -2.731500E+2   -2.731500E+2   0.000000E+0   0.000000E+0   0.000000E+0   -3.799913E+3   -3.799913E+3   -3.712056E+2   9.367585E+0   -3.714561E-1   1.320662E-2   
2.543109E+3   -2.731500E+2   -2.731500E+2   -2.731500E+2   0.000000E+0   0.000000E+0   0.000000E+0   -3.699944E+3   -3.699944E+3   -3.697420E+2   9.871925E+0   -3.699862E-1   1.391745E-2   
2.550570E+3   -2.731500E+2   -2.731500E+2   -2.731500E+2   0.000000E+0   0.000000E+0   0.000000E+0   -3.599976E+3   -3.599976E+3   -3.680055E+2   1.033491E+1   -3.682434E-1   1.457000E-2   
2.558032E+3   -2.731500E+2   -2.731500E+2   -2.731500E+2   0.000000E+0   0.000000E+0   0.000000E+0   -3.500043E+3   -3.500043E+3   -3.659061E+2   1.083098E+1   -3.661377E-1   1.526918E-2   
2.565494E+3   -2.731500E+2   -2.731500E+2   -2.731500E+2   0.000000E+0   0.000000E+0   0.000000E+0   -3.399896E+3   -3.399896E+3   -3.634584E+2   1.132705E+1   -3.636837E-1   1.596836E-2   
2.572957E+3   -2.731500E+2   -2.731500E+2   -2.731500E+2   0.000000E+0   0.000000E+0   0.000000E+0   -3.299927E+3   -3.299927E+3   -3.604821E+2   1.178185E+1   -3.607011E-1   1.660937E-2   
2.580420E+3   -2.731500E+2   -2.731500E+2   -2.731500E+2   0.000000E+0   0.000000E+0   0.000000E+0   -3.199940E+3   -3.199940E+3   -3.570100E+2   1.219521E+1   -3.572226E-1   1.719197E-2   
2.587885E+3   -2.731500E+2   -2.731500E+2   -2.731500E+2   0.000000E+0   0.000000E+0   0.000000E+0   -3.099900E+3   -3.099900E+3   -3.529171E+2   1.256722E+1   -3.531233E-1   1.771629E-2   
2.595347E+3   -2.731500E+2   -2.731500E+2   -2.731500E+2   0.000000E+0   0.000000E+0   0.000000E+0   -2.999878E+3   -2.999878E+3   -3.481220E+2   1.285661E+1   -3.483217E-1   1.812415E-2   
2.602811E+3   -2.731500E+2   -2.731500E+2   -2.731500E+2   0.000000E+0   0.000000E+0   0.000000E+0   -2.899999E+3   -2.899999E+3   -3.426896E+2   1.310464E+1   -3.428828E-1   1.847373E-2   
2.610272E+3   -2.731500E+2   -2.731500E+2   -2.731500E+2   0.000000E+0   0.000000E+0   0.000000E+0   -2.799923E+3   -2.799923E+3   -3.365290E+2   1.322870E+1   -3.367157E-1   1.864856E-2   
2.617735E+3   -2.731500E+2   -2.731500E+2   -2.731500E+2   0.000000E+0   0.000000E+0   0.000000E+0   -2.699954E+3   -2.699954E+3   -3.296829E+2   1.331132E+1   -3.298630E-1   1.876499E-2   
2.625198E+3   -2.731500E+2   -2.731500E+2   -2.731500E+2   0.000000E+0   0.000000E+0   0.000000E+0   -2.599968E+3   -2.599968E+3   -3.221595E+2   1.331132E+1   -3.223331E-1   1.876496E-2   
2.632660E+3   -2.731500E+2   -2.731500E+2   -2.731500E+2   0.000000E+0   0.000000E+0   0.000000E+0   -2.499963E+3   -2.499963E+3   -3.140570E+2   1.322870E+1   -3.142239E-1   1.864848E-2   
2.640121E+3   -2.731500E+2   -2.731500E+2   -2.731500E+2   0.000000E+0   0.000000E+0   0.000000E+0   -2.399959E+3   -2.399959E+3   -3.054169E+2   1.314600E+1   -3.055773E-1   1.853188E-2   
2.647585E+3   -2.731500E+2   -2.731500E+2   -2.731500E+2   0.000000E+0   0.000000E+0   0.000000E+0   -2.299811E+3   -2.299811E+3   -2.962810E+2   1.302202E+1   -2.964347E-1   1.835712E-2   
2.655046E+3   -2.731500E+2   -2.731500E+2   -2.731500E+2   0.000000E+0   0.000000E+0   0.000000E+0   -2.199932E+3   -2.199932E+3   -2.866900E+2   1.285661E+1   -2.868369E-1   1.812394E-2   
2.662507E+3   -2.731500E+2   -2.731500E+2   -2.731500E+2   0.000000E+0   0.000000E+0   0.000000E+0   -2.100071E+3   -2.100071E+3   -2.767686E+2   1.264993E+1   -2.769088E-1   1.783260E-2   
2.669969E+3   -2.731500E+2   -2.731500E+2   -2.731500E+2   0.000000E+0   0.000000E+0   0.000000E+0   -1.999870E+3   -1.999870E+3   -2.664337E+2   1.238535E+1   -2.665672E-1   1.745966E-2   
2.677433E+3   -2.731500E+2   -2.731500E+2   -2.731500E+2   0.000000E+0   0.000000E+0   0.000000E+0   -1.899865E+3   -1.899865E+3   -2.558092E+2   1.211251E+1   -2.559359E-1   1.707506E-2   
2.684894E+3   -2.731500E+2   -2.731500E+2   -2.731500E+2   0.000000E+0   0.000000E+0   0.000000E+0   -1.800040E+3   -1.800040E+3   -2.449376E+2   1.178185E+1   -2.450576E-1   1.660898E-2   
2.692356E+3   -2.731500E+2   -2.731500E+2   -2.731500E+2   0.000000E+0   0.000000E+0   0.000000E+0   -1.699821E+3   -1.699821E+3   -2.336933E+2   1.145111E+1   -2.338065E-1   1.614277E-2   
2.699817E+3   -2.731500E+2   -2.731500E+2   -2.731500E+2   0.000000E+0   0.000000E+0   0.000000E+0   -1.599995E+3   -1.599995E+3   -2.223250E+2   1.107901E+1   -2.224314E-1   1.561828E-2   
2.707282E+3   -2.731500E+2   -2.731500E+2   -2.731500E+2   0.000000E+0   0.000000E+0   0.000000E+0   -1.500009E+3   -1.500009E+3   -2.106671E+2   1.066565E+1   -2.107667E-1   1.503563E-2   
2.714747E+3   -2.731500E+2   -2.731500E+2   -2.731500E+2   0.000000E+0   0.000000E+0   0.000000E+0   -1.400094E+3   -1.400094E+3   -1.988437E+2   1.025220E+1   -1.989365E-1   1.445285E-2   
2.722209E+3   -2.731500E+2   -2.731500E+2   -2.731500E+2   0.000000E+0   0.000000E+0   0.000000E+0   -1.299964E+3   -1.299964E+3   -1.867315E+2   9.838842E+0   -1.868175E-1   1.387020E-2   
2.729672E+3   -2.731500E+2   -2.731500E+2   -2.731500E+2   0.000000E+0   0.000000E+0   0.000000E+0   -1.199960E+3   -1.199960E+3   -1.745361E+2   9.384127E+0   -1.746153E-1   1.322925E-2   
2.737135E+3   -2.731500E+2   -2.731500E+2   -2.731500E+2   0.000000E+0   0.000000E+0   0.000000E+0   -1.099902E+3   -1.099902E+3   -1.620928E+2   8.887971E+0   -1.621651E-1   1.252990E-2   
2.744599E+3   -2.731500E+2   -2.731500E+2   -2.731500E+2   0.000000E+0   0.000000E+0   0.000000E+0   -9.999331E+2   -9.999331E+2   -1.494839E+2   8.433273E+0   -1.495493E-1   1.188898E-2   
2.753157E+3   -2.731500E+2   -2.731500E+2   -2.731500E+2   0.000000E+0   0.000000E+0   0.000000E+0   -9.498951E+2   -9.498951E+2   -1.431178E+2   8.185239E+0   -1.431799E-1   1.153937E-2   
2.760620E+3   -2.731500E+2   -2.731500E+2   -2.731500E+2   0.000000E+0   0.000000E+0   0.000000E+0   -8.998572E+2   -8.998572E+2   -1.367102E+2   7.937205E+0   -1.367688E-1   1.118975E-2   
2.768084E+3   -2.731500E+2   -2.731500E+2   -2.731500E+2   0.000000E+0   0.000000E+0   0.000000E+0   -8.499801E+2   -8.499801E+2   -1.302610E+2   7.647825E+0   -1.303161E-1   1.078186E-2   
2.775545E+3   -2.731500E+2   -2.731500E+2   -2.731500E+2   0.000000E+0   0.000000E+0   0.000000E+0   -7.999422E+2   -7.999422E+2   -1.237710E+2   7.383257E+0   -1.238227E-1   1.040894E-2   
2.783007E+3   -2.731500E+2   -2.731500E+2   -2.731500E+2   0.000000E+0   0.000000E+0   0.000000E+0   -7.500652E+2   -7.500652E+2   -1.172394E+2   7.110420E+0   -1.172877E-1   1.002437E-2   
2.790467E+3   -2.731500E+2   -2.731500E+2   -2.731500E+2   0.000000E+0   0.000000E+0   0.000000E+0   -7.000808E+2   -7.000808E+2   -1.106246E+2   6.821041E+0   -1.106694E-1   9.616479E-3   
2.797934E+3   -2.731500E+2   -2.731500E+2   -2.731500E+2   0.000000E+0   0.000000E+0   0.000000E+0   -6.498462E+2   -6.498462E+2   -1.040106E+2   6.531662E+0   -1.040520E-1   9.208589E-3   
2.805401E+3   -2.731500E+2   -2.731500E+2   -2.731500E+2   0.000000E+0   0.000000E+0   0.000000E+0   -5.998976E+2   -5.998976E+2   -9.735502E+1   6.242291E+0   -9.739298E-2   8.800711E-3   
2.812866E+3   -2.731500E+2   -2.731500E+2   -2.731500E+2   0.000000E+0   0.000000E+0   0.000000E+0   -5.499491E+2   -5.499491E+2   -9.065783E+1   5.919843E+0   -9.069235E-2   8.346211E-3   
2.820327E+3   -2.731500E+2   -2.731500E+2   -2.731500E+2   0.000000E+0   0.000000E+0   0.000000E+0   -4.999290E+2   -4.999290E+2   -8.387793E+1   5.663542E+0   -8.390900E-2   7.984943E-3   
2.827796E+3   -2.731500E+2   -2.731500E+2   -2.731500E+2   0.000000E+0   0.000000E+0   0.000000E+0   -4.499626E+2   -4.499626E+2   -7.709830E+1   5.332826E+0   -7.712592E-2   7.518790E-3   
2.835255E+3   -2.731500E+2   -2.731500E+2   -2.731500E+2   0.000000E+0   0.000000E+0   0.000000E+0   -4.001034E+2   -4.001034E+2   -7.027731E+1   4.960749E+0   -7.030149E-2   6.994338E-3   
2.842732E+3   -2.731500E+2   -2.731500E+2   -2.731500E+2   0.000000E+0   0.000000E+0   0.000000E+0   -3.500833E+2   -3.500833E+2   -6.337361E+1   4.630033E+0   -6.339433E-2   6.528185E-3   
2.850194E+3   -2.731500E+2   -2.731500E+2   -2.731500E+2   0.000000E+0   0.000000E+0   0.000000E+0   -2.999023E+2   -2.999023E+2   -5.642856E+1   4.257982E+0   -5.644581E-2   6.003769E-3   
2.857657E+3   -2.731500E+2   -2.731500E+2   -2.731500E+2   0.000000E+0   0.000000E+0   0.000000E+0   -2.500074E+2   -2.500074E+2   -4.944225E+1   3.885921E+0   -4.945604E-2   5.479341E-3   
2.865118E+3   -2.731500E+2   -2.731500E+2   -2.731500E+2   0.000000E+0   0.000000E+0   0.000000E+0   -1.999337E+2   -1.999337E+2   -4.241458E+1   3.472534E+0   -4.242490E-2   4.896662E-3   
2.872581E+3   -2.731500E+2   -2.731500E+2   -2.731500E+2   0.000000E+0   0.000000E+0   0.000000E+0   -1.499494E+2   -1.499494E+2   -3.530402E+1   3.017792E+0   -3.531089E-2   4.255696E-3   
2.880040E+3   -2.731500E+2   -2.731500E+2   -2.731500E+2   0.000000E+0   0.000000E+0   0.000000E+0   -1.001081E+2   -1.001081E+2   -2.813575E+1   2.521715E+0   -2.813915E-2   3.556467E-3   
2.888493E+3   -2.731500E+2   -2.731500E+2   -2.731500E+2   0.000000E+0   0.000000E+0   0.000000E+0   -8.982512E+1   -8.982512E+1   -2.666409E+1   2.397698E+0   -2.666677E-2   3.381663E-3   
2.895855E+3   -2.731500E+2   -2.731500E+2   -2.731500E+2   0.000000E+0   0.000000E+0   0.000000E+0   -8.000709E+1   -8.000709E+1   -2.525850E+1   2.281948E+0   -2.526051E-2   3.218512E-3   
2.903218E+3   -2.731500E+2   -2.731500E+2   -2.731500E+2   0.000000E+0   0.000000E+0   0.000000E+0   -7.017118E+1   -7.017118E+1   -2.377030E+1   2.149655E+0   -2.377161E-2   3.032044E-3   
2.910628E+3   -2.731500E+2   -2.731500E+2   -2.731500E+2   0.000000E+0   0.000000E+0   0.000000E+0   -5.999548E+1   -5.999548E+1   -2.228209E+1   1.984301E+0   -2.228270E-2   2.798977E-3   
2.917993E+3   -2.731500E+2   -2.731500E+2   -2.731500E+2   0.000000E+0   0.000000E+0   0.000000E+0   -5.001650E+1   -5.001650E+1   -2.083515E+1   1.818948E+0   -2.083507E-2   2.565911E-3   
2.925405E+3   -2.731500E+2   -2.731500E+2   -2.731500E+2   0.000000E+0   0.000000E+0   0.000000E+0   -4.003753E+1   -4.003753E+1   -1.934694E+1   1.694922E+0   -1.934617E-2   2.391095E-3   
2.932820E+3   -2.731500E+2   -2.731500E+2   -2.731500E+2   0.000000E+0   0.000000E+0   0.000000E+0   -3.007643E+1   -3.007643E+1   -1.790000E+1   1.529569E+0   -1.789853E-2   2.158028E-3   
2.940229E+3   -2.731500E+2   -2.731500E+2   -2.731500E+2   0.000000E+0   0.000000E+0   0.000000E+0   -1.991862E+1   -1.991862E+1   -1.641180E+1   1.322870E+0   -1.640962E-2   1.866687E-3   
2.947592E+3   -2.731500E+2   -2.731500E+2   -2.731500E+2   0.000000E+0   0.000000E+0   0.000000E+0   -1.006482E+1   -1.006482E+1   -1.492359E+1   1.140974E+0   -1.492073E-2   1.610303E-3   
2.954954E+3   -2.731500E+2   -2.731500E+2   -2.731500E+2   0.000000E+0   0.000000E+0   0.000000E+0   -1.216076E-1   -1.216076E-1   -1.343538E+1   8.681291E-1   -1.343183E-2   1.225728E-3   
2.962368E+3   -2.731500E+2   -2.731500E+2   -2.731500E+2   0.000000E+0   0.000000E+0   0.000000E+0   1.005409E+1   1.005409E+1   -1.190582E+1   7.027748E-1   -1.190156E-2   9.926607E-4   
2.969730E+3   -2.731500E+2   -2.731500E+2   -2.731500E+2   0.000000E+0   0.000000E+0   0.000000E+0   1.994365E+1   1.994365E+1   -1.037626E+1   4.133964E-1   -1.037130E-2   5.847823E-4   
2.977142E+3   -2.731500E+2   -2.731500E+2   -2.731500E+2   0.000000E+0   0.000000E+0   0.000000E+0   3.004782E+1   3.004782E+1   -8.863211E+0   1.653586E-1   -8.857546E-3   2.351729E-4   
2.984504E+3   -2.731500E+2   -2.731500E+2   -2.731500E+2   0.000000E+0   0.000000E+0   0.000000E+0   4.008045E+1   4.008045E+1   -7.399791E+0   0.000000E+0   -7.393428E-3   2.099037E-6   
2.991816E+3   -2.731500E+2   -2.731500E+2   -2.731500E+2   0.000000E+0   0.000000E+0   0.000000E+0   5.004154E+1   5.004154E+1   -5.828895E+0   -3.307180E-1   -5.821833E-3   -4.640472E-4   
2.999179E+3   -2.731500E+2   -2.731500E+2   -2.731500E+2   0.000000E+0   0.000000E+0   0.000000E+0   5.998475E+1   5.998475E+1   -4.340654E+0   -6.614352E-1   -4.332899E-3   -9.301922E-4   
3.006543E+3   -2.731500E+2   -2.731500E+2   -2.731500E+2   0.000000E+0   0.000000E+0   0.000000E+0   7.008892E+1   7.008892E+1   -2.769758E+0   -9.094739E-1   -2.761295E-3   -1.279803E-3   
3.013906E+3   -2.731500E+2   -2.731500E+2   -2.731500E+2   0.000000E+0   0.000000E+0   0.000000E+0   8.008578E+1   8.008578E+1   -1.240189E+0   -1.240189E+0   -1.231028E-3   -1.745945E-3   
3.021266E+3   -2.731500E+2   -2.731500E+2   -2.731500E+2   0.000000E+0   0.000000E+0   0.000000E+0   8.990381E+1   8.990381E+1   2.563056E-1   -1.529569E+0   2.661534E-4   -2.153825E-3   
3.028679E+3   -2.731500E+2   -2.731500E+2   -2.731500E+2   0.000000E+0   0.000000E+0   0.000000E+0   1.000080E+2   1.000080E+2   1.860284E+0   -1.818948E+0   1.870841E-3   -2.561705E-3   
3.037232E+3   -2.731500E+2   -2.731500E+2   -2.731500E+2   0.000000E+0   0.000000E+0   0.000000E+0   1.499565E+2   1.499565E+2   9.714782E+0   -3.348508E+0   9.728842E-3   -4.717617E-3   
3.044693E+3   -2.731500E+2   -2.731500E+2   -2.731500E+2   0.000000E+0   0.000000E+0   0.000000E+0   2.000124E+2   2.000124E+2   1.785874E+1   -5.126102E+0   1.787632E-2   -7.223130E-3   
3.052154E+3   -2.731500E+2   -2.731500E+2   -2.731500E+2   0.000000E+0   0.000000E+0   0.000000E+0   2.500503E+2   2.500503E+2   2.662273E+1   -7.317110E+0   2.664387E-2   -1.031135E-2   
3.059618E+3   -2.731500E+2   -2.731500E+2   -2.731500E+2   0.000000E+0   0.000000E+0   0.000000E+0   2.999452E+2   2.999452E+2   3.654420E+1   -8.391937E+0   3.656894E-2   -1.182632E-2   
3.067091E+3   -2.731500E+2   -2.731500E+2   -2.731500E+2   0.000000E+0   0.000000E+0   0.000000E+0   3.501441E+2   3.501441E+2   4.687919E+1   -9.665175E+0   4.690759E-2   -1.362095E-2   
3.074554E+3   -2.731500E+2   -2.731500E+2   -2.731500E+2   0.000000E+0   0.000000E+0   0.000000E+0   4.000033E+2   4.000033E+2   5.703215E+1   -1.078963E+1   5.706416E-2   -1.520586E-2   
3.082015E+3   -2.731500E+2   -2.731500E+2   -2.731500E+2   0.000000E+0   0.000000E+0   0.000000E+0   4.501307E+2   4.501307E+2   6.618470E+1   -1.145111E+1   6.622029E-2   -1.613823E-2   
3.089477E+3   -2.731500E+2   -2.731500E+2   -2.731500E+2   0.000000E+0   0.000000E+0   0.000000E+0   4.999719E+2   4.999719E+2   7.449389E+1   -1.202988E+1   7.453301E-2   -1.695402E-2   
3.096939E+3   -2.731500E+2   -2.731500E+2   -2.731500E+2   0.000000E+0   0.000000E+0   0.000000E+0   5.499562E+2   5.499562E+2   8.234837E+1   -1.230268E+1   8.239099E-2   -1.733853E-2   
3.104402E+3   -2.731500E+2   -2.731500E+2   -2.731500E+2   0.000000E+0   0.000000E+0   0.000000E+0   6.000300E+2   6.000300E+2   8.995560E+1   -1.248460E+1   9.000172E-2   -1.759496E-2   
3.111865E+3   -2.731500E+2   -2.731500E+2   -2.731500E+2   0.000000E+0   0.000000E+0   0.000000E+0   6.500679E+2   6.500679E+2   9.726433E+1   -1.256722E+1   9.731393E-2   -1.771143E-2   
3.119329E+3   -2.731500E+2   -2.731500E+2   -2.731500E+2   0.000000E+0   0.000000E+0   0.000000E+0   7.001059E+2   7.001059E+2   1.044241E+2   -1.256722E+1   1.044772E-1   -1.771144E-2   
3.126790E+3   -2.731500E+2   -2.731500E+2   -2.731500E+2   0.000000E+0   0.000000E+0   0.000000E+0   7.501617E+2   7.501617E+2   1.114932E+2   -1.252595E+1   1.115498E-1   -1.765329E-2   
3.134254E+3   -2.731500E+2   -2.731500E+2   -2.731500E+2   0.000000E+0   0.000000E+0   0.000000E+0   7.999851E+2   7.999851E+2   1.184384E+2   -1.244325E+1   1.184984E-1   -1.753673E-2   
3.141716E+3   -2.731500E+2   -2.731500E+2   -2.731500E+2   0.000000E+0   0.000000E+0   0.000000E+0   8.500588E+2   8.500588E+2   1.253003E+2   -1.236054E+1   1.253637E-1   -1.742017E-2   
3.149179E+3   -2.731500E+2   -2.731500E+2   -2.731500E+2   0.000000E+0   0.000000E+0   0.000000E+0   9.000431E+2   9.000431E+2   1.321214E+2   -1.223657E+1   1.321883E-1   -1.724544E-2   
3.156642E+3   -2.731500E+2   -2.731500E+2   -2.731500E+2   0.000000E+0   0.000000E+0   0.000000E+0   9.500811E+2   9.500811E+2   1.388186E+2   -1.211251E+1   1.388890E-1   -1.707059E-2   
3.164110E+3   -2.731500E+2   -2.731500E+2   -2.731500E+2   0.000000E+0   0.000000E+0   0.000000E+0   1.000083E+3   1.000083E+3   1.455068E+2   -1.194718E+1   1.455806E-1   -1.683758E-2   
3.172661E+3   -2.731500E+2   -2.731500E+2   -2.731500E+2   0.000000E+0   0.000000E+0   0.000000E+0   1.100106E+3   1.100106E+3   1.586614E+2   -1.165779E+1   1.587421E-1   -1.642971E-2   
3.180122E+3   -2.731500E+2   -2.731500E+2   -2.731500E+2   0.000000E+0   0.000000E+0   0.000000E+0   1.200056E+3   1.200056E+3   1.715183E+2   -1.136840E+1   1.716058E-1   -1.602185E-2   
3.187591E+3   -2.731500E+2   -2.731500E+2   -2.731500E+2   0.000000E+0   0.000000E+0   0.000000E+0   1.300025E+3   1.300025E+3   1.841272E+2   -1.107901E+1   1.842216E-1   -1.561399E-2   
3.195051E+3   -2.731500E+2   -2.731500E+2   -2.731500E+2   0.000000E+0   0.000000E+0   0.000000E+0   1.400083E+3   1.400083E+3   1.965289E+2   -1.083098E+1   1.966301E-1   -1.526441E-2   
3.202515E+3   -2.731500E+2   -2.731500E+2   -2.731500E+2   0.000000E+0   0.000000E+0   0.000000E+0   1.500123E+3   1.500123E+3   2.086411E+2   -1.066565E+1   2.087491E-1   -1.503141E-2   
3.209977E+3   -2.731500E+2   -2.731500E+2   -2.731500E+2   0.000000E+0   0.000000E+0   0.000000E+0   1.600038E+3   1.600038E+3   2.205053E+2   -1.051678E+1   2.206201E-1   -1.482160E-2   
3.217438E+3   -2.731500E+2   -2.731500E+2   -2.731500E+2   0.000000E+0   0.000000E+0   0.000000E+0   1.699971E+3   1.699971E+3   2.320808E+2   -1.045888E+1   2.322024E-1   -1.474002E-2   
3.224899E+3   -2.731500E+2   -2.731500E+2   -2.731500E+2   0.000000E+0   0.000000E+0   0.000000E+0   1.800262E+3   1.800262E+3   2.434158E+2   -1.041753E+1   2.435443E-1   -1.468176E-2   
3.232362E+3   -2.731500E+2   -2.731500E+2   -2.731500E+2   0.000000E+0   0.000000E+0   0.000000E+0   1.900033E+3   1.900033E+3   2.544536E+2   -1.050024E+1   2.545889E-1   -1.479836E-2   
3.239822E+3   -2.731500E+2   -2.731500E+2   -2.731500E+2   0.000000E+0   0.000000E+0   0.000000E+0   2.000109E+3   2.000109E+3   2.652347E+2   -1.058295E+1   2.653767E-1   -1.491497E-2   
3.247285E+3   -2.731500E+2   -2.731500E+2   -2.731500E+2   0.000000E+0   0.000000E+0   0.000000E+0   2.100096E+3   2.100096E+3   2.756936E+2   -1.070701E+1   2.758423E-1   -1.508985E-2   
3.254748E+3   -2.731500E+2   -2.731500E+2   -2.731500E+2   0.000000E+0   0.000000E+0   0.000000E+0   2.200154E+3   2.200154E+3   2.858221E+2   -1.087233E+1   2.859776E-1   -1.532291E-2   
3.262210E+3   -2.731500E+2   -2.731500E+2   -2.731500E+2   0.000000E+0   0.000000E+0   0.000000E+0   2.300033E+3   2.300033E+3   2.955363E+2   -1.112037E+1   2.956985E-1   -1.567253E-2   
3.269677E+3   -2.731500E+2   -2.731500E+2   -2.731500E+2   0.000000E+0   0.000000E+0   0.000000E+0   2.399984E+3   2.399984E+3   3.048378E+2   -1.136840E+1   3.050066E-1   -1.602216E-2   
3.277142E+3   -2.731500E+2   -2.731500E+2   -2.731500E+2   0.000000E+0   0.000000E+0   0.000000E+0   2.500239E+3   2.500239E+3   3.136434E+2   -1.157508E+1   3.138189E-1   -1.631350E-2   
3.284602E+3   -2.731500E+2   -2.731500E+2   -2.731500E+2   0.000000E+0   0.000000E+0   0.000000E+0   2.600172E+3   2.600172E+3   3.219115E+2   -1.182312E+1   3.220936E-1   -1.666313E-2   
3.292063E+3   -2.731500E+2   -2.731500E+2   -2.731500E+2   0.000000E+0   0.000000E+0   0.000000E+0   2.699943E+3   2.699943E+3   3.295589E+2   -1.198853E+1   3.297476E-1   -1.689631E-2   
3.299525E+3   -2.731500E+2   -2.731500E+2   -2.731500E+2   0.000000E+0   0.000000E+0   0.000000E+0   2.800270E+3   2.800270E+3   3.365457E+2   -1.211251E+1   3.367409E-1   -1.707107E-2   
3.306986E+3   -2.731500E+2   -2.731500E+2   -2.731500E+2   0.000000E+0   0.000000E+0   0.000000E+0   2.900149E+3   2.900149E+3   3.427886E+2   -1.215386E+1   3.429903E-1   -1.712939E-2   
3.314448E+3   -2.731500E+2   -2.731500E+2   -2.731500E+2   0.000000E+0   0.000000E+0   0.000000E+0   3.000082E+3   3.000082E+3   3.483284E+2   -1.211251E+1   3.485366E-1   -1.707113E-2   
3.321909E+3   -2.731500E+2   -2.731500E+2   -2.731500E+2   0.000000E+0   0.000000E+0   0.000000E+0   3.099907E+3   3.099907E+3   3.531235E+2   -1.202988E+1   3.533382E-1   -1.695470E-2   
3.329372E+3   -2.731500E+2   -2.731500E+2   -2.731500E+2   0.000000E+0   0.000000E+0   0.000000E+0   3.200108E+3   3.200108E+3   3.572580E+2   -1.182312E+1   3.574791E-1   -1.666329E-2   
3.336835E+3   -2.731500E+2   -2.731500E+2   -2.731500E+2   0.000000E+0   0.000000E+0   0.000000E+0   3.300113E+3   3.300113E+3   3.607717E+2   -1.149246E+1   3.609992E-1   -1.619726E-2   
3.344305E+3   -2.731500E+2   -2.731500E+2   -2.731500E+2   0.000000E+0   0.000000E+0   0.000000E+0   3.399903E+3   3.399903E+3   3.637063E+2   -1.112037E+1   3.639402E-1   -1.567282E-2   
3.351767E+3   -2.731500E+2   -2.731500E+2   -2.731500E+2   0.000000E+0   0.000000E+0   0.000000E+0   3.500050E+3   3.500050E+3   3.661459E+2   -1.070701E+1   3.663861E-1   -1.509022E-2   
3.359234E+3   -2.731500E+2   -2.731500E+2   -2.731500E+2   0.000000E+0   0.000000E+0   0.000000E+0   3.600037E+3   3.600037E+3   3.682544E+2   -1.025220E+1   3.685008E-1   -1.444921E-2   
3.366694E+3   -2.731500E+2   -2.731500E+2   -2.731500E+2   0.000000E+0   0.000000E+0   0.000000E+0   3.700041E+3   3.700041E+3   3.699492E+2   -9.797489E+0   3.702020E-1   -1.380832E-2   
3.374158E+3   -2.731500E+2   -2.731500E+2   -2.731500E+2   0.000000E+0   0.000000E+0   0.000000E+0   3.800010E+3   3.800010E+3   3.714369E+2   -9.342773E+0   3.716959E-1   -1.316743E-2   
3.381620E+3   -2.731500E+2   -2.731500E+2   -2.731500E+2   0.000000E+0   0.000000E+0   0.000000E+0   3.900193E+3   3.900193E+3   3.726276E+2   -8.887971E+0   3.728929E-1   -1.252641E-2   
3.389092E+3   -2.731500E+2   -2.731500E+2   -2.731500E+2   0.000000E+0   0.000000E+0   0.000000E+0   3.999965E+3   3.999965E+3   3.736277E+2   -8.474618E+0   3.738992E-1   -1.194382E-2   
3.396554E+3   -2.731500E+2   -2.731500E+2   -2.731500E+2   0.000000E+0   0.000000E+0   0.000000E+0   4.100148E+3   4.100148E+3   3.745371E+2   -8.061222E+0   3.748149E-1   -1.136117E-2   
3.404015E+3   -2.731500E+2   -2.731500E+2   -2.731500E+2   0.000000E+0   0.000000E+0   0.000000E+0   4.200081E+3   4.200081E+3   3.752818E+2   -7.647825E+0   3.755658E-1   -1.077852E-2   
3.411477E+3   -2.731500E+2   -2.731500E+2   -2.731500E+2   0.000000E+0   0.000000E+0   0.000000E+0   4.300032E+3   4.300032E+3   3.759433E+2   -7.284041E+0   3.762336E-1   -1.026579E-2   
3.418942E+3   -2.731500E+2   -2.731500E+2   -2.731500E+2   0.000000E+0   0.000000E+0   0.000000E+0   4.400108E+3   4.400108E+3   3.765216E+2   -6.945058E+0   3.768180E-1   -9.788028E-3   
3.426403E+3   -2.731500E+2   -2.731500E+2   -2.731500E+2   0.000000E+0   0.000000E+0   0.000000E+0   4.499933E+3   4.499933E+3   3.769767E+2   -6.614343E+0   3.772794E-1   -9.321914E-3   
3.433866E+3   -2.731500E+2   -2.731500E+2   -2.731500E+2   0.000000E+0   0.000000E+0   0.000000E+0   4.600081E+3   4.600081E+3   3.774310E+2   -6.283628E+0   3.777399E-1   -8.855801E-3   
3.441327E+3   -2.731500E+2   -2.731500E+2   -2.731500E+2   0.000000E+0   0.000000E+0   0.000000E+0   4.700157E+3   4.700157E+3   3.778446E+2   -6.035593E+0   3.781597E-1   -8.506225E-3   
3.448791E+3   -2.731500E+2   -2.731500E+2   -2.731500E+2   0.000000E+0   0.000000E+0   0.000000E+0   4.800054E+3   4.800054E+3   3.781341E+2   -5.746214E+0   3.784554E-1   -8.098374E-3   
3.456251E+3   -2.731500E+2   -2.731500E+2   -2.731500E+2   0.000000E+0   0.000000E+0   0.000000E+0   4.900183E+3   4.900183E+3   3.784644E+2   -5.498180E+0   3.787920E-1   -7.748798E-3   
3.463714E+3   -2.731500E+2   -2.731500E+2   -2.731500E+2   0.000000E+0   0.000000E+0   0.000000E+0   5.000009E+3   5.000009E+3   3.787540E+2   -5.250128E+0   3.790877E-1   -7.399198E-3   
3.471170E+3   -2.731500E+2   -2.731500E+2   -2.731500E+2   0.000000E+0   0.000000E+0   0.000000E+0   5.100103E+3   5.100103E+3   3.790019E+2   -5.043430E+0   3.793419E-1   -7.107885E-3   
3.478642E+3   -2.731500E+2   -2.731500E+2   -2.731500E+2   0.000000E+0   0.000000E+0   0.000000E+0   5.199982E+3   5.199982E+3   3.792091E+2   -4.836731E+0   3.795553E-1   -6.816572E-3   
3.486102E+3   -2.731500E+2   -2.731500E+2   -2.731500E+2   0.000000E+0   0.000000E+0   0.000000E+0   5.300165E+3   5.300165E+3   3.794155E+2   -4.630033E+0   3.797678E-1   -6.525259E-3   
3.493564E+3   -2.731500E+2   -2.731500E+2   -2.731500E+2   0.000000E+0   0.000000E+0   0.000000E+0   5.399973E+3   5.399973E+3   3.795811E+2   -4.423335E+0   3.799396E-1   -6.233946E-3   
3.501024E+3   -2.731500E+2   -2.731500E+2   -2.731500E+2   0.000000E+0   0.000000E+0   0.000000E+0   5.499977E+3   5.499977E+3   3.797874E+2   -4.257982E+0   3.801522E-1   -6.000909E-3   
3.508486E+3   -2.731500E+2   -2.731500E+2   -2.731500E+2   0.000000E+0   0.000000E+0   0.000000E+0   5.600250E+3   5.600250E+3   3.799530E+2   -4.092620E+0   3.803240E-1   -5.767859E-3   
3.515947E+3   -2.731500E+2   -2.731500E+2   -2.731500E+2   0.000000E+0   0.000000E+0   0.000000E+0   5.700040E+3   5.700040E+3   3.800769E+2   -3.952068E+0   3.804541E-1   -5.569779E-3   
3.523409E+3   -2.731500E+2   -2.731500E+2   -2.731500E+2   0.000000E+0   0.000000E+0   0.000000E+0   5.800062E+3   5.800062E+3   3.802009E+2   -3.761904E+0   3.805843E-1   -5.301771E-3   
3.530868E+3   -2.731500E+2   -2.731500E+2   -2.731500E+2   0.000000E+0   0.000000E+0   0.000000E+0   5.900066E+3   5.900066E+3   3.803665E+2   -3.679223E+0   3.807561E-1   -5.185259E-3   
3.538331E+3   -2.731500E+2   -2.731500E+2   -2.731500E+2   0.000000E+0   0.000000E+0   0.000000E+0   6.000142E+3   6.000142E+3   3.804489E+2   -3.513870E+0   3.808447E-1   -4.952221E-3   
3.545793E+3   -2.731500E+2   -2.731500E+2   -2.731500E+2   0.000000E+0   0.000000E+0   0.000000E+0   6.100075E+3   6.100075E+3   3.805321E+2   -3.389853E+0   3.809341E-1   -4.777446E-3   
3.553258E+3   -2.731500E+2   -2.731500E+2   -2.731500E+2   0.000000E+0   0.000000E+0   0.000000E+0   6.199990E+3   6.199990E+3   3.806145E+2   -3.265835E+0   3.810226E-1   -4.602672E-3   
3.560721E+3   -2.731500E+2   -2.731500E+2   -2.731500E+2   0.000000E+0   0.000000E+0   0.000000E+0   6.300263E+3   6.300263E+3   3.807384E+2   -3.150085E+0   3.811528E-1   -4.439549E-3   
3.568183E+3   -2.731500E+2   -2.731500E+2   -2.731500E+2   0.000000E+0   0.000000E+0   0.000000E+0   6.399999E+3   6.399999E+3   3.808208E+2   -3.059137E+0   3.812414E-1   -4.311385E-3   
3.575646E+3   -2.731500E+2   -2.731500E+2   -2.731500E+2   0.000000E+0   0.000000E+0   0.000000E+0   6.500093E+3   6.500093E+3   3.809040E+2   -2.935120E+0   3.813308E-1   -4.136610E-3   
3.583109E+3   -2.731500E+2   -2.731500E+2   -2.731500E+2   0.000000E+0   0.000000E+0   0.000000E+0   6.600151E+3   6.600151E+3   3.809448E+2   -2.852439E+0   3.813778E-1   -4.020098E-3   
3.590573E+3   -2.731500E+2   -2.731500E+2   -2.731500E+2   0.000000E+0   0.000000E+0   0.000000E+0   6.700137E+3   6.700137E+3   3.810280E+2   -2.753223E+0   3.814672E-1   -3.880281E-3   
3.598034E+3   -2.731500E+2   -2.731500E+2   -2.731500E+2   0.000000E+0   0.000000E+0   0.000000E+0   6.799981E+3   6.799981E+3   3.811104E+2   -2.645741E+0   3.815557E-1   -3.728811E-3   
3.605496E+3   -2.731500E+2   -2.731500E+2   -2.731500E+2   0.000000E+0   0.000000E+0   0.000000E+0   6.900092E+3   6.900092E+3   3.811520E+2   -2.563051E+0   3.816035E-1   -3.612287E-3   
3.612957E+3   -2.731500E+2   -2.731500E+2   -2.731500E+2   0.000000E+0   0.000000E+0   0.000000E+0   7.000168E+3   7.000168E+3   3.811936E+2   -2.496908E+0   3.816514E-1   -3.519085E-3   
3.620418E+3   -2.731500E+2   -2.731500E+2   -2.731500E+2   0.000000E+0   0.000000E+0   0.000000E+0   7.100047E+3   7.100047E+3   3.812343E+2   -2.439034E+0   3.816983E-1   -3.437539E-3   
3.627881E+3   -2.731500E+2   -2.731500E+2   -2.731500E+2   0.000000E+0   0.000000E+0   0.000000E+0   7.199980E+3   7.199980E+3   3.813176E+2   -2.315017E+0   3.817877E-1   -3.262764E-3   
3.635343E+3   -2.731500E+2   -2.731500E+2   -2.731500E+2   0.000000E+0   0.000000E+0   0.000000E+0   7.300074E+3   7.300074E+3   3.813583E+2   -2.273680E+0   3.818347E-1   -3.204527E-3   
3.642806E+3   -2.731500E+2   -2.731500E+2   -2.731500E+2   0.000000E+0   0.000000E+0   0.000000E+0   7.400096E+3   7.400096E+3   3.813999E+2   -2.190999E+0   3.818825E-1   -3.088015E-3   
3.650268E+3   -2.731500E+2   -2.731500E+2   -2.731500E+2   0.000000E+0   0.000000E+0   0.000000E+0   7.500172E+3   7.500172E+3   3.814415E+2   -2.149655E+0   3.819303E-1   -3.029766E-3   
3.657729E+3   -2.731500E+2   -2.731500E+2   -2.731500E+2   0.000000E+0   0.000000E+0   0.000000E+0   7.600034E+3   7.600034E+3   3.814823E+2   -2.042175E+0   3.819772E-1   -2.878301E-3   
3.665191E+3   -2.731500E+2   -2.731500E+2   -2.731500E+2   0.000000E+0   0.000000E+0   0.000000E+0   7.700110E+3   7.700110E+3   3.815405E+2   -1.984301E+0   3.820417E-1   -2.796754E-3   
3.672652E+3   -2.731500E+2   -2.731500E+2   -2.731500E+2   0.000000E+0   0.000000E+0   0.000000E+0   7.800042E+3   7.800042E+3   3.816062E+2   -1.942965E+0   3.821136E-1   -2.738518E-3   
3.680115E+3   -2.731500E+2   -2.731500E+2   -2.731500E+2   0.000000E+0   0.000000E+0   0.000000E+0   7.900047E+3   7.900047E+3   3.816395E+2   -1.860284E+0   3.821531E-1   -2.622006E-3   
3.687576E+3   -2.731500E+2   -2.731500E+2   -2.731500E+2   0.000000E+0   0.000000E+0   0.000000E+0   8.000069E+3   8.000069E+3   3.816895E+2   -1.818948E+0   3.822092E-1   -2.563769E-3   
