Time_since_start   Raw_Temperature   Temperature   Temperature_2   Raw_Applied_Field   Applied_Field   Field_Angle   Raw_Applied_Field_For_Plot_   Applied_Field_For_Plot_   Raw_Signal_Mx   Raw_Signal_My   Signal_X_direction   Signal_Y_direction      
1.018900E+1   -2.731500E+2   -2.731500E+2   -2.731500E+2   0.000000E+0   0.000000E+0   0.000000E+0   8.441000E-3   8.441000E-3   -1.653586E-1   0.000000E+0   -1.626978E-4   2.109507E-6   
1.850600E+1   -2.731500E+2   -2.731500E+2   -2.731500E+2   0.000000E+0   0.000000E+0   0.000000E+0   1.001058E+1   1.001058E+1   2.852439E+0   8.267946E-2   2.884995E-3   1.139050E-4   
2.707500E+1   -2.731500E+2   -2.731500E+2   -2.731500E+2   0.000000E+0   0.000000E+0   0.000000E+0   2.001093E+1   2.001093E+1   6.821041E+0   2.480379E-1   6.892716E-3   3.374979E-4   
3.540200E+1   -2.731500E+2   -2.731500E+2   -2.731500E+2   0.000000E+0   0.000000E+0   0.000000E+0   3.001656E+1   3.001656E+1   1.380748E+1   5.374145E-1   1.394755E-2   7.287866E-4   
4.326700E+1   -2.731500E+2   -2.731500E+2   -2.731500E+2   0.000000E+0   0.000000E+0   0.000000E+0   4.001539E+1   4.001539E+1   2.162069E+1   8.515946E-1   2.183718E-2   1.153614E-3   
5.183400E+1   -2.731500E+2   -2.731500E+2   -2.731500E+2   0.000000E+0   0.000000E+0   0.000000E+0   5.001726E+1   5.001726E+1   2.988853E+1   1.157508E+0   3.018585E-2   1.567264E-3   
6.015000E+1   -2.731500E+2   -2.731500E+2   -2.731500E+2   0.000000E+0   0.000000E+0   0.000000E+0   6.001823E+1   6.001823E+1   3.836314E+1   1.488232E+0   3.874329E-2   2.014462E-3   
6.846700E+1   -2.731500E+2   -2.731500E+2   -2.731500E+2   0.000000E+0   0.000000E+0   0.000000E+0   7.001179E+1   7.001179E+1   4.700325E+1   1.818948E+0   4.746784E-2   2.461649E-3   
7.678400E+1   -2.731500E+2   -2.731500E+2   -2.731500E+2   0.000000E+0   0.000000E+0   0.000000E+0   8.001911E+1   8.001911E+1   5.535380E+1   2.108318E+0   5.590001E-2   2.852929E-3   
8.509900E+1   -2.731500E+2   -2.731500E+2   -2.731500E+2   0.000000E+0   0.000000E+0   0.000000E+0   9.002161E+1   9.002161E+1   6.391103E+1   2.480370E+0   6.454088E-2   3.356010E-3   
9.341600E+1   -2.731500E+2   -2.731500E+2   -2.731500E+2   0.000000E+0   0.000000E+0   0.000000E+0   1.000206E+2   1.000206E+2   7.226158E+1   2.811103E+0   7.297305E-2   3.803220E-3   
1.041520E+2   -2.731500E+2   -2.731500E+2   -2.731500E+2   0.000000E+0   0.000000E+0   0.000000E+0   1.500102E+2   1.500102E+2   1.097567E+2   4.009939E+0   1.108350E-1   5.424257E-3   
1.116150E+2   -2.731500E+2   -2.731500E+2   -2.731500E+2   0.000000E+0   0.000000E+0   0.000000E+0   1.999945E+2   1.999945E+2   1.377852E+2   4.878068E+0   1.391385E-1   6.598117E-3   
1.190780E+2   -2.731500E+2   -2.731500E+2   -2.731500E+2   0.000000E+0   0.000000E+0   0.000000E+0   2.500861E+2   2.500861E+2   1.582062E+2   5.580861E+0   1.597608E-1   7.548412E-3   
1.265410E+2   -2.731500E+2   -2.731500E+2   -2.731500E+2   0.000000E+0   0.000000E+0   0.000000E+0   2.998737E+2   2.998737E+2   1.742632E+2   6.076929E+0   1.759766E-1   8.219177E-3   
1.340080E+2   -2.731500E+2   -2.731500E+2   -2.731500E+2   0.000000E+0   0.000000E+0   0.000000E+0   3.502157E+2   3.502157E+2   1.875586E+2   6.448990E+0   1.894040E-1   8.722259E-3   
1.414680E+2   -2.731500E+2   -2.731500E+2   -2.731500E+2   0.000000E+0   0.000000E+0   0.000000E+0   4.000390E+2   4.000390E+2   1.987694E+2   6.738360E+0   2.007268E-1   9.113529E-3   
1.489300E+2   -2.731500E+2   -2.731500E+2   -2.731500E+2   0.000000E+0   0.000000E+0   0.000000E+0   4.501128E+2   4.501128E+2   2.085171E+2   6.945058E+0   2.105721E-1   9.393010E-3   
1.563930E+2   -2.731500E+2   -2.731500E+2   -2.731500E+2   0.000000E+0   0.000000E+0   0.000000E+0   5.000613E+2   5.000613E+2   2.170331E+2   7.110420E+0   2.191738E-1   9.616598E-3   
1.638550E+2   -2.731500E+2   -2.731500E+2   -2.731500E+2   0.000000E+0   0.000000E+0   0.000000E+0   5.500814E+2   5.500814E+2   2.246805E+2   7.234438E+0   2.268985E-1   9.784279E-3   
1.713170E+2   -2.731500E+2   -2.731500E+2   -2.731500E+2   0.000000E+0   0.000000E+0   0.000000E+0   5.999763E+2   5.999763E+2   2.315433E+2   7.317110E+0   2.338309E-1   9.896054E-3   
1.787790E+2   -2.731500E+2   -2.731500E+2   -2.731500E+2   0.000000E+0   0.000000E+0   0.000000E+0   6.499070E+2   6.499070E+2   2.377853E+2   7.358455E+0   2.401366E-1   9.951947E-3   
1.862400E+2   -2.731500E+2   -2.731500E+2   -2.731500E+2   0.000000E+0   0.000000E+0   0.000000E+0   7.002132E+2   7.002132E+2   2.435315E+2   7.399791E+0   2.459416E-1   1.000783E-2   
1.937020E+2   -2.731500E+2   -2.731500E+2   -2.731500E+2   0.000000E+0   0.000000E+0   0.000000E+0   7.500723E+2   7.500723E+2   2.488233E+2   7.441136E+0   2.512879E-1   1.006372E-2   
2.011640E+2   -2.731500E+2   -2.731500E+2   -2.731500E+2   0.000000E+0   0.000000E+0   0.000000E+0   7.999672E+2   7.999672E+2   2.537424E+2   7.441136E+0   2.562578E-1   1.006371E-2   
2.086280E+2   -2.731500E+2   -2.731500E+2   -2.731500E+2   0.000000E+0   0.000000E+0   0.000000E+0   8.500767E+2   8.500767E+2   2.583728E+2   7.399791E+0   2.609362E-1   1.000779E-2   
2.160950E+2   -2.731500E+2   -2.731500E+2   -2.731500E+2   0.000000E+0   0.000000E+0   0.000000E+0   8.999716E+2   8.999716E+2   2.626886E+2   7.358455E+0   2.652970E-1   9.951882E-3   
2.235600E+2   -2.731500E+2   -2.731500E+2   -2.731500E+2   0.000000E+0   0.000000E+0   0.000000E+0   9.500453E+2   9.500453E+2   2.667648E+2   7.358455E+0   2.694159E-1   9.951869E-3   
2.310220E+2   -2.731500E+2   -2.731500E+2   -2.731500E+2   0.000000E+0   0.000000E+0   0.000000E+0   9.999760E+2   9.999760E+2   2.706505E+2   7.350186E+0   2.733423E-1   9.940675E-3   
2.395740E+2   -2.731500E+2   -2.731500E+2   -2.731500E+2   0.000000E+0   0.000000E+0   0.000000E+0   1.100195E+3   1.100195E+3   2.778844E+2   7.275774E+0   2.806525E-1   9.840030E-3   
2.470350E+2   -2.731500E+2   -2.731500E+2   -2.731500E+2   0.000000E+0   0.000000E+0   0.000000E+0   1.200110E+3   1.200110E+3   2.844576E+2   7.193093E+0   2.872957E-1   9.728203E-3   
2.545100E+2   -2.731500E+2   -2.731500E+2   -2.731500E+2   0.000000E+0   0.000000E+0   0.000000E+0   1.300132E+3   1.300132E+3   2.905756E+2   7.069076E+0   2.934793E-1   9.560483E-3   
2.619720E+2   -2.731500E+2   -2.731500E+2   -2.731500E+2   0.000000E+0   0.000000E+0   0.000000E+0   1.400119E+3   1.400119E+3   2.962394E+2   6.994664E+0   2.992042E-1   9.459838E-3   
2.694350E+2   -2.731500E+2   -2.731500E+2   -2.731500E+2   0.000000E+0   0.000000E+0   0.000000E+0   1.500177E+3   1.500177E+3   3.015394E+2   6.945058E+0   3.045619E-1   9.392736E-3   
2.768990E+2   -2.731500E+2   -2.731500E+2   -2.731500E+2   0.000000E+0   0.000000E+0   0.000000E+0   1.600092E+3   1.600092E+3   3.065743E+2   6.862377E+0   3.096518E-1   9.280910E-3   
2.843610E+2   -2.731500E+2   -2.731500E+2   -2.731500E+2   0.000000E+0   0.000000E+0   0.000000E+0   1.699953E+3   1.699953E+3   3.113204E+2   6.779705E+0   3.144501E-1   9.169095E-3   
2.918240E+2   -2.731500E+2   -2.731500E+2   -2.731500E+2   0.000000E+0   0.000000E+0   0.000000E+0   1.800101E+3   1.800101E+3   3.157926E+2   6.697024E+0   3.189719E-1   9.057269E-3   
2.992880E+2   -2.731500E+2   -2.731500E+2   -2.731500E+2   0.000000E+0   0.000000E+0   0.000000E+0   1.900087E+3   1.900087E+3   3.200511E+2   6.614343E+0   3.232779E-1   8.945442E-3   
3.067490E+2   -2.731500E+2   -2.731500E+2   -2.731500E+2   0.000000E+0   0.000000E+0   0.000000E+0   1.999931E+3   1.999931E+3   3.241273E+2   6.573007E+0   3.273998E-1   8.889522E-3   
3.142120E+2   -2.731500E+2   -2.731500E+2   -2.731500E+2   0.000000E+0   0.000000E+0   0.000000E+0   2.100221E+3   2.100221E+3   3.279880E+2   6.490326E+0   3.313042E-1   8.777696E-3   
3.216730E+2   -2.731500E+2   -2.731500E+2   -2.731500E+2   0.000000E+0   0.000000E+0   0.000000E+0   2.200136E+3   2.200136E+3   3.316673E+2   6.448990E+0   3.350254E-1   8.721775E-3   
3.291350E+2   -2.731500E+2   -2.731500E+2   -2.731500E+2   0.000000E+0   0.000000E+0   0.000000E+0   2.299979E+3   2.299979E+3   3.351811E+2   6.407645E+0   3.385794E-1   8.665843E-3   
3.365960E+2   -2.731500E+2   -2.731500E+2   -2.731500E+2   0.000000E+0   0.000000E+0   0.000000E+0   2.399948E+3   2.399948E+3   3.384885E+2   6.324972E+0   3.419251E-1   8.554029E-3   
3.440590E+2   -2.731500E+2   -2.731500E+2   -2.731500E+2   0.000000E+0   0.000000E+0   0.000000E+0   2.500060E+3   2.500060E+3   3.416728E+2   6.324972E+0   3.451465E-1   8.554002E-3   
3.515210E+2   -2.731500E+2   -2.731500E+2   -2.731500E+2   0.000000E+0   0.000000E+0   0.000000E+0   2.600136E+3   2.600136E+3   3.446490E+2   6.242291E+0   3.481578E-1   8.442176E-3   
3.589840E+2   -2.731500E+2   -2.731500E+2   -2.731500E+2   0.000000E+0   0.000000E+0   0.000000E+0   2.700104E+3   2.700104E+3   3.474606E+2   6.200947E+0   3.510028E-1   8.386244E-3   
3.664470E+2   -2.731500E+2   -2.731500E+2   -2.731500E+2   0.000000E+0   0.000000E+0   0.000000E+0   2.800091E+3   2.800091E+3   3.501056E+2   6.159610E+0   3.536797E-1   8.330324E-3   
3.739090E+2   -2.731500E+2   -2.731500E+2   -2.731500E+2   0.000000E+0   0.000000E+0   0.000000E+0   2.900167E+3   2.900167E+3   3.525036E+2   6.118274E+0   3.561072E-1   8.274403E-3   
3.813700E+2   -2.731500E+2   -2.731500E+2   -2.731500E+2   0.000000E+0   0.000000E+0   0.000000E+0   2.999974E+3   2.999974E+3   3.547776E+2   6.118274E+0   3.584094E-1   8.274377E-3   
3.888320E+2   -2.731500E+2   -2.731500E+2   -2.731500E+2   0.000000E+0   0.000000E+0   0.000000E+0   3.100015E+3   3.100015E+3   3.568444E+2   6.035593E+0   3.605025E-1   8.162551E-3   
3.962950E+2   -2.731500E+2   -2.731500E+2   -2.731500E+2   0.000000E+0   0.000000E+0   0.000000E+0   3.200216E+3   3.200216E+3   3.587456E+2   6.035593E+0   3.624284E-1   8.162525E-3   
4.037580E+2   -2.731500E+2   -2.731500E+2   -2.731500E+2   0.000000E+0   0.000000E+0   0.000000E+0   3.300041E+3   3.300041E+3   3.604821E+2   6.002524E+0   3.641879E-1   8.117783E-3   
4.112200E+2   -2.731500E+2   -2.731500E+2   -2.731500E+2   0.000000E+0   0.000000E+0   0.000000E+0   3.399938E+3   3.399938E+3   3.620531E+2   5.969450E+0   3.657802E-1   8.073035E-3   
4.186830E+2   -2.731500E+2   -2.731500E+2   -2.731500E+2   0.000000E+0   0.000000E+0   0.000000E+0   3.500175E+3   3.500175E+3   3.635000E+2   5.936378E+0   3.672474E-1   8.028288E-3   
4.261440E+2   -2.731500E+2   -2.731500E+2   -2.731500E+2   0.000000E+0   0.000000E+0   0.000000E+0   3.600144E+3   3.600144E+3   3.647897E+2   5.911576E+0   3.685558E-1   7.994726E-3   
4.336070E+2   -2.731500E+2   -2.731500E+2   -2.731500E+2   0.000000E+0   0.000000E+0   0.000000E+0   3.700023E+3   3.700023E+3   3.660220E+2   5.911576E+0   3.698062E-1   7.994700E-3   
4.410690E+2   -2.731500E+2   -2.731500E+2   -2.731500E+2   0.000000E+0   0.000000E+0   0.000000E+0   3.799920E+3   3.799920E+3   3.670961E+2   5.870231E+0   3.708970E-1   7.938767E-3   
4.485300E+2   -2.731500E+2   -2.731500E+2   -2.731500E+2   0.000000E+0   0.000000E+0   0.000000E+0   3.900121E+3   3.900121E+3   3.681295E+2   5.828895E+0   3.719466E-1   7.882847E-3   
4.559930E+2   -2.731500E+2   -2.731500E+2   -2.731500E+2   0.000000E+0   0.000000E+0   0.000000E+0   4.000144E+3   4.000144E+3   3.690480E+2   5.828895E+0   3.728802E-1   7.882821E-3   
4.634540E+2   -2.731500E+2   -2.731500E+2   -2.731500E+2   0.000000E+0   0.000000E+0   0.000000E+0   4.099987E+3   4.099987E+3   3.699076E+2   5.787559E+0   3.737544E-1   7.826901E-3   
4.709250E+2   -2.731500E+2   -2.731500E+2   -2.731500E+2   0.000000E+0   0.000000E+0   0.000000E+0   4.200278E+3   4.200278E+3   3.706931E+2   5.787559E+0   3.745537E-1   7.826874E-3   
4.783870E+2   -2.731500E+2   -2.731500E+2   -2.731500E+2   0.000000E+0   0.000000E+0   0.000000E+0   4.300050E+3   4.300050E+3   3.714369E+2   5.746214E+0   3.753109E-1   7.770942E-3   
4.858490E+2   -2.731500E+2   -2.731500E+2   -2.731500E+2   0.000000E+0   0.000000E+0   0.000000E+0   4.400036E+3   4.400036E+3   3.720984E+2   5.746214E+0   3.759850E-1   7.770916E-3   
4.933120E+2   -2.731500E+2   -2.731500E+2   -2.731500E+2   0.000000E+0   0.000000E+0   0.000000E+0   4.500058E+3   4.500058E+3   3.727599E+2   5.704878E+0   3.766591E-1   7.714996E-3   
5.007720E+2   -2.731500E+2   -2.731500E+2   -2.731500E+2   0.000000E+0   0.000000E+0   0.000000E+0   4.600116E+3   4.600116E+3   3.733390E+2   5.704878E+0   3.772500E-1   7.714970E-3   
5.082340E+2   -2.731500E+2   -2.731500E+2   -2.731500E+2   0.000000E+0   0.000000E+0   0.000000E+0   4.700049E+3   4.700049E+3   3.738765E+2   5.663542E+0   3.777990E-1   7.659049E-3   
5.156970E+2   -2.731500E+2   -2.731500E+2   -2.731500E+2   0.000000E+0   0.000000E+0   0.000000E+0   4.800036E+3   4.800036E+3   3.744132E+2   5.663542E+0   3.783470E-1   7.659023E-3   
5.231590E+2   -2.731500E+2   -2.731500E+2   -2.731500E+2   0.000000E+0   0.000000E+0   0.000000E+0   4.900094E+3   4.900094E+3   3.748683E+2   5.647004E+0   3.788128E-1   7.636635E-3   
5.306210E+2   -2.731500E+2   -2.731500E+2   -2.731500E+2   0.000000E+0   0.000000E+0   0.000000E+0   5.000170E+3   5.000170E+3   3.753642E+2   5.622197E+0   3.793197E-1   7.603065E-3   
5.380830E+2   -2.731500E+2   -2.731500E+2   -2.731500E+2   0.000000E+0   0.000000E+0   0.000000E+0   5.099995E+3   5.099995E+3   3.757611E+2   5.580861E+0   3.797266E-1   7.547145E-3   
5.455440E+2   -2.731500E+2   -2.731500E+2   -2.731500E+2   0.000000E+0   0.000000E+0   0.000000E+0   5.199982E+3   5.199982E+3   3.761580E+2   5.580861E+0   3.801335E-1   7.547118E-3   
5.530050E+2   -2.731500E+2   -2.731500E+2   -2.731500E+2   0.000000E+0   0.000000E+0   0.000000E+0   5.300129E+3   5.300129E+3   3.765632E+2   5.539516E+0   3.805489E-1   7.491186E-3   
5.604670E+2   -2.731500E+2   -2.731500E+2   -2.731500E+2   0.000000E+0   0.000000E+0   0.000000E+0   5.399955E+3   5.399955E+3   3.768935E+2   5.539516E+0   3.808886E-1   7.491160E-3   
5.679310E+2   -2.731500E+2   -2.731500E+2   -2.731500E+2   0.000000E+0   0.000000E+0   0.000000E+0   5.500049E+3   5.500049E+3   3.772663E+2   5.539516E+0   3.812712E-1   7.491134E-3   
5.753930E+2   -2.731500E+2   -2.731500E+2   -2.731500E+2   0.000000E+0   0.000000E+0   0.000000E+0   5.600178E+3   5.600178E+3   3.775550E+2   5.498180E+0   3.815689E-1   7.435214E-3   
5.828550E+2   -2.731500E+2   -2.731500E+2   -2.731500E+2   0.000000E+0   0.000000E+0   0.000000E+0   5.700236E+3   5.700236E+3   3.778945E+2   5.498180E+0   3.819179E-1   7.435188E-3   
5.903160E+2   -2.731500E+2   -2.731500E+2   -2.731500E+2   0.000000E+0   0.000000E+0   0.000000E+0   5.799990E+3   5.799990E+3   3.781757E+2   5.456843E+0   3.822080E-1   7.379267E-3   
5.977900E+2   -2.731500E+2   -2.731500E+2   -2.731500E+2   0.000000E+0   0.000000E+0   0.000000E+0   5.900013E+3   5.900013E+3   3.784644E+2   5.456843E+0   3.825057E-1   7.379241E-3   
6.052520E+2   -2.731500E+2   -2.731500E+2   -2.731500E+2   0.000000E+0   0.000000E+0   0.000000E+0   6.000017E+3   6.000017E+3   3.787132E+2   5.456843E+0   3.827631E-1   7.379215E-3   
6.126740E+2   -2.731500E+2   -2.731500E+2   -2.731500E+2   0.000000E+0   0.000000E+0   0.000000E+0   6.100057E+3   6.100057E+3   3.790019E+2   5.415499E+0   3.830608E-1   7.323283E-3   
6.201360E+2   -2.731500E+2   -2.731500E+2   -2.731500E+2   0.000000E+0   0.000000E+0   0.000000E+0   6.199883E+3   6.199883E+3   3.792499E+2   5.415499E+0   3.833174E-1   7.323257E-3   
6.275980E+2   -2.731500E+2   -2.731500E+2   -2.731500E+2   0.000000E+0   0.000000E+0   0.000000E+0   6.300191E+3   6.300191E+3   3.794978E+2   5.374162E+0   3.835739E-1   7.267336E-3   
6.350920E+2   -2.731500E+2   -2.731500E+2   -2.731500E+2   0.000000E+0   0.000000E+0   0.000000E+0   6.400017E+3   6.400017E+3   3.796634E+2   5.374162E+0   3.837473E-1   7.267310E-3   
6.425560E+2   -2.731500E+2   -2.731500E+2   -2.731500E+2   0.000000E+0   0.000000E+0   0.000000E+0   6.499985E+3   6.499985E+3   3.798706E+2   5.374162E+0   3.839627E-1   7.267284E-3   
6.500200E+2   -2.731500E+2   -2.731500E+2   -2.731500E+2   0.000000E+0   0.000000E+0   0.000000E+0   6.600151E+3   6.600151E+3   3.800769E+2   5.374162E+0   3.841773E-1   7.267258E-3   
6.574800E+2   -2.731500E+2   -2.731500E+2   -2.731500E+2   0.000000E+0   0.000000E+0   0.000000E+0   6.700173E+3   6.700173E+3   3.802833E+2   5.332826E+0   3.843918E-1   7.211338E-3   
6.649450E+2   -2.731500E+2   -2.731500E+2   -2.731500E+2   0.000000E+0   0.000000E+0   0.000000E+0   6.799981E+3   6.799981E+3   3.804905E+2   5.332826E+0   3.846072E-1   7.211312E-3   
6.724130E+2   -2.731500E+2   -2.731500E+2   -2.731500E+2   0.000000E+0   0.000000E+0   0.000000E+0   6.900057E+3   6.900057E+3   3.806477E+2   5.291481E+0   3.847722E-1   7.155379E-3   
6.798790E+2   -2.731500E+2   -2.731500E+2   -2.731500E+2   0.000000E+0   0.000000E+0   0.000000E+0   7.000115E+3   7.000115E+3   3.808208E+2   5.291481E+0   3.849531E-1   7.155353E-3   
6.873420E+2   -2.731500E+2   -2.731500E+2   -2.731500E+2   0.000000E+0   0.000000E+0   0.000000E+0   7.099994E+3   7.099994E+3   3.809864E+2   5.250128E+0   3.851265E-1   7.099409E-3   
6.948030E+2   -2.731500E+2   -2.731500E+2   -2.731500E+2   0.000000E+0   0.000000E+0   0.000000E+0   7.199980E+3   7.199980E+3   3.811270E+2   5.250128E+0   3.852747E-1   7.099383E-3   
7.022630E+2   -2.731500E+2   -2.731500E+2   -2.731500E+2   0.000000E+0   0.000000E+0   0.000000E+0   7.300253E+3   7.300253E+3   3.813009E+2   5.250128E+0   3.854565E-1   7.099357E-3   
7.097240E+2   -2.731500E+2   -2.731500E+2   -2.731500E+2   0.000000E+0   0.000000E+0   0.000000E+0   7.400025E+3   7.400025E+3   3.814415E+2   5.250128E+0   3.856046E-1   7.099331E-3   
7.171850E+2   -2.731500E+2   -2.731500E+2   -2.731500E+2   0.000000E+0   0.000000E+0   0.000000E+0   7.500101E+3   7.500101E+3   3.815655E+2   5.225321E+0   3.857360E-1   7.065761E-3   
7.246480E+2   -2.731500E+2   -2.731500E+2   -2.731500E+2   0.000000E+0   0.000000E+0   0.000000E+0   7.599962E+3   7.599962E+3   3.816895E+2   5.208783E+0   3.858674E-1   7.043373E-3   
7.321110E+2   -2.731500E+2   -2.731500E+2   -2.731500E+2   0.000000E+0   0.000000E+0   0.000000E+0   7.700074E+3   7.700074E+3   3.818297E+2   5.208783E+0   3.860152E-1   7.043347E-3   
7.395750E+2   -2.731500E+2   -2.731500E+2   -2.731500E+2   0.000000E+0   0.000000E+0   0.000000E+0   7.800042E+3   7.800042E+3   3.819374E+2   5.167447E+0   3.861301E-1   6.987426E-3   
7.470370E+2   -2.731500E+2   -2.731500E+2   -2.731500E+2   0.000000E+0   0.000000E+0   0.000000E+0   7.899993E+3   7.899993E+3   3.820614E+2   5.167447E+0   3.862615E-1   6.987400E-3   
7.544990E+2   -2.731500E+2   -2.731500E+2   -2.731500E+2   0.000000E+0   0.000000E+0   0.000000E+0   8.000159E+3   8.000159E+3   3.821854E+2   5.167447E+0   3.863929E-1   6.987374E-3   
7.630500E+2   -2.731500E+2   -2.731500E+2   -2.731500E+2   0.000000E+0   0.000000E+0   0.000000E+0   7.899957E+3   7.899957E+3   3.820614E+2   5.167447E+0   3.862615E-1   6.987400E-3   
7.705110E+2   -2.731500E+2   -2.731500E+2   -2.731500E+2   0.000000E+0   0.000000E+0   0.000000E+0   7.800025E+3   7.800025E+3   3.819790E+2   5.192249E+0   3.861721E-1   7.020963E-3   
7.779750E+2   -2.731500E+2   -2.731500E+2   -2.731500E+2   0.000000E+0   0.000000E+0   0.000000E+0   7.700002E+3   7.700002E+3   3.818542E+2   5.208783E+0   3.860399E-1   7.043347E-3   
7.854360E+2   -2.731500E+2   -2.731500E+2   -2.731500E+2   0.000000E+0   0.000000E+0   0.000000E+0   7.599980E+3   7.599980E+3   3.817221E+2   5.208783E+0   3.859003E-1   7.043373E-3   
7.928980E+2   -2.731500E+2   -2.731500E+2   -2.731500E+2   0.000000E+0   0.000000E+0   0.000000E+0   7.499815E+3   7.499815E+3   3.816062E+2   5.208783E+0   3.857771E-1   7.043399E-3   
8.003610E+2   -2.731500E+2   -2.731500E+2   -2.731500E+2   0.000000E+0   0.000000E+0   0.000000E+0   7.399900E+3   7.399900E+3   3.814415E+2   5.250128E+0   3.856046E-1   7.099331E-3   
8.078240E+2   -2.731500E+2   -2.731500E+2   -2.731500E+2   0.000000E+0   0.000000E+0   0.000000E+0   7.300164E+3   7.300164E+3   3.813176E+2   5.250128E+0   3.854733E-1   7.099357E-3   
8.152990E+2   -2.731500E+2   -2.731500E+2   -2.731500E+2   0.000000E+0   0.000000E+0   0.000000E+0   7.199837E+3   7.199837E+3   3.811520E+2   5.250128E+0   3.852999E-1   7.099383E-3   
8.227600E+2   -2.731500E+2   -2.731500E+2   -2.731500E+2   0.000000E+0   0.000000E+0   0.000000E+0   7.100012E+3   7.100012E+3   3.810280E+2   5.250128E+0   3.851685E-1   7.099409E-3   
8.302200E+2   -2.731500E+2   -2.731500E+2   -2.731500E+2   0.000000E+0   0.000000E+0   0.000000E+0   6.999918E+3   6.999918E+3   3.808208E+2   5.291481E+0   3.849531E-1   7.155353E-3   
8.376810E+2   -2.731500E+2   -2.731500E+2   -2.731500E+2   0.000000E+0   0.000000E+0   0.000000E+0   6.899770E+3   6.899770E+3   3.806561E+2   5.291481E+0   3.847806E-1   7.155379E-3   
8.451430E+2   -2.731500E+2   -2.731500E+2   -2.731500E+2   0.000000E+0   0.000000E+0   0.000000E+0   6.799891E+3   6.799891E+3   3.804905E+2   5.332826E+0   3.846072E-1   7.211312E-3   
8.526070E+2   -2.731500E+2   -2.731500E+2   -2.731500E+2   0.000000E+0   0.000000E+0   0.000000E+0   6.700066E+3   6.700066E+3   3.803249E+2   5.332826E+0   3.844338E-1   7.211338E-3   
8.600710E+2   -2.731500E+2   -2.731500E+2   -2.731500E+2   0.000000E+0   0.000000E+0   0.000000E+0   6.599918E+3   6.599918E+3   3.801430E+2   5.357628E+0   3.842439E-1   7.244900E-3   
8.675340E+2   -2.731500E+2   -2.731500E+2   -2.731500E+2   0.000000E+0   0.000000E+0   0.000000E+0   6.499806E+3   6.499806E+3   3.799363E+2   5.374162E+0   3.840291E-1   7.267284E-3   
8.749950E+2   -2.731500E+2   -2.731500E+2   -2.731500E+2   0.000000E+0   0.000000E+0   0.000000E+0   6.400088E+3   6.400088E+3   3.797383E+2   5.374162E+0   3.838229E-1   7.267310E-3   
8.824570E+2   -2.731500E+2   -2.731500E+2   -2.731500E+2   0.000000E+0   0.000000E+0   0.000000E+0   6.299941E+3   6.299941E+3   3.794978E+2   5.374162E+0   3.835739E-1   7.267336E-3   
8.899190E+2   -2.731500E+2   -2.731500E+2   -2.731500E+2   0.000000E+0   0.000000E+0   0.000000E+0   6.199954E+3   6.199954E+3   3.792915E+2   5.398964E+0   3.833594E-1   7.300899E-3   
8.973810E+2   -2.731500E+2   -2.731500E+2   -2.731500E+2   0.000000E+0   0.000000E+0   0.000000E+0   6.099968E+3   6.099968E+3   3.790269E+2   5.415499E+0   3.830860E-1   7.323283E-3   
9.048430E+2   -2.731500E+2   -2.731500E+2   -2.731500E+2   0.000000E+0   0.000000E+0   0.000000E+0   5.999910E+3   5.999910E+3   3.787956E+2   5.415499E+0   3.828463E-1   7.323309E-3   
9.123040E+2   -2.731500E+2   -2.731500E+2   -2.731500E+2   0.000000E+0   0.000000E+0   0.000000E+0   5.899905E+3   5.899905E+3   3.785060E+2   5.456843E+0   3.825477E-1   7.379241E-3   
9.197690E+2   -2.731500E+2   -2.731500E+2   -2.731500E+2   0.000000E+0   0.000000E+0   0.000000E+0   5.799919E+3   5.799919E+3   3.782165E+2   5.456843E+0   3.822492E-1   7.379267E-3   
9.272310E+2   -2.731500E+2   -2.731500E+2   -2.731500E+2   0.000000E+0   0.000000E+0   0.000000E+0   5.700057E+3   5.700057E+3   3.779278E+2   5.456843E+0   3.819515E-1   7.379293E-3   
9.346950E+2   -2.731500E+2   -2.731500E+2   -2.731500E+2   0.000000E+0   0.000000E+0   0.000000E+0   5.600017E+3   5.600017E+3   3.776382E+2   5.498180E+0   3.816529E-1   7.435214E-3   
9.421590E+2   -2.731500E+2   -2.731500E+2   -2.731500E+2   0.000000E+0   0.000000E+0   0.000000E+0   5.499816E+3   5.499816E+3   3.773070E+2   5.498180E+0   3.813123E-1   7.435240E-3   
9.496280E+2   -2.731500E+2   -2.731500E+2   -2.731500E+2   0.000000E+0   0.000000E+0   0.000000E+0   5.399991E+3   5.399991E+3   3.769767E+2   5.539516E+0   3.809726E-1   7.491160E-3   
9.570900E+2   -2.731500E+2   -2.731500E+2   -2.731500E+2   0.000000E+0   0.000000E+0   0.000000E+0   5.299986E+3   5.299986E+3   3.766048E+2   5.539516E+0   3.805909E-1   7.491186E-3   
9.645530E+2   -2.731500E+2   -2.731500E+2   -2.731500E+2   0.000000E+0   0.000000E+0   0.000000E+0   5.199892E+3   5.199892E+3   3.762320E+2   5.539516E+0   3.802083E-1   7.491213E-3   
9.720150E+2   -2.731500E+2   -2.731500E+2   -2.731500E+2   0.000000E+0   0.000000E+0   0.000000E+0   5.099870E+3   5.099870E+3   3.758194E+2   5.580861E+0   3.797854E-1   7.547145E-3   
9.794770E+2   -2.731500E+2   -2.731500E+2   -2.731500E+2   0.000000E+0   0.000000E+0   0.000000E+0   5.000045E+3   5.000045E+3   3.753642E+2   5.580861E+0   3.793197E-1   7.547171E-3   
9.869380E+2   -2.731500E+2   -2.731500E+2   -2.731500E+2   0.000000E+0   0.000000E+0   0.000000E+0   4.900058E+3   4.900058E+3   3.749507E+2   5.622197E+0   3.788959E-1   7.603091E-3   
9.944000E+2   -2.731500E+2   -2.731500E+2   -2.731500E+2   0.000000E+0   0.000000E+0   0.000000E+0   4.799857E+3   4.799857E+3   3.744548E+2   5.622197E+0   3.783890E-1   7.603117E-3   
1.001862E+3   -2.731500E+2   -2.731500E+2   -2.731500E+2   0.000000E+0   0.000000E+0   0.000000E+0   4.699960E+3   4.699960E+3   3.739173E+2   5.663542E+0   3.778401E-1   7.659049E-3   
1.009326E+3   -2.731500E+2   -2.731500E+2   -2.731500E+2   0.000000E+0   0.000000E+0   0.000000E+0   4.600134E+3   4.600134E+3   3.733635E+2   5.663542E+0   3.772747E-1   7.659075E-3   
1.016788E+3   -2.731500E+2   -2.731500E+2   -2.731500E+2   0.000000E+0   0.000000E+0   0.000000E+0   4.499808E+3   4.499808E+3   3.727599E+2   5.663542E+0   3.766591E-1   7.659102E-3   
1.024255E+3   -2.731500E+2   -2.731500E+2   -2.731500E+2   0.000000E+0   0.000000E+0   0.000000E+0   4.399839E+3   4.399839E+3   3.721645E+2   5.704878E+0   3.760517E-1   7.715022E-3   
1.031717E+3   -2.731500E+2   -2.731500E+2   -2.731500E+2   0.000000E+0   0.000000E+0   0.000000E+0   4.300014E+3   4.300014E+3   3.714785E+2   5.721412E+0   3.753529E-1   7.737406E-3   
1.039179E+3   -2.731500E+2   -2.731500E+2   -2.731500E+2   0.000000E+0   0.000000E+0   0.000000E+0   4.200117E+3   4.200117E+3   3.707347E+2   5.746214E+0   3.745957E-1   7.770968E-3   
1.046643E+3   -2.731500E+2   -2.731500E+2   -2.731500E+2   0.000000E+0   0.000000E+0   0.000000E+0   4.100005E+3   4.100005E+3   3.699492E+2   5.746214E+0   3.737964E-1   7.770995E-3   
1.054105E+3   -2.731500E+2   -2.731500E+2   -2.731500E+2   0.000000E+0   0.000000E+0   0.000000E+0   3.999804E+3   3.999804E+3   3.691222E+2   5.762752E+0   3.729551E-1   7.793383E-3   
1.061567E+3   -2.731500E+2   -2.731500E+2   -2.731500E+2   0.000000E+0   0.000000E+0   0.000000E+0   3.900103E+3   3.900103E+3   3.681711E+2   5.787559E+0   3.719886E-1   7.826953E-3   
1.069041E+3   -2.731500E+2   -2.731500E+2   -2.731500E+2   0.000000E+0   0.000000E+0   0.000000E+0   3.799849E+3   3.799849E+3   3.671793E+2   5.828895E+0   3.709810E-1   7.882873E-3   
1.076504E+3   -2.731500E+2   -2.731500E+2   -2.731500E+2   0.000000E+0   0.000000E+0   0.000000E+0   3.699844E+3   3.699844E+3   3.660627E+2   5.828895E+0   3.698474E-1   7.882899E-3   
1.083967E+3   -2.731500E+2   -2.731500E+2   -2.731500E+2   0.000000E+0   0.000000E+0   0.000000E+0   3.600001E+3   3.600001E+3   3.648637E+2   5.845429E+0   3.686306E-1   7.905283E-3   
1.091430E+3   -2.731500E+2   -2.731500E+2   -2.731500E+2   0.000000E+0   0.000000E+0   0.000000E+0   3.500086E+3   3.500086E+3   3.635416E+2   5.870231E+0   3.672894E-1   7.938846E-3   
1.098892E+3   -2.731500E+2   -2.731500E+2   -2.731500E+2   0.000000E+0   0.000000E+0   0.000000E+0   3.399956E+3   3.399956E+3   3.620947E+2   5.911576E+0   3.658223E-1   7.994778E-3   
1.106355E+3   -2.731500E+2   -2.731500E+2   -2.731500E+2   0.000000E+0   0.000000E+0   0.000000E+0   3.299827E+3   3.299827E+3   3.605645E+2   5.911576E+0   3.642710E-1   7.994804E-3   
1.113818E+3   -2.731500E+2   -2.731500E+2   -2.731500E+2   0.000000E+0   0.000000E+0   0.000000E+0   3.200073E+3   3.200073E+3   3.588289E+2   5.952912E+0   3.625124E-1   8.050724E-3   
1.121284E+3   -2.731500E+2   -2.731500E+2   -2.731500E+2   0.000000E+0   0.000000E+0   0.000000E+0   3.099782E+3   3.099782E+3   3.569268E+2   5.994257E+0   3.605856E-1   8.106657E-3   
1.128747E+3   -2.731500E+2   -2.731500E+2   -2.731500E+2   0.000000E+0   0.000000E+0   0.000000E+0   2.999831E+3   2.999831E+3   3.549016E+2   6.035593E+0   3.585346E-1   8.162577E-3   
1.136209E+3   -2.731500E+2   -2.731500E+2   -2.731500E+2   0.000000E+0   0.000000E+0   0.000000E+0   2.900060E+3   2.900060E+3   3.526692E+2   6.035593E+0   3.562744E-1   8.162603E-3   
1.143670E+3   -2.731500E+2   -2.731500E+2   -2.731500E+2   0.000000E+0   0.000000E+0   0.000000E+0   2.800037E+3   2.800037E+3   3.502712E+2   6.076929E+0   3.538469E-1   8.218523E-3   
1.151132E+3   -2.731500E+2   -2.731500E+2   -2.731500E+2   0.000000E+0   0.000000E+0   0.000000E+0   2.699836E+3   2.699836E+3   3.477085E+2   6.118274E+0   3.512532E-1   8.274456E-3   
1.158605E+3   -2.731500E+2   -2.731500E+2   -2.731500E+2   0.000000E+0   0.000000E+0   0.000000E+0   2.599850E+3   2.599850E+3   3.449386E+2   6.159610E+0   3.484502E-1   8.330376E-3   
1.166067E+3   -2.731500E+2   -2.731500E+2   -2.731500E+2   0.000000E+0   0.000000E+0   0.000000E+0   2.500131E+3   2.500131E+3   3.420031E+2   6.200947E+0   3.454800E-1   8.386296E-3   
1.173528E+3   -2.731500E+2   -2.731500E+2   -2.731500E+2   0.000000E+0   0.000000E+0   0.000000E+0   2.399841E+3   2.399841E+3   3.389029E+2   6.242291E+0   3.423435E-1   8.442228E-3   
1.180992E+3   -2.731500E+2   -2.731500E+2   -2.731500E+2   0.000000E+0   0.000000E+0   0.000000E+0   2.299890E+3   2.299890E+3   3.356362E+2   6.283628E+0   3.390390E-1   8.498149E-3   
1.188455E+3   -2.731500E+2   -2.731500E+2   -2.731500E+2   0.000000E+0   0.000000E+0   0.000000E+0   2.199957E+3   2.199957E+3   3.322048E+2   6.324972E+0   3.355681E-1   8.554081E-3   
1.195917E+3   -2.731500E+2   -2.731500E+2   -2.731500E+2   0.000000E+0   0.000000E+0   0.000000E+0   2.100042E+3   2.100042E+3   3.286079E+2   6.407645E+0   3.319301E-1   8.665895E-3   
1.203390E+3   -2.731500E+2   -2.731500E+2   -2.731500E+2   0.000000E+0   0.000000E+0   0.000000E+0   1.999877E+3   1.999877E+3   3.247638E+2   6.448990E+0   3.280425E-1   8.721828E-3   
1.210859E+3   -2.731500E+2   -2.731500E+2   -2.731500E+2   0.000000E+0   0.000000E+0   0.000000E+0   1.899998E+3   1.899998E+3   3.207949E+2   6.490326E+0   3.240289E-1   8.777748E-3   
1.218322E+3   -2.731500E+2   -2.731500E+2   -2.731500E+2   0.000000E+0   0.000000E+0   0.000000E+0   1.800011E+3   1.800011E+3   3.165781E+2   6.573007E+0   3.197650E-1   8.889574E-3   
1.225784E+3   -2.731500E+2   -2.731500E+2   -2.731500E+2   0.000000E+0   0.000000E+0   0.000000E+0   1.699882E+3   1.699882E+3   3.121965E+2   6.647412E+0   3.153347E-1   8.990210E-3   
1.233245E+3   -2.731500E+2   -2.731500E+2   -2.731500E+2   0.000000E+0   0.000000E+0   0.000000E+0   1.599931E+3   1.599931E+3   3.075498E+2   6.697024E+0   3.106367E-1   9.057321E-3   
1.240707E+3   -2.731500E+2   -2.731500E+2   -2.731500E+2   0.000000E+0   0.000000E+0   0.000000E+0   1.500052E+3   1.500052E+3   3.026470E+2   6.779705E+0   3.056802E-1   9.169147E-3   
1.248168E+3   -2.731500E+2   -2.731500E+2   -2.731500E+2   0.000000E+0   0.000000E+0   0.000000E+0   1.400011E+3   1.400011E+3   2.974384E+2   6.862377E+0   3.004149E-1   9.280962E-3   
1.255631E+3   -2.731500E+2   -2.731500E+2   -2.731500E+2   0.000000E+0   0.000000E+0   0.000000E+0   1.300007E+3   1.300007E+3   2.918986E+2   6.903722E+0   2.948151E-1   9.336894E-3   
1.263092E+3   -2.731500E+2   -2.731500E+2   -2.731500E+2   0.000000E+0   0.000000E+0   0.000000E+0   1.200074E+3   1.200074E+3   2.859461E+2   6.986395E+0   2.887987E-1   9.448709E-3   
1.270554E+3   -2.731500E+2   -2.731500E+2   -2.731500E+2   0.000000E+0   0.000000E+0   0.000000E+0   1.100052E+3   1.100052E+3   2.795385E+2   7.069076E+0   2.823227E-1   9.560535E-3   
1.278018E+3   -2.731500E+2   -2.731500E+2   -2.731500E+2   0.000000E+0   0.000000E+0   0.000000E+0   9.998687E+2   9.998687E+2   2.725934E+2   7.151757E+0   2.753040E-1   9.672361E-3   
1.286579E+3   -2.731500E+2   -2.731500E+2   -2.731500E+2   0.000000E+0   0.000000E+0   0.000000E+0   9.499559E+2   9.499559E+2   2.688724E+2   7.193093E+0   2.715439E-1   9.728269E-3   
1.294040E+3   -2.731500E+2   -2.731500E+2   -2.731500E+2   0.000000E+0   0.000000E+0   0.000000E+0   8.998464E+2   8.998464E+2   2.649451E+2   7.193093E+0   2.675754E-1   9.728282E-3   
1.301502E+3   -2.731500E+2   -2.731500E+2   -2.731500E+2   0.000000E+0   0.000000E+0   0.000000E+0   8.499158E+2   8.499158E+2   2.608115E+2   7.193093E+0   2.633986E-1   9.728295E-3   
1.308965E+3   -2.731500E+2   -2.731500E+2   -2.731500E+2   0.000000E+0   0.000000E+0   0.000000E+0   8.001103E+2   8.001103E+2   2.564133E+2   7.234438E+0   2.589546E-1   9.784214E-3   
1.316428E+3   -2.731500E+2   -2.731500E+2   -2.731500E+2   0.000000E+0   0.000000E+0   0.000000E+0   7.500187E+2   7.500187E+2   2.517579E+2   7.234438E+0   2.542510E-1   9.784227E-3   
1.323890E+3   -2.731500E+2   -2.731500E+2   -2.731500E+2   0.000000E+0   0.000000E+0   0.000000E+0   7.000165E+2   7.000165E+2   2.467565E+2   7.193093E+0   2.491979E-1   9.728334E-3   
1.331353E+3   -2.731500E+2   -2.731500E+2   -2.731500E+2   0.000000E+0   0.000000E+0   0.000000E+0   6.498175E+2   6.498175E+2   2.413823E+2   7.193093E+0   2.437685E-1   9.728347E-3   
1.338815E+3   -2.731500E+2   -2.731500E+2   -2.731500E+2   0.000000E+0   0.000000E+0   0.000000E+0   5.999763E+2   5.999763E+2   2.355945E+2   7.151757E+0   2.379215E-1   9.672466E-3   
1.346278E+3   -2.731500E+2   -2.731500E+2   -2.731500E+2   0.000000E+0   0.000000E+0   0.000000E+0   5.499562E+2   5.499562E+2   2.293109E+2   7.069076E+0   2.315738E-1   9.560679E-3   
1.353739E+3   -2.731500E+2   -2.731500E+2   -2.731500E+2   0.000000E+0   0.000000E+0   0.000000E+0   4.999540E+2   4.999540E+2   2.224074E+2   6.986395E+0   2.246002E-1   9.448892E-3   
1.361202E+3   -2.731500E+2   -2.731500E+2   -2.731500E+2   0.000000E+0   0.000000E+0   0.000000E+0   4.500770E+2   4.500770E+2   2.148007E+2   6.903722E+0   2.169167E-1   9.337116E-3   
1.368664E+3   -2.731500E+2   -2.731500E+2   -2.731500E+2   0.000000E+0   0.000000E+0   0.000000E+0   4.000033E+2   4.000033E+2   2.062847E+2   6.738360E+0   2.083149E-1   9.113529E-3   
1.376127E+3   -2.731500E+2   -2.731500E+2   -2.731500E+2   0.000000E+0   0.000000E+0   0.000000E+0   3.500726E+2   3.500726E+2   1.967768E+2   6.490326E+0   1.987117E-1   8.778153E-3   
1.383588E+3   -2.731500E+2   -2.731500E+2   -2.731500E+2   0.000000E+0   0.000000E+0   0.000000E+0   2.998379E+2   2.998379E+2   1.859044E+2   6.242291E+0   1.877307E-1   8.442777E-3   
1.391061E+3   -2.731500E+2   -2.731500E+2   -2.731500E+2   0.000000E+0   0.000000E+0   0.000000E+0   2.498536E+2   2.498536E+2   1.734203E+2   5.911576E+0   1.751224E-1   7.995601E-3   
1.398528E+3   -2.731500E+2   -2.731500E+2   -2.731500E+2   0.000000E+0   0.000000E+0   0.000000E+0   1.999945E+2   1.999945E+2   1.588270E+2   5.498180E+0   1.603844E-1   7.436625E-3   
1.405993E+3   -2.731500E+2   -2.731500E+2   -2.731500E+2   0.000000E+0   0.000000E+0   0.000000E+0   1.499386E+2   1.499386E+2   1.411334E+2   4.960749E+0   1.425161E-1   6.709931E-3   
1.413452E+3   -2.731500E+2   -2.731500E+2   -2.731500E+2   0.000000E+0   0.000000E+0   0.000000E+0   1.001510E+2   1.001510E+2   1.182229E+2   4.175301E+0   1.193802E-1   5.647871E-3   
1.421905E+3   -2.731500E+2   -2.731500E+2   -2.731500E+2   0.000000E+0   0.000000E+0   0.000000E+0   8.992169E+1   8.992169E+1   1.124850E+2   3.968602E+0   1.135861E-1   5.368379E-3   
1.429268E+3   -2.731500E+2   -2.731500E+2   -2.731500E+2   0.000000E+0   0.000000E+0   0.000000E+0   7.990695E+1   7.990695E+1   1.048377E+2   3.555206E+0   1.058639E-1   4.809392E-3   
1.436579E+3   -2.731500E+2   -2.731500E+2   -2.731500E+2   0.000000E+0   0.000000E+0   0.000000E+0   7.008892E+1   7.008892E+1   9.685912E+1   3.224490E+0   9.780736E-2   4.362206E-3   
1.443991E+3   -2.731500E+2   -2.731500E+2   -2.731500E+2   0.000000E+0   0.000000E+0   0.000000E+0   5.991322E+1   5.991322E+1   8.780556E+1   2.852439E+0   8.866534E-2   3.859125E-3   
1.451353E+3   -2.731500E+2   -2.731500E+2   -2.731500E+2   0.000000E+0   0.000000E+0   0.000000E+0   5.013096E+1   5.013096E+1   7.850380E+1   2.563051E+0   7.927273E-2   3.467821E-3   
1.458766E+3   -2.731500E+2   -2.731500E+2   -2.731500E+2   0.000000E+0   0.000000E+0   0.000000E+0   3.999103E+1   3.999103E+1   6.911976E+1   2.190999E+0   6.979703E-2   2.964740E-3   
1.466131E+3   -2.731500E+2   -2.731500E+2   -2.731500E+2   0.000000E+0   0.000000E+0   0.000000E+0   3.001205E+1   3.001205E+1   5.985978E+1   1.852017E+0   6.044660E-2   2.506375E-3   
1.473491E+3   -2.731500E+2   -2.731500E+2   -2.731500E+2   0.000000E+0   0.000000E+0   0.000000E+0   1.990789E+1   1.990789E+1   5.014499E+1   1.562637E+0   5.063695E-2   2.115083E-3   
1.480853E+3   -2.731500E+2   -2.731500E+2   -2.731500E+2   0.000000E+0   0.000000E+0   0.000000E+0   9.946789E+0   9.946789E+0   4.038877E+1   1.157508E+0   4.078547E-2   1.567275E-3   
1.488214E+3   -2.731500E+2   -2.731500E+2   -2.731500E+2   0.000000E+0   0.000000E+0   0.000000E+0   -1.216076E-1   -1.216076E-1   3.050866E+1   8.267929E-1   3.080889E-2   1.120088E-3   
1.495577E+3   -2.731500E+2   -2.731500E+2   -2.731500E+2   0.000000E+0   0.000000E+0   0.000000E+0   -1.008270E+1   -1.008270E+1   2.105837E+1   4.547361E-1   2.126630E-2   6.170004E-4   
1.502938E+3   -2.731500E+2   -2.731500E+2   -2.731500E+2   0.000000E+0   0.000000E+0   0.000000E+0   -1.988285E+1   -1.988285E+1   1.132705E+1   4.133973E-2   1.143996E-2   5.801375E-5   
1.510351E+3   -2.731500E+2   -2.731500E+2   -2.731500E+2   0.000000E+0   0.000000E+0   0.000000E+0   -2.995124E+1   -2.995124E+1   1.529569E+0   -2.893766E-1   1.546816E-3   -3.891740E-4   
1.517763E+3   -2.731500E+2   -2.731500E+2   -2.731500E+2   0.000000E+0   0.000000E+0   0.000000E+0   -3.994811E+1   -3.994811E+1   -8.019886E+0   -6.200938E-1   -8.095897E-3   -8.363629E-4   
1.525176E+3   -2.731500E+2   -2.731500E+2   -2.731500E+2   0.000000E+0   0.000000E+0   0.000000E+0   -5.005227E+1   -5.005227E+1   -1.761070E+1   -9.921549E-1   -1.778038E-2   -1.339456E-3   
1.532538E+3   -2.731500E+2   -2.731500E+2   -2.731500E+2   0.000000E+0   0.000000E+0   0.000000E+0   -5.999548E+1   -5.999548E+1   -2.695348E+1   -1.281525E+0   -2.721440E-2   -1.730737E-3   
1.539899E+3   -2.731500E+2   -2.731500E+2   -2.731500E+2   0.000000E+0   0.000000E+0   0.000000E+0   -7.006388E+1   -7.006388E+1   -3.637887E+1   -1.653586E+0   -3.673186E-2   -2.233830E-3   
1.547261E+3   -2.731500E+2   -2.731500E+2   -2.731500E+2   0.000000E+0   0.000000E+0   0.000000E+0   -8.002498E+1   -8.002498E+1   -4.547369E+1   -1.942965E+0   -4.591553E-2   -2.625122E-3   
1.554622E+3   -2.731500E+2   -2.731500E+2   -2.731500E+2   0.000000E+0   0.000000E+0   0.000000E+0   -8.996819E+1   -8.996819E+1   -5.440293E+1   -2.240605E+0   -5.493201E-2   -3.027584E-3   
1.562037E+3   -2.731500E+2   -2.731500E+2   -2.731500E+2   0.000000E+0   0.000000E+0   0.000000E+0   -1.001081E+2   -1.001081E+2   -6.329090E+1   -2.563051E+0   -6.390683E-2   -3.463589E-3   
1.570588E+3   -2.731500E+2   -2.731500E+2   -2.731500E+2   0.000000E+0   0.000000E+0   0.000000E+0   -1.499851E+2   -1.499851E+2   -1.035147E+2   -3.761904E+0   -1.045239E-1   -5.084650E-3   
1.578051E+3   -2.731500E+2   -2.731500E+2   -2.731500E+2   0.000000E+0   0.000000E+0   0.000000E+0   -2.000589E+2   -2.000589E+2   -1.335601E+2   -4.671369E+0   -1.348639E-1   -6.314404E-3   
1.585517E+3   -2.731500E+2   -2.731500E+2   -2.731500E+2   0.000000E+0   0.000000E+0   0.000000E+0   -2.499359E+2   -2.499359E+2   -1.555612E+2   -5.415499E+0   -1.570815E-1   -7.320592E-3   
1.592987E+3   -2.731500E+2   -2.731500E+2   -2.731500E+2   0.000000E+0   0.000000E+0   0.000000E+0   -2.999738E+2   -2.999738E+2   -1.726349E+2   -5.952912E+0   -1.743239E-1   -8.047263E-3   
1.600448E+3   -2.731500E+2   -2.731500E+2   -2.731500E+2   0.000000E+0   0.000000E+0   0.000000E+0   -3.502622E+2   -3.502622E+2   -1.864503E+2   -6.366309E+0   -1.882764E-1   -8.606239E-3   
1.607908E+3   -2.731500E+2   -2.731500E+2   -2.731500E+2   0.000000E+0   0.000000E+0   0.000000E+0   -4.001571E+2   -4.001571E+2   -1.979758E+2   -6.655679E+0   -1.999169E-1   -8.997509E-3   
1.615370E+3   -2.731500E+2   -2.731500E+2   -2.731500E+2   0.000000E+0   0.000000E+0   0.000000E+0   -4.499983E+2   -4.499983E+2   -2.078556E+2   -6.862377E+0   -2.098956E-1   -9.276991E-3   
1.622833E+3   -2.731500E+2   -2.731500E+2   -2.731500E+2   0.000000E+0   0.000000E+0   0.000000E+0   -5.001436E+2   -5.001436E+2   -2.165780E+2   -7.027739E+0   -2.187057E-1   -9.500578E-3   
1.630296E+3   -2.731500E+2   -2.731500E+2   -2.731500E+2   0.000000E+0   0.000000E+0   0.000000E+0   -5.500564E+2   -5.500564E+2   -2.242678E+2   -7.110420E+0   -2.264733E-1   -9.612366E-3   
1.637758E+3   -2.731500E+2   -2.731500E+2   -2.731500E+2   0.000000E+0   0.000000E+0   0.000000E+0   -5.999870E+2   -5.999870E+2   -2.312130E+2   -7.234438E+0   -2.334889E-1   -9.780047E-3   
1.645219E+3   -2.731500E+2   -2.731500E+2   -2.731500E+2   0.000000E+0   0.000000E+0   0.000000E+0   -6.499356E+2   -6.499356E+2   -2.374876E+2   -7.275774E+0   -2.398275E-1   -9.835928E-3   
1.652681E+3   -2.731500E+2   -2.731500E+2   -2.731500E+2   0.000000E+0   0.000000E+0   0.000000E+0   -7.002060E+2   -7.002060E+2   -2.432835E+2   -7.317110E+0   -2.456827E-1   -9.891809E-3   
1.660143E+3   -2.731500E+2   -2.731500E+2   -2.731500E+2   0.000000E+0   0.000000E+0   0.000000E+0   -7.500473E+2   -7.500473E+2   -2.485754E+2   -7.317110E+0   -2.510290E-1   -9.891796E-3   
1.667609E+3   -2.731500E+2   -2.731500E+2   -2.731500E+2   0.000000E+0   0.000000E+0   0.000000E+0   -8.002104E+2   -8.002104E+2   -2.535768E+2   -7.317110E+0   -2.560821E-1   -9.891783E-3   
1.675072E+3   -2.731500E+2   -2.731500E+2   -2.731500E+2   0.000000E+0   0.000000E+0   0.000000E+0   -8.499623E+2   -8.499623E+2   -2.581656E+2   -7.317110E+0   -2.607184E-1   -9.891770E-3   
1.682535E+3   -2.731500E+2   -2.731500E+2   -2.731500E+2   0.000000E+0   0.000000E+0   0.000000E+0   -8.999466E+2   -8.999466E+2   -2.625064E+2   -7.317110E+0   -2.651045E-1   -9.891757E-3   
1.689999E+3   -2.731500E+2   -2.731500E+2   -2.731500E+2   0.000000E+0   0.000000E+0   0.000000E+0   -9.500024E+2   -9.500024E+2   -2.666400E+2   -7.275774E+0   -2.692813E-1   -9.835850E-3   
1.697461E+3   -2.731500E+2   -2.731500E+2   -2.731500E+2   0.000000E+0   0.000000E+0   0.000000E+0   -9.999867E+2   -9.999867E+2   -2.705265E+2   -7.234438E+0   -2.732086E-1   -9.779942E-3   
1.706059E+3   -2.731500E+2   -2.731500E+2   -2.731500E+2   0.000000E+0   0.000000E+0   0.000000E+0   -1.100134E+3   -1.100134E+3   -2.777604E+2   -7.168291E+0   -2.805188E-1   -9.690474E-3   
1.713520E+3   -2.731500E+2   -2.731500E+2   -2.731500E+2   0.000000E+0   0.000000E+0   0.000000E+0   -1.199978E+3   -1.199978E+3   -2.843752E+2   -7.110420E+0   -2.872040E-1   -9.612196E-3   
1.720982E+3   -2.731500E+2   -2.731500E+2   -2.731500E+2   0.000000E+0   0.000000E+0   0.000000E+0   -1.300071E+3   -1.300071E+3   -2.904517E+2   -7.027739E+0   -2.933456E-1   -9.500369E-3   
1.728443E+3   -2.731500E+2   -2.731500E+2   -2.731500E+2   0.000000E+0   0.000000E+0   0.000000E+0   -1.400219E+3   -1.400219E+3   -2.961978E+2   -6.945058E+0   -2.991537E-1   -9.388543E-3   
1.735907E+3   -2.731500E+2   -2.731500E+2   -2.731500E+2   0.000000E+0   0.000000E+0   0.000000E+0   -1.500134E+3   -1.500134E+3   -3.014897E+2   -6.829308E+0   -3.045031E-1   -9.232001E-3   
1.743368E+3   -2.731500E+2   -2.731500E+2   -2.731500E+2   0.000000E+0   0.000000E+0   0.000000E+0   -1.599995E+3   -1.599995E+3   -3.064920E+2   -6.779705E+0   -3.095601E-1   -9.164902E-3   
1.750830E+3   -2.731500E+2   -2.731500E+2   -2.731500E+2   0.000000E+0   0.000000E+0   0.000000E+0   -1.700000E+3   -1.700000E+3   -3.112455E+2   -6.697024E+0   -3.143659E-1   -9.053076E-3   
1.758292E+3   -2.731500E+2   -2.731500E+2   -2.731500E+2   0.000000E+0   0.000000E+0   0.000000E+0   -1.800129E+3   -1.800129E+3   -3.157435E+2   -6.655679E+0   -3.189138E-1   -8.997144E-3   
1.765765E+3   -2.731500E+2   -2.731500E+2   -2.731500E+2   0.000000E+0   0.000000E+0   0.000000E+0   -1.900026E+3   -1.900026E+3   -3.200095E+2   -6.573007E+0   -3.232273E-1   -8.885329E-3   
1.773225E+3   -2.731500E+2   -2.731500E+2   -2.731500E+2   0.000000E+0   0.000000E+0   0.000000E+0   -1.999995E+3   -1.999995E+3   -3.240191E+2   -6.490326E+0   -3.272821E-1   -8.773503E-3   
1.780695E+3   -2.731500E+2   -2.731500E+2   -2.731500E+2   0.000000E+0   0.000000E+0   0.000000E+0   -2.100071E+3   -2.100071E+3   -3.279056E+2   -6.448990E+0   -3.312125E-1   -8.717582E-3   
1.788155E+3   -2.731500E+2   -2.731500E+2   -2.731500E+2   0.000000E+0   0.000000E+0   0.000000E+0   -2.200111E+3   -2.200111E+3   -3.316257E+2   -6.407645E+0   -3.349749E-1   -8.661650E-3   
1.795616E+3   -2.731500E+2   -2.731500E+2   -2.731500E+2   0.000000E+0   0.000000E+0   0.000000E+0   -2.300151E+3   -2.300151E+3   -3.350987E+2   -6.366309E+0   -3.384878E-1   -8.605730E-3   
1.803078E+3   -2.731500E+2   -2.731500E+2   -2.731500E+2   0.000000E+0   0.000000E+0   0.000000E+0   -2.399959E+3   -2.399959E+3   -3.384469E+2   -6.283628E+0   -3.418746E-1   -8.493904E-3   
1.810539E+3   -2.731500E+2   -2.731500E+2   -2.731500E+2   0.000000E+0   0.000000E+0   0.000000E+0   -2.500088E+3   -2.500088E+3   -3.415904E+2   -6.242291E+0   -3.450548E-1   -8.437983E-3   
1.818002E+3   -2.731500E+2   -2.731500E+2   -2.731500E+2   0.000000E+0   0.000000E+0   0.000000E+0   -2.600164E+3   -2.600164E+3   -3.445667E+2   -6.200947E+0   -3.480661E-1   -8.382051E-3   
1.825465E+3   -2.731500E+2   -2.731500E+2   -2.731500E+2   0.000000E+0   0.000000E+0   0.000000E+0   -2.700133E+3   -2.700133E+3   -3.473773E+2   -6.159610E+0   -3.509103E-1   -8.326131E-3   
1.832927E+3   -2.731500E+2   -2.731500E+2   -2.731500E+2   0.000000E+0   0.000000E+0   0.000000E+0   -2.800084E+3   -2.800084E+3   -3.499409E+2   -6.159610E+0   -3.535049E-1   -8.326105E-3   
1.840390E+3   -2.731500E+2   -2.731500E+2   -2.731500E+2   0.000000E+0   0.000000E+0   0.000000E+0   -2.900088E+3   -2.900088E+3   -3.523796E+2   -6.101736E+0   -3.559735E-1   -8.247822E-3   
1.847851E+3   -2.731500E+2   -2.731500E+2   -2.731500E+2   0.000000E+0   0.000000E+0   0.000000E+0   -3.000093E+3   -3.000093E+3   -3.546536E+2   -6.076929E+0   -3.582757E-1   -8.214252E-3   
1.855318E+3   -2.731500E+2   -2.731500E+2   -2.731500E+2   0.000000E+0   0.000000E+0   0.000000E+0   -3.099972E+3   -3.099972E+3   -3.567204E+2   -6.035593E+0   -3.603688E-1   -8.158332E-3   
1.862781E+3   -2.731500E+2   -2.731500E+2   -2.731500E+2   0.000000E+0   0.000000E+0   0.000000E+0   -3.200119E+3   -3.200119E+3   -3.586217E+2   -5.994257E+0   -3.622947E-1   -8.102411E-3   
1.870244E+3   -2.731500E+2   -2.731500E+2   -2.731500E+2   0.000000E+0   0.000000E+0   0.000000E+0   -3.300070E+3   -3.300070E+3   -3.603831E+2   -5.952912E+0   -3.640794E-1   -8.046479E-3   
1.877707E+3   -2.731500E+2   -2.731500E+2   -2.731500E+2   0.000000E+0   0.000000E+0   0.000000E+0   -3.400056E+3   -3.400056E+3   -3.619707E+2   -5.952912E+0   -3.656886E-1   -8.046453E-3   
1.885170E+3   -2.731500E+2   -2.731500E+2   -2.731500E+2   0.000000E+0   0.000000E+0   0.000000E+0   -3.500061E+3   -3.500061E+3   -3.634093E+2   -5.911576E+0   -3.671473E-1   -7.990533E-3   
1.892631E+3   -2.731500E+2   -2.731500E+2   -2.731500E+2   0.000000E+0   0.000000E+0   0.000000E+0   -3.600137E+3   -3.600137E+3   -3.647397E+2   -5.903307E+0   -3.684969E-1   -7.979325E-3   
1.900106E+3   -2.731500E+2   -2.731500E+2   -2.731500E+2   0.000000E+0   0.000000E+0   0.000000E+0   -3.700052E+3   -3.700052E+3   -3.659387E+2   -5.870231E+0   -3.697137E-1   -7.934575E-3   
1.907569E+3   -2.731500E+2   -2.731500E+2   -2.731500E+2   0.000000E+0   0.000000E+0   0.000000E+0   -3.799967E+3   -3.799967E+3   -3.670554E+2   -5.870231E+0   -3.708473E-1   -7.934548E-3   
1.915031E+3   -2.731500E+2   -2.731500E+2   -2.731500E+2   0.000000E+0   0.000000E+0   0.000000E+0   -3.900204E+3   -3.900204E+3   -3.680888E+2   -5.828895E+0   -3.718970E-1   -7.878628E-3   
1.922494E+3   -2.731500E+2   -2.731500E+2   -2.731500E+2   0.000000E+0   0.000000E+0   0.000000E+0   -4.000029E+3   -4.000029E+3   -3.689982E+2   -5.787559E+0   -3.728214E-1   -7.822708E-3   
1.929956E+3   -2.731500E+2   -2.731500E+2   -2.731500E+2   0.000000E+0   0.000000E+0   0.000000E+0   -4.099998E+3   -4.099998E+3   -3.698660E+2   -5.787559E+0   -3.737038E-1   -7.822682E-3   
1.937419E+3   -2.731500E+2   -2.731500E+2   -2.731500E+2   0.000000E+0   0.000000E+0   0.000000E+0   -4.200253E+3   -4.200253E+3   -3.706515E+2   -5.787559E+0   -3.745031E-1   -7.822655E-3   
1.944882E+3   -2.731500E+2   -2.731500E+2   -2.731500E+2   0.000000E+0   0.000000E+0   0.000000E+0   -4.300114E+3   -4.300114E+3   -3.713953E+2   -5.746214E+0   -3.752604E-1   -7.766723E-3   
1.952350E+3   -2.731500E+2   -2.731500E+2   -2.731500E+2   0.000000E+0   0.000000E+0   0.000000E+0   -4.400047E+3   -4.400047E+3   -3.720568E+2   -5.746214E+0   -3.759345E-1   -7.766697E-3   
1.959814E+3   -2.731500E+2   -2.731500E+2   -2.731500E+2   0.000000E+0   0.000000E+0   0.000000E+0   -4.500069E+3   -4.500069E+3   -3.727183E+2   -5.704878E+0   -3.766086E-1   -7.710777E-3   
1.967275E+3   -2.731500E+2   -2.731500E+2   -2.731500E+2   0.000000E+0   0.000000E+0   0.000000E+0   -4.600234E+3   -4.600234E+3   -3.733140E+2   -5.704878E+0   -3.772163E-1   -7.710751E-3   
1.974737E+3   -2.731500E+2   -2.731500E+2   -2.731500E+2   0.000000E+0   0.000000E+0   0.000000E+0   -4.700042E+3   -4.700042E+3   -3.738765E+2   -5.704878E+0   -3.777904E-1   -7.710725E-3   
1.982199E+3   -2.731500E+2   -2.731500E+2   -2.731500E+2   0.000000E+0   0.000000E+0   0.000000E+0   -4.800100E+3   -4.800100E+3   -3.743724E+2   -5.663542E+0   -3.782973E-1   -7.654804E-3   
1.989662E+3   -2.731500E+2   -2.731500E+2   -2.731500E+2   0.000000E+0   0.000000E+0   0.000000E+0   -4.900176E+3   -4.900176E+3   -3.748683E+2   -5.622197E+0   -3.788042E-1   -7.598872E-3   
1.997126E+3   -2.731500E+2   -2.731500E+2   -2.731500E+2   0.000000E+0   0.000000E+0   0.000000E+0   -5.000163E+3   -5.000163E+3   -3.753226E+2   -5.622197E+0   -3.792691E-1   -7.598846E-3   
2.004587E+3   -2.731500E+2   -2.731500E+2   -2.731500E+2   0.000000E+0   0.000000E+0   0.000000E+0   -5.100042E+3   -5.100042E+3   -3.757777E+2   -5.580861E+0   -3.797349E-1   -7.542926E-3   
2.012049E+3   -2.731500E+2   -2.731500E+2   -2.731500E+2   0.000000E+0   0.000000E+0   0.000000E+0   -5.200118E+3   -5.200118E+3   -3.761497E+2   -5.580861E+0   -3.801166E-1   -7.542899E-3   
2.019511E+3   -2.731500E+2   -2.731500E+2   -2.731500E+2   0.000000E+0   0.000000E+0   0.000000E+0   -5.300176E+3   -5.300176E+3   -3.765632E+2   -5.580861E+0   -3.805404E-1   -7.542873E-3   
2.026973E+3   -2.731500E+2   -2.731500E+2   -2.731500E+2   0.000000E+0   0.000000E+0   0.000000E+0   -5.400055E+3   -5.400055E+3   -3.769351E+2   -5.539516E+0   -3.809221E-1   -7.486941E-3   
2.034434E+3   -2.731500E+2   -2.731500E+2   -2.731500E+2   0.000000E+0   0.000000E+0   0.000000E+0   -5.500077E+3   -5.500077E+3   -3.772663E+2   -5.539516E+0   -3.812627E-1   -7.486915E-3   
2.041897E+3   -2.731500E+2   -2.731500E+2   -2.731500E+2   0.000000E+0   0.000000E+0   0.000000E+0   -5.600100E+3   -5.600100E+3   -3.775966E+2   -5.498180E+0   -3.816024E-1   -7.430995E-3   
2.049359E+3   -2.731500E+2   -2.731500E+2   -2.731500E+2   0.000000E+0   0.000000E+0   0.000000E+0   -5.700086E+3   -5.700086E+3   -3.778862E+2   -5.498180E+0   -3.819009E-1   -7.430969E-3   
2.056822E+3   -2.731500E+2   -2.731500E+2   -2.731500E+2   0.000000E+0   0.000000E+0   0.000000E+0   -5.800090E+3   -5.800090E+3   -3.781757E+2   -5.498180E+0   -3.821995E-1   -7.430942E-3   
2.064283E+3   -2.731500E+2   -2.731500E+2   -2.731500E+2   0.000000E+0   0.000000E+0   0.000000E+0   -5.900041E+3   -5.900041E+3   -3.784644E+2   -5.498180E+0   -3.824972E-1   -7.430916E-3   
2.071744E+3   -2.731500E+2   -2.731500E+2   -2.731500E+2   0.000000E+0   0.000000E+0   0.000000E+0   -6.000063E+3   -6.000063E+3   -3.787540E+2   -5.456843E+0   -3.827957E-1   -7.374996E-3   
2.079206E+3   -2.731500E+2   -2.731500E+2   -2.731500E+2   0.000000E+0   0.000000E+0   0.000000E+0   -6.100175E+3   -6.100175E+3   -3.790019E+2   -5.456843E+0   -3.830523E-1   -7.374970E-3   
2.086669E+3   -2.731500E+2   -2.731500E+2   -2.731500E+2   0.000000E+0   0.000000E+0   0.000000E+0   -6.199929E+3   -6.199929E+3   -3.792499E+2   -5.415499E+0   -3.833088E-1   -7.319038E-3   
2.094130E+3   -2.731500E+2   -2.731500E+2   -2.731500E+2   0.000000E+0   0.000000E+0   0.000000E+0   -6.300202E+3   -6.300202E+3   -3.794978E+2   -5.415499E+0   -3.835654E-1   -7.319012E-3   
2.101605E+3   -2.731500E+2   -2.731500E+2   -2.731500E+2   0.000000E+0   0.000000E+0   0.000000E+0   -6.399974E+3   -6.399974E+3   -3.797050E+2   -5.415499E+0   -3.837808E-1   -7.318986E-3   
2.109064E+3   -2.731500E+2   -2.731500E+2   -2.731500E+2   0.000000E+0   0.000000E+0   0.000000E+0   -6.499942E+3   -6.499942E+3   -3.799114E+2   -5.415499E+0   -3.839953E-1   -7.318959E-3   
2.116527E+3   -2.731500E+2   -2.731500E+2   -2.731500E+2   0.000000E+0   0.000000E+0   0.000000E+0   -6.600161E+3   -6.600161E+3   -3.801186E+2   -5.374162E+0   -3.842107E-1   -7.263039E-3   
2.123987E+3   -2.731500E+2   -2.731500E+2   -2.731500E+2   0.000000E+0   0.000000E+0   0.000000E+0   -6.700112E+3   -6.700112E+3   -3.802833E+2   -5.374162E+0   -3.843833E-1   -7.263013E-3   
2.131449E+3   -2.731500E+2   -2.731500E+2   -2.731500E+2   0.000000E+0   0.000000E+0   0.000000E+0   -6.799991E+3   -6.799991E+3   -3.804905E+2   -5.332826E+0   -3.845987E-1   -7.207093E-3   
2.138912E+3   -2.731500E+2   -2.731500E+2   -2.731500E+2   0.000000E+0   0.000000E+0   0.000000E+0   -6.900067E+3   -6.900067E+3   -3.806561E+2   -5.332826E+0   -3.847720E-1   -7.207066E-3   
2.146375E+3   -2.731500E+2   -2.731500E+2   -2.731500E+2   0.000000E+0   0.000000E+0   0.000000E+0   -7.000107E+3   -7.000107E+3   -3.808374E+2   -5.291481E+0   -3.849614E-1   -7.151134E-3   
2.153837E+3   -2.731500E+2   -2.731500E+2   -2.731500E+2   0.000000E+0   0.000000E+0   0.000000E+0   -7.100005E+3   -7.100005E+3   -3.809864E+2   -5.291481E+0   -3.851179E-1   -7.151108E-3   
2.161301E+3   -2.731500E+2   -2.731500E+2   -2.731500E+2   0.000000E+0   0.000000E+0   0.000000E+0   -7.200116E+3   -7.200116E+3   -3.811520E+2   -5.291481E+0   -3.852913E-1   -7.151082E-3   
2.168774E+3   -2.731500E+2   -2.731500E+2   -2.731500E+2   0.000000E+0   0.000000E+0   0.000000E+0   -7.300067E+3   -7.300067E+3   -3.813176E+2   -5.291481E+0   -3.854647E-1   -7.151056E-3   
2.176235E+3   -2.731500E+2   -2.731500E+2   -2.731500E+2   0.000000E+0   0.000000E+0   0.000000E+0   -7.400107E+3   -7.400107E+3   -3.814415E+2   -5.250128E+0   -3.855961E-1   -7.095112E-3   
2.183698E+3   -2.731500E+2   -2.731500E+2   -2.731500E+2   0.000000E+0   0.000000E+0   0.000000E+0   -7.500040E+3   -7.500040E+3   -3.815899E+2   -5.250128E+0   -3.857522E-1   -7.095086E-3   
2.191161E+3   -2.731500E+2   -2.731500E+2   -2.731500E+2   0.000000E+0   0.000000E+0   0.000000E+0   -7.600044E+3   -7.600044E+3   -3.817302E+2   -5.250128E+0   -3.859000E-1   -7.095060E-3   
2.198623E+3   -2.731500E+2   -2.731500E+2   -2.731500E+2   0.000000E+0   0.000000E+0   0.000000E+0   -7.700067E+3   -7.700067E+3   -3.818460E+2   -5.208783E+0   -3.860231E-1   -7.039128E-3   
2.206084E+3   -2.731500E+2   -2.731500E+2   -2.731500E+2   0.000000E+0   0.000000E+0   0.000000E+0   -7.800160E+3   -7.800160E+3   -3.819624E+2   -5.208783E+0   -3.861468E-1   -7.039102E-3   
2.213547E+3   -2.731500E+2   -2.731500E+2   -2.731500E+2   0.000000E+0   0.000000E+0   0.000000E+0   -7.900022E+3   -7.900022E+3   -3.821030E+2   -5.208783E+0   -3.862950E-1   -7.039075E-3   
2.221009E+3   -2.731500E+2   -2.731500E+2   -2.731500E+2   0.000000E+0   0.000000E+0   0.000000E+0   -8.000151E+3   -8.000151E+3   -3.822270E+2   -5.208783E+0   -3.864264E-1   -7.039049E-3   
2.229610E+3   -2.731500E+2   -2.731500E+2   -2.731500E+2   0.000000E+0   0.000000E+0   0.000000E+0   -7.899879E+3   -7.899879E+3   -3.821030E+2   -5.208783E+0   -3.862950E-1   -7.039075E-3   
2.237074E+3   -2.731500E+2   -2.731500E+2   -2.731500E+2   0.000000E+0   0.000000E+0   0.000000E+0   -7.799892E+3   -7.799892E+3   -3.819790E+2   -5.208783E+0   -3.861636E-1   -7.039102E-3   
2.244537E+3   -2.731500E+2   -2.731500E+2   -2.731500E+2   0.000000E+0   0.000000E+0   0.000000E+0   -7.700031E+3   -7.700031E+3   -3.818542E+2   -5.208783E+0   -3.860314E-1   -7.039128E-3   
2.252001E+3   -2.731500E+2   -2.731500E+2   -2.731500E+2   0.000000E+0   0.000000E+0   0.000000E+0   -7.599883E+3   -7.599883E+3   -3.817302E+2   -5.250128E+0   -3.859000E-1   -7.095060E-3   
2.259462E+3   -2.731500E+2   -2.731500E+2   -2.731500E+2   0.000000E+0   0.000000E+0   0.000000E+0   -7.500004E+3   -7.500004E+3   -3.816062E+2   -5.250128E+0   -3.857686E-1   -7.095086E-3   
2.266924E+3   -2.731500E+2   -2.731500E+2   -2.731500E+2   0.000000E+0   0.000000E+0   0.000000E+0   -7.400036E+3   -7.400036E+3   -3.814823E+2   -5.250128E+0   -3.856372E-1   -7.095112E-3   
2.274386E+3   -2.731500E+2   -2.731500E+2   -2.731500E+2   0.000000E+0   0.000000E+0   0.000000E+0   -7.300085E+3   -7.300085E+3   -3.813583E+2   -5.291481E+0   -3.855059E-1   -7.151056E-3   
2.281852E+3   -2.731500E+2   -2.731500E+2   -2.731500E+2   0.000000E+0   0.000000E+0   0.000000E+0   -7.199830E+3   -7.199830E+3   -3.811936E+2   -5.291481E+0   -3.853333E-1   -7.151082E-3   
2.289315E+3   -2.731500E+2   -2.731500E+2   -2.731500E+2   0.000000E+0   0.000000E+0   0.000000E+0   -7.099861E+3   -7.099861E+3   -3.810687E+2   -5.291481E+0   -3.852011E-1   -7.151108E-3   
2.296778E+3   -2.731500E+2   -2.731500E+2   -2.731500E+2   0.000000E+0   0.000000E+0   0.000000E+0   -6.999911E+3   -6.999911E+3   -3.808874E+2   -5.291481E+0   -3.850118E-1   -7.151134E-3   
2.304241E+3   -2.731500E+2   -2.731500E+2   -2.731500E+2   0.000000E+0   0.000000E+0   0.000000E+0   -6.899888E+3   -6.899888E+3   -3.807301E+2   -5.332826E+0   -3.848468E-1   -7.207066E-3   
2.311704E+3   -2.731500E+2   -2.731500E+2   -2.731500E+2   0.000000E+0   0.000000E+0   0.000000E+0   -6.799884E+3   -6.799884E+3   -3.805647E+2   -5.332826E+0   -3.846736E-1   -7.207093E-3   
2.319165E+3   -2.731500E+2   -2.731500E+2   -2.731500E+2   0.000000E+0   0.000000E+0   0.000000E+0   -6.699951E+3   -6.699951E+3   -3.803665E+2   -5.357628E+0   -3.844673E-1   -7.240655E-3   
2.326627E+3   -2.731500E+2   -2.731500E+2   -2.731500E+2   0.000000E+0   0.000000E+0   0.000000E+0   -6.599965E+3   -6.599965E+3   -3.802009E+2   -5.374162E+0   -3.842939E-1   -7.263039E-3   
2.334089E+3   -2.731500E+2   -2.731500E+2   -2.731500E+2   0.000000E+0   0.000000E+0   0.000000E+0   -6.499871E+3   -6.499871E+3   -3.799946E+2   -5.382430E+0   -3.840794E-1   -7.274244E-3   
2.341549E+3   -2.731500E+2   -2.731500E+2   -2.731500E+2   0.000000E+0   0.000000E+0   0.000000E+0   -6.399902E+3   -6.399902E+3   -3.797874E+2   -5.415499E+0   -3.838639E-1   -7.318986E-3   
2.349010E+3   -2.731500E+2   -2.731500E+2   -2.731500E+2   0.000000E+0   0.000000E+0   0.000000E+0   -6.299934E+3   -6.299934E+3   -3.795394E+2   -5.415499E+0   -3.836074E-1   -7.319012E-3   
2.356472E+3   -2.731500E+2   -2.731500E+2   -2.731500E+2   0.000000E+0   0.000000E+0   0.000000E+0   -6.199911E+3   -6.199911E+3   -3.793331E+2   -5.415499E+0   -3.833929E-1   -7.319038E-3   
2.363933E+3   -2.731500E+2   -2.731500E+2   -2.731500E+2   0.000000E+0   0.000000E+0   0.000000E+0   -6.099925E+3   -6.099925E+3   -3.790852E+2   -5.415499E+0   -3.831363E-1   -7.319064E-3   
2.371397E+3   -2.731500E+2   -2.731500E+2   -2.731500E+2   0.000000E+0   0.000000E+0   0.000000E+0   -5.999992E+3   -5.999992E+3   -3.788372E+2   -5.456843E+0   -3.828798E-1   -7.374996E-3   
2.378858E+3   -2.731500E+2   -2.731500E+2   -2.731500E+2   0.000000E+0   0.000000E+0   0.000000E+0   -5.899880E+3   -5.899880E+3   -3.785476E+2   -5.456843E+0   -3.825812E-1   -7.375022E-3   
2.386323E+3   -2.731500E+2   -2.731500E+2   -2.731500E+2   0.000000E+0   0.000000E+0   0.000000E+0   -5.800001E+3   -5.800001E+3   -3.782581E+2   -5.498180E+0   -3.822826E-1   -7.430942E-3   
2.393783E+3   -2.731500E+2   -2.731500E+2   -2.731500E+2   0.000000E+0   0.000000E+0   0.000000E+0   -5.699943E+3   -5.699943E+3   -3.779685E+2   -5.498180E+0   -3.819841E-1   -7.430969E-3   
2.401296E+3   -2.731500E+2   -2.731500E+2   -2.731500E+2   0.000000E+0   0.000000E+0   0.000000E+0   -5.599974E+3   -5.599974E+3   -3.776790E+2   -5.498180E+0   -3.816855E-1   -7.430995E-3   
2.408758E+3   -2.731500E+2   -2.731500E+2   -2.731500E+2   0.000000E+0   0.000000E+0   0.000000E+0   -5.499916E+3   -5.499916E+3   -3.773487E+2   -5.506447E+0   -3.813458E-1   -7.442200E-3   
2.416221E+3   -2.731500E+2   -2.731500E+2   -2.731500E+2   0.000000E+0   0.000000E+0   0.000000E+0   -5.399948E+3   -5.399948E+3   -3.770175E+2   -5.539516E+0   -3.810052E-1   -7.486941E-3   
2.423684E+3   -2.731500E+2   -2.731500E+2   -2.731500E+2   0.000000E+0   0.000000E+0   0.000000E+0   -5.299997E+3   -5.299997E+3   -3.766456E+2   -5.580861E+0   -3.806235E-1   -7.542873E-3   
2.431145E+3   -2.731500E+2   -2.731500E+2   -2.731500E+2   0.000000E+0   0.000000E+0   0.000000E+0   -5.199939E+3   -5.199939E+3   -3.762736E+2   -5.580861E+0   -3.802418E-1   -7.542899E-3   
2.438608E+3   -2.731500E+2   -2.731500E+2   -2.731500E+2   0.000000E+0   0.000000E+0   0.000000E+0   -5.099917E+3   -5.099917E+3   -3.758601E+2   -5.580861E+0   -3.798180E-1   -7.542926E-3   
2.446070E+3   -2.731500E+2   -2.731500E+2   -2.731500E+2   0.000000E+0   0.000000E+0   0.000000E+0   -5.000019E+3   -5.000019E+3   -3.754058E+2   -5.580861E+0   -3.793531E-1   -7.542952E-3   
2.453533E+3   -2.731500E+2   -2.731500E+2   -2.731500E+2   0.000000E+0   0.000000E+0   0.000000E+0   -4.900015E+3   -4.900015E+3   -3.749425E+2   -5.622197E+0   -3.788792E-1   -7.598872E-3   
2.460996E+3   -2.731500E+2   -2.731500E+2   -2.731500E+2   0.000000E+0   0.000000E+0   0.000000E+0   -4.799903E+3   -4.799903E+3   -3.744548E+2   -5.638735E+0   -3.783805E-1   -7.621261E-3   
2.468461E+3   -2.731500E+2   -2.731500E+2   -2.731500E+2   0.000000E+0   0.000000E+0   0.000000E+0   -4.699971E+3   -4.699971E+3   -3.739589E+2   -5.663542E+0   -3.778736E-1   -7.654830E-3   
2.475928E+3   -2.731500E+2   -2.731500E+2   -2.731500E+2   0.000000E+0   0.000000E+0   0.000000E+0   -4.600091E+3   -4.600091E+3   -3.733798E+2   -5.704878E+0   -3.772827E-1   -7.710751E-3   
2.483391E+3   -2.731500E+2   -2.731500E+2   -2.731500E+2   0.000000E+0   0.000000E+0   0.000000E+0   -4.499819E+3   -4.499819E+3   -3.728015E+2   -5.704878E+0   -3.766926E-1   -7.710777E-3   
2.490853E+3   -2.731500E+2   -2.731500E+2   -2.731500E+2   0.000000E+0   0.000000E+0   0.000000E+0   -4.399904E+3   -4.399904E+3   -3.721400E+2   -5.704878E+0   -3.760185E-1   -7.710803E-3   
2.498316E+3   -2.731500E+2   -2.731500E+2   -2.731500E+2   0.000000E+0   0.000000E+0   0.000000E+0   -4.300024E+3   -4.300024E+3   -3.714785E+2   -5.746214E+0   -3.753444E-1   -7.766723E-3   
2.505788E+3   -2.731500E+2   -2.731500E+2   -2.731500E+2   0.000000E+0   0.000000E+0   0.000000E+0   -4.199984E+3   -4.199984E+3   -3.707347E+2   -5.746214E+0   -3.745871E-1   -7.766749E-3   
2.513251E+3   -2.731500E+2   -2.731500E+2   -2.731500E+2   0.000000E+0   0.000000E+0   0.000000E+0   -4.099980E+3   -4.099980E+3   -3.699492E+2   -5.787559E+0   -3.737879E-1   -7.822682E-3   
2.520712E+3   -2.731500E+2   -2.731500E+2   -2.731500E+2   0.000000E+0   0.000000E+0   0.000000E+0   -4.000011E+3   -4.000011E+3   -3.690806E+2   -5.787559E+0   -3.729046E-1   -7.822708E-3   
2.528175E+3   -2.731500E+2   -2.731500E+2   -2.731500E+2   0.000000E+0   0.000000E+0   0.000000E+0   -3.899989E+3   -3.899989E+3   -3.681295E+2   -5.787559E+0   -3.719381E-1   -7.822734E-3   
2.535637E+3   -2.731500E+2   -2.731500E+2   -2.731500E+2   0.000000E+0   0.000000E+0   0.000000E+0   -3.799806E+3   -3.799806E+3   -3.671377E+2   -5.828895E+0   -3.709305E-1   -7.878654E-3   
2.543101E+3   -2.731500E+2   -2.731500E+2   -2.731500E+2   0.000000E+0   0.000000E+0   0.000000E+0   -3.699909E+3   -3.699909E+3   -3.660220E+2   -5.870231E+0   -3.697977E-1   -7.934575E-3   
2.550562E+3   -2.731500E+2   -2.731500E+2   -2.731500E+2   0.000000E+0   0.000000E+0   0.000000E+0   -3.599886E+3   -3.599886E+3   -3.648230E+2   -5.870231E+0   -3.685809E-1   -7.934601E-3   
2.558026E+3   -2.731500E+2   -2.731500E+2   -2.731500E+2   0.000000E+0   0.000000E+0   0.000000E+0   -3.499936E+3   -3.499936E+3   -3.635000E+2   -5.870231E+0   -3.672389E-1   -7.934627E-3   
2.565500E+3   -2.731500E+2   -2.731500E+2   -2.731500E+2   0.000000E+0   0.000000E+0   0.000000E+0   -3.399931E+3   -3.399931E+3   -3.620531E+2   -5.911576E+0   -3.657717E-1   -7.990559E-3   
2.572963E+3   -2.731500E+2   -2.731500E+2   -2.731500E+2   0.000000E+0   0.000000E+0   0.000000E+0   -3.299837E+3   -3.299837E+3   -3.604821E+2   -5.952912E+0   -3.641794E-1   -8.046479E-3   
2.580425E+3   -2.731500E+2   -2.731500E+2   -2.731500E+2   0.000000E+0   0.000000E+0   0.000000E+0   -3.199905E+3   -3.199905E+3   -3.587456E+2   -5.952912E+0   -3.624198E-1   -8.046505E-3   
2.587888E+3   -2.731500E+2   -2.731500E+2   -2.731500E+2   0.000000E+0   0.000000E+0   0.000000E+0   -3.099936E+3   -3.099936E+3   -3.568852E+2   -5.994257E+0   -3.605351E-1   -8.102438E-3   
2.595348E+3   -2.731500E+2   -2.731500E+2   -2.731500E+2   0.000000E+0   0.000000E+0   0.000000E+0   -2.999842E+3   -2.999842E+3   -3.548021E+2   -6.035593E+0   -3.584256E-1   -8.158358E-3   
2.602810E+3   -2.731500E+2   -2.731500E+2   -2.731500E+2   0.000000E+0   0.000000E+0   0.000000E+0   -2.899927E+3   -2.899927E+3   -3.525697E+2   -6.076929E+0   -3.561653E-1   -8.214278E-3   
2.610271E+3   -2.731500E+2   -2.731500E+2   -2.731500E+2   0.000000E+0   0.000000E+0   0.000000E+0   -2.800084E+3   -2.800084E+3   -3.501472E+2   -6.076929E+0   -3.537132E-1   -8.214304E-3   
2.617734E+3   -2.731500E+2   -2.731500E+2   -2.731500E+2   0.000000E+0   0.000000E+0   0.000000E+0   -2.699775E+3   -2.699775E+3   -3.475845E+2   -6.118274E+0   -3.511194E-1   -8.270237E-3   
2.625196E+3   -2.731500E+2   -2.731500E+2   -2.731500E+2   0.000000E+0   0.000000E+0   0.000000E+0   -2.599986E+3   -2.599986E+3   -3.448313E+2   -6.159610E+0   -3.483333E-1   -8.326157E-3   
2.632659E+3   -2.731500E+2   -2.731500E+2   -2.731500E+2   0.000000E+0   0.000000E+0   0.000000E+0   -2.499999E+3   -2.499999E+3   -3.418958E+2   -6.200947E+0   -3.453631E-1   -8.382077E-3   
2.640121E+3   -2.731500E+2   -2.731500E+2   -2.731500E+2   0.000000E+0   0.000000E+0   0.000000E+0   -2.399905E+3   -2.399905E+3   -3.388205E+2   -6.242291E+0   -3.422519E-1   -8.438009E-3   
2.647585E+3   -2.731500E+2   -2.731500E+2   -2.731500E+2   0.000000E+0   0.000000E+0   0.000000E+0   -2.299901E+3   -2.299901E+3   -3.355530E+2   -6.283628E+0   -3.389464E-1   -8.493930E-3   
2.655046E+3   -2.731500E+2   -2.731500E+2   -2.731500E+2   0.000000E+0   0.000000E+0   0.000000E+0   -2.200022E+3   -2.200022E+3   -3.320809E+2   -6.324972E+0   -3.354344E-1   -8.549862E-3   
2.662509E+3   -2.731500E+2   -2.731500E+2   -2.731500E+2   0.000000E+0   0.000000E+0   0.000000E+0   -2.099946E+3   -2.099946E+3   -3.285255E+2   -6.366309E+0   -3.318384E-1   -8.605782E-3   
2.669970E+3   -2.731500E+2   -2.731500E+2   -2.731500E+2   0.000000E+0   0.000000E+0   0.000000E+0   -1.999780E+3   -1.999780E+3   -3.247222E+2   -6.448990E+0   -3.279920E-1   -8.717609E-3   
2.677483E+3   -2.731500E+2   -2.731500E+2   -2.731500E+2   0.000000E+0   0.000000E+0   0.000000E+0   -1.899883E+3   -1.899883E+3   -3.207125E+2   -6.490326E+0   -3.239372E-1   -8.773529E-3   
2.684956E+3   -2.731500E+2   -2.731500E+2   -2.731500E+2   0.000000E+0   0.000000E+0   0.000000E+0   -1.800111E+3   -1.800111E+3   -3.165373E+2   -6.531662E+0   -3.197153E-1   -8.829449E-3   
2.692420E+3   -2.731500E+2   -2.731500E+2   -2.731500E+2   0.000000E+0   0.000000E+0   0.000000E+0   -1.699892E+3   -1.699892E+3   -3.121141E+2   -6.655679E+0   -3.152430E-1   -8.997170E-3   
2.699881E+3   -2.731500E+2   -2.731500E+2   -2.731500E+2   0.000000E+0   0.000000E+0   0.000000E+0   -1.599906E+3   -1.599906E+3   -3.074838E+2   -6.697024E+0   -3.105615E-1   -9.053102E-3   
2.707345E+3   -2.731500E+2   -2.731500E+2   -2.731500E+2   0.000000E+0   0.000000E+0   0.000000E+0   -1.499937E+3   -1.499937E+3   -3.026054E+2   -6.738360E+0   -3.056297E-1   -9.109022E-3   
2.714808E+3   -2.731500E+2   -2.731500E+2   -2.731500E+2   0.000000E+0   0.000000E+0   0.000000E+0   -1.400004E+3   -1.400004E+3   -2.974301E+2   -6.821041E+0   -3.003979E-1   -9.220849E-3   
2.722269E+3   -2.731500E+2   -2.731500E+2   -2.731500E+2   0.000000E+0   0.000000E+0   0.000000E+0   -1.299964E+3   -1.299964E+3   -2.918579E+2   -6.903722E+0   -2.947654E-1   -9.332675E-3   
2.729732E+3   -2.731500E+2   -2.731500E+2   -2.731500E+2   0.000000E+0   0.000000E+0   0.000000E+0   -1.199906E+3   -1.199906E+3   -2.859461E+2   -6.986395E+0   -2.887902E-1   -9.444490E-3   
2.737194E+3   -2.731500E+2   -2.731500E+2   -2.731500E+2   0.000000E+0   0.000000E+0   0.000000E+0   -1.100009E+3   -1.100009E+3   -2.795792E+2   -7.027739E+0   -2.823553E-1   -9.500422E-3   
2.744670E+3   -2.731500E+2   -2.731500E+2   -2.731500E+2   0.000000E+0   0.000000E+0   0.000000E+0   -9.999331E+2   -9.999331E+2   -2.725934E+2   -7.110420E+0   -2.752955E-1   -9.612248E-3   
2.753222E+3   -2.731500E+2   -2.731500E+2   -2.731500E+2   0.000000E+0   0.000000E+0   0.000000E+0   -9.498415E+2   -9.498415E+2   -2.688724E+2   -7.135222E+0   -2.715353E-1   -9.645798E-3   
2.760688E+3   -2.731500E+2   -2.731500E+2   -2.731500E+2   0.000000E+0   0.000000E+0   0.000000E+0   -9.000181E+2   -9.000181E+2   -2.649867E+2   -7.151757E+0   -2.676089E-1   -9.668168E-3   
2.768151E+3   -2.731500E+2   -2.731500E+2   -2.731500E+2   0.000000E+0   0.000000E+0   0.000000E+0   -8.498550E+2   -8.498550E+2   -2.608448E+2   -7.193093E+0   -2.634236E-1   -9.724076E-3   
2.775611E+3   -2.731500E+2   -2.731500E+2   -2.731500E+2   0.000000E+0   0.000000E+0   0.000000E+0   -8.000852E+2   -8.000852E+2   -2.564299E+2   -7.193093E+0   -2.589629E-1   -9.724089E-3   
2.783071E+3   -2.731500E+2   -2.731500E+2   -2.731500E+2   0.000000E+0   0.000000E+0   0.000000E+0   -7.499757E+2   -7.499757E+2   -2.517996E+2   -7.193093E+0   -2.542845E-1   -9.724102E-3   
2.790534E+3   -2.731500E+2   -2.731500E+2   -2.731500E+2   0.000000E+0   0.000000E+0   0.000000E+0   -7.000987E+2   -7.000987E+2   -2.468139E+2   -7.193093E+0   -2.492474E-1   -9.724115E-3   
2.797997E+3   -2.731500E+2   -2.731500E+2   -2.731500E+2   0.000000E+0   0.000000E+0   0.000000E+0   -6.497925E+2   -6.497925E+2   -2.414230E+2   -7.151757E+0   -2.438011E-1   -9.668234E-3   
2.805458E+3   -2.731500E+2   -2.731500E+2   -2.731500E+2   0.000000E+0   0.000000E+0   0.000000E+0   -5.999691E+2   -5.999691E+2   -2.356361E+2   -7.110420E+0   -2.379550E-1   -9.612353E-3   
2.812921E+3   -2.731500E+2   -2.731500E+2   -2.731500E+2   0.000000E+0   0.000000E+0   0.000000E+0   -5.498418E+2   -5.498418E+2   -2.293525E+2   -7.069076E+0   -2.316072E-1   -9.556460E-3   
2.820383E+3   -2.731500E+2   -2.731500E+2   -2.731500E+2   0.000000E+0   0.000000E+0   0.000000E+0   -5.000542E+2   -5.000542E+2   -2.224490E+2   -6.986395E+0   -2.246337E-1   -9.444672E-3   
2.827846E+3   -2.731500E+2   -2.731500E+2   -2.731500E+2   0.000000E+0   0.000000E+0   0.000000E+0   -4.499268E+2   -4.499268E+2   -2.148423E+2   -6.862377E+0   -2.169501E-1   -9.276991E-3   
2.835307E+3   -2.731500E+2   -2.731500E+2   -2.731500E+2   0.000000E+0   0.000000E+0   0.000000E+0   -3.998888E+2   -3.998888E+2   -2.063761E+2   -6.697024E+0   -2.083986E-1   -9.053415E-3   
2.842768E+3   -2.731500E+2   -2.731500E+2   -2.731500E+2   0.000000E+0   0.000000E+0   0.000000E+0   -3.499939E+2   -3.499939E+2   -1.968266E+2   -6.490326E+0   -1.987534E-1   -8.773934E-3   
2.850230E+3   -2.731500E+2   -2.731500E+2   -2.731500E+2   0.000000E+0   0.000000E+0   0.000000E+0   -2.999023E+2   -2.999023E+2   -1.859877E+2   -6.242291E+0   -1.878062E-1   -8.438558E-3   
2.857693E+3   -2.731500E+2   -2.731500E+2   -2.731500E+2   0.000000E+0   0.000000E+0   0.000000E+0   -2.498822E+2   -2.498822E+2   -1.735027E+2   -5.870231E+0   -1.751971E-1   -7.935476E-3   
2.865154E+3   -2.731500E+2   -2.731500E+2   -2.731500E+2   0.000000E+0   0.000000E+0   0.000000E+0   -1.999694E+2   -1.999694E+2   -1.588677E+2   -5.498180E+0   -1.604170E-1   -7.432406E-3   
2.872616E+3   -2.731500E+2   -2.731500E+2   -2.731500E+2   0.000000E+0   0.000000E+0   0.000000E+0   -1.498599E+2   -1.498599E+2   -1.411750E+2   -4.919412E+0   -1.425496E-1   -6.649817E-3   
2.880077E+3   -2.731500E+2   -2.731500E+2   -2.731500E+2   0.000000E+0   0.000000E+0   0.000000E+0   -1.000545E+2   -1.000545E+2   -1.182978E+2   -4.133956E+0   -1.194473E-1   -5.587746E-3   
2.888532E+3   -2.731500E+2   -2.731500E+2   -2.731500E+2   0.000000E+0   0.000000E+0   0.000000E+0   -8.995031E+1   -8.995031E+1   -1.126009E+2   -3.968602E+0   -1.136945E-1   -5.364160E-3   
2.895894E+3   -2.731500E+2   -2.731500E+2   -2.731500E+2   0.000000E+0   0.000000E+0   0.000000E+0   -7.988191E+1   -7.988191E+1   -1.047960E+2   -3.555206E+0   -1.058134E-1   -4.805173E-3   
2.903268E+3   -2.731500E+2   -2.731500E+2   -2.731500E+2   0.000000E+0   0.000000E+0   0.000000E+0   -6.992081E+1   -6.992081E+1   -9.697477E+1   -3.224490E+0   -9.791559E-2   -4.357987E-3   
2.910630E+3   -2.731500E+2   -2.731500E+2   -2.731500E+2   0.000000E+0   0.000000E+0   0.000000E+0   -5.990607E+1   -5.990607E+1   -8.784718E+1   -2.852439E+0   -8.869883E-2   -3.854906E-3   
2.917993E+3   -2.731500E+2   -2.731500E+2   -2.731500E+2   0.000000E+0   0.000000E+0   0.000000E+0   -4.992709E+1   -4.992709E+1   -7.862786E+1   -2.521715E+0   -7.938945E-2   -3.407708E-3   
2.925355E+3   -2.731500E+2   -2.731500E+2   -2.731500E+2   0.000000E+0   0.000000E+0   0.000000E+0   -3.994811E+1   -3.994811E+1   -6.907849E+1   -2.232336E+0   -6.974683E-2   -3.016415E-3   
2.932718E+3   -2.731500E+2   -2.731500E+2   -2.731500E+2   0.000000E+0   0.000000E+0   0.000000E+0   -2.991548E+1   -2.991548E+1   -5.997550E+1   -1.901620E+0   -6.055491E-2   -2.569229E-3   
2.940079E+3   -2.731500E+2   -2.731500E+2   -2.731500E+2   0.000000E+0   0.000000E+0   0.000000E+0   -1.997227E+1   -1.997227E+1   -5.024424E+1   -1.570905E+0   -5.072864E-2   -2.122042E-3   
2.947442E+3   -2.731500E+2   -2.731500E+2   -2.731500E+2   0.000000E+0   0.000000E+0   0.000000E+0   -1.006482E+1   -1.006482E+1   -4.055410E+1   -1.198844E+0   -4.094387E-2   -1.618950E-3   
2.954806E+3   -2.731500E+2   -2.731500E+2   -2.731500E+2   0.000000E+0   0.000000E+0   0.000000E+0   -1.037242E-1   -1.037242E-1   -3.075670E+1   -8.681291E-1   -3.105081E-2   -1.171763E-3   
2.962218E+3   -2.731500E+2   -2.731500E+2   -2.731500E+2   0.000000E+0   0.000000E+0   0.000000E+0   1.007197E+1   1.007197E+1   -2.095912E+1   -4.547361E-1   -2.115756E-2   -6.127814E-4   
2.969581E+3   -2.731500E+2   -2.731500E+2   -2.731500E+2   0.000000E+0   0.000000E+0   0.000000E+0   1.990789E+1   1.990789E+1   -1.140976E+1   -1.240189E-1   -1.151494E-2   -1.655925E-4   
2.976993E+3   -2.731500E+2   -2.731500E+2   -2.731500E+2   0.000000E+0   0.000000E+0   0.000000E+0   3.008358E+1   3.008358E+1   -1.570905E+0   2.480379E-1   -1.580016E-3   3.374952E-4   
2.984356E+3   -2.731500E+2   -2.731500E+2   -2.731500E+2   0.000000E+0   0.000000E+0   0.000000E+0   3.999103E+1   3.999103E+1   7.978541E+0   5.374145E-1   8.062683E-3   7.287840E-4   
2.991716E+3   -2.731500E+2   -2.731500E+2   -2.731500E+2   0.000000E+0   0.000000E+0   0.000000E+0   5.009519E+1   5.009519E+1   1.752800E+1   9.094739E-1   1.770540E-2   1.231875E-3   
2.999079E+3   -2.731500E+2   -2.731500E+2   -2.731500E+2   0.000000E+0   0.000000E+0   0.000000E+0   6.007417E+1   6.007417E+1   2.695348E+1   1.240189E+0   2.722294E-2   1.679062E-3   
3.006440E+3   -2.731500E+2   -2.731500E+2   -2.731500E+2   0.000000E+0   0.000000E+0   0.000000E+0   7.001738E+1   7.001738E+1   3.637887E+1   1.612250E+0   3.674038E-2   2.182154E-3   
3.013751E+3   -2.731500E+2   -2.731500E+2   -2.731500E+2   0.000000E+0   0.000000E+0   0.000000E+0   8.010366E+1   8.010366E+1   4.547369E+1   1.901620E+0   4.592406E-2   2.573435E-3   
3.021111E+3   -2.731500E+2   -2.731500E+2   -2.731500E+2   0.000000E+0   0.000000E+0   0.000000E+0   8.995746E+1   8.995746E+1   5.432031E+1   2.190999E+0   5.485711E-2   2.964727E-3   
3.028525E+3   -2.731500E+2   -2.731500E+2   -2.731500E+2   0.000000E+0   0.000000E+0   0.000000E+0   1.000974E+2   1.000974E+2   6.333226E+1   2.521715E+0   6.395711E-2   3.411914E-3   
3.037076E+3   -2.731500E+2   -2.731500E+2   -2.731500E+2   0.000000E+0   0.000000E+0   0.000000E+0   1.500817E+2   1.500817E+2   1.035554E+2   3.637887E+0   1.045736E-1   4.921174E-3   
3.044538E+3   -2.731500E+2   -2.731500E+2   -2.731500E+2   0.000000E+0   0.000000E+0   0.000000E+0   1.999408E+2   1.999408E+2   1.335268E+2   4.588697E+0   1.348388E-1   6.206834E-3   
3.052001E+3   -2.731500E+2   -2.731500E+2   -2.731500E+2   0.000000E+0   0.000000E+0   0.000000E+0   2.499430E+2   2.499430E+2   1.555612E+2   5.374162E+0   1.570900E-1   7.268917E-3   
3.059465E+3   -2.731500E+2   -2.731500E+2   -2.731500E+2   0.000000E+0   0.000000E+0   0.000000E+0   3.000168E+2   3.000168E+2   1.726675E+2   5.870231E+0   1.743654E-1   7.939682E-3   
3.066929E+3   -2.731500E+2   -2.731500E+2   -2.731500E+2   0.000000E+0   0.000000E+0   0.000000E+0   3.501084E+2   3.501084E+2   1.864752E+2   6.283628E+0   1.883102E-1   8.498658E-3   
3.074394E+3   -2.731500E+2   -2.731500E+2   -2.731500E+2   0.000000E+0   0.000000E+0   0.000000E+0   4.000748E+2   4.000748E+2   1.980003E+2   6.564738E+0   1.999501E-1   8.878759E-3   
3.081855E+3   -2.731500E+2   -2.731500E+2   -2.731500E+2   0.000000E+0   0.000000E+0   0.000000E+0   4.500055E+2   4.500055E+2   2.079222E+2   6.779705E+0   2.099714E-1   9.169422E-3   
3.089318E+3   -2.731500E+2   -2.731500E+2   -2.731500E+2   0.000000E+0   0.000000E+0   0.000000E+0   5.001865E+2   5.001865E+2   2.166029E+2   6.903722E+0   2.187395E-1   9.337103E-3   
3.096779E+3   -2.731500E+2   -2.731500E+2   -2.731500E+2   0.000000E+0   0.000000E+0   0.000000E+0   5.499562E+2   5.499562E+2   2.243086E+2   7.027739E+0   2.265229E-1   9.504784E-3   
3.104196E+3   -2.731500E+2   -2.731500E+2   -2.731500E+2   0.000000E+0   0.000000E+0   0.000000E+0   5.999942E+2   5.999942E+2   2.312537E+2   7.110420E+0   2.335385E-1   9.616572E-3   
3.111657E+3   -2.731500E+2   -2.731500E+2   -2.731500E+2   0.000000E+0   0.000000E+0   0.000000E+0   6.499248E+2   6.499248E+2   2.375374E+2   7.193093E+0   2.398862E-1   9.728347E-3   
3.119120E+3   -2.731500E+2   -2.731500E+2   -2.731500E+2   0.000000E+0   0.000000E+0   0.000000E+0   7.002311E+2   7.002311E+2   2.433667E+2   7.193093E+0   2.457753E-1   9.728334E-3   
3.126581E+3   -2.731500E+2   -2.731500E+2   -2.731500E+2   0.000000E+0   0.000000E+0   0.000000E+0   7.501081E+2   7.501081E+2   2.486661E+2   7.201362E+0   2.511291E-1   9.739502E-3   
3.134044E+3   -2.731500E+2   -2.731500E+2   -2.731500E+2   0.000000E+0   0.000000E+0   0.000000E+0   8.001639E+2   8.001639E+2   2.536184E+2   7.193093E+0   2.561326E-1   9.728308E-3   
3.141505E+3   -2.731500E+2   -2.731500E+2   -2.731500E+2   0.000000E+0   0.000000E+0   0.000000E+0   8.500946E+2   8.500946E+2   2.582488E+2   7.193093E+0   2.608110E-1   9.728295E-3   
3.148968E+3   -2.731500E+2   -2.731500E+2   -2.731500E+2   0.000000E+0   0.000000E+0   0.000000E+0   9.001862E+2   9.001862E+2   2.626304E+2   7.193093E+0   2.652382E-1   9.728282E-3   
3.156427E+3   -2.731500E+2   -2.731500E+2   -2.731500E+2   0.000000E+0   0.000000E+0   0.000000E+0   9.500990E+2   9.500990E+2   2.667232E+2   7.193093E+0   2.693738E-1   9.728269E-3   
3.163892E+3   -2.731500E+2   -2.731500E+2   -2.731500E+2   0.000000E+0   0.000000E+0   0.000000E+0   9.999402E+2   9.999402E+2   2.706089E+2   7.151757E+0   2.733003E-1   9.672361E-3   
3.172444E+3   -2.731500E+2   -2.731500E+2   -2.731500E+2   0.000000E+0   0.000000E+0   0.000000E+0   1.100231E+3   1.100231E+3   2.778844E+2   7.069076E+0   2.806525E-1   9.560535E-3   
3.179906E+3   -2.731500E+2   -2.731500E+2   -2.731500E+2   0.000000E+0   0.000000E+0   0.000000E+0   1.200199E+3   1.200199E+3   2.844992E+2   6.986395E+0   2.873377E-1   9.448709E-3   
3.187368E+3   -2.731500E+2   -2.731500E+2   -2.731500E+2   0.000000E+0   0.000000E+0   0.000000E+0   1.300043E+3   1.300043E+3   2.905756E+2   6.903722E+0   2.934793E-1   9.336894E-3   
3.194829E+3   -2.731500E+2   -2.731500E+2   -2.731500E+2   0.000000E+0   0.000000E+0   0.000000E+0   1.400155E+3   1.400155E+3   2.963218E+2   6.821041E+0   2.992874E-1   9.225068E-3   
3.202293E+3   -2.731500E+2   -2.731500E+2   -2.731500E+2   0.000000E+0   0.000000E+0   0.000000E+0   1.500177E+3   1.500177E+3   3.016136E+2   6.779705E+0   3.046368E-1   9.169147E-3   
3.209754E+3   -2.731500E+2   -2.731500E+2   -2.731500E+2   0.000000E+0   0.000000E+0   0.000000E+0   1.600038E+3   1.600038E+3   3.066567E+2   6.697024E+0   3.097350E-1   9.057321E-3   
3.217230E+3   -2.731500E+2   -2.731500E+2   -2.731500E+2   0.000000E+0   0.000000E+0   0.000000E+0   1.700007E+3   1.700007E+3   3.114110E+2   6.614343E+0   3.145416E-1   8.945495E-3   
3.224693E+3   -2.731500E+2   -2.731500E+2   -2.731500E+2   0.000000E+0   0.000000E+0   0.000000E+0   1.800065E+3   1.800065E+3   3.159166E+2   6.531662E+0   3.190971E-1   8.833668E-3   
3.232154E+3   -2.731500E+2   -2.731500E+2   -2.731500E+2   0.000000E+0   0.000000E+0   0.000000E+0   1.900123E+3   1.900123E+3   3.202167E+2   6.490326E+0   3.234451E-1   8.777748E-3   
3.239618E+3   -2.731500E+2   -2.731500E+2   -2.731500E+2   0.000000E+0   0.000000E+0   0.000000E+0   1.999931E+3   1.999931E+3   3.242679E+2   6.407645E+0   3.275418E-1   8.665922E-3   
3.247079E+3   -2.731500E+2   -2.731500E+2   -2.731500E+2   0.000000E+0   0.000000E+0   0.000000E+0   2.100096E+3   2.100096E+3   3.281120E+2   6.366309E+0   3.314294E-1   8.610001E-3   
3.254542E+3   -2.731500E+2   -2.731500E+2   -2.731500E+2   0.000000E+0   0.000000E+0   0.000000E+0   2.200154E+3   2.200154E+3   3.318329E+2   6.324972E+0   3.351926E-1   8.554081E-3   
3.262004E+3   -2.731500E+2   -2.731500E+2   -2.731500E+2   0.000000E+0   0.000000E+0   0.000000E+0   2.300194E+3   2.300194E+3   3.353050E+2   6.242291E+0   3.387046E-1   8.442254E-3   
3.269467E+3   -2.731500E+2   -2.731500E+2   -2.731500E+2   0.000000E+0   0.000000E+0   0.000000E+0   2.399912E+3   2.399912E+3   3.386549E+2   6.200947E+0   3.420932E-1   8.386322E-3   
3.276929E+3   -2.731500E+2   -2.731500E+2   -2.731500E+2   0.000000E+0   0.000000E+0   0.000000E+0   2.500131E+3   2.500131E+3   3.418134E+2   6.159610E+0   3.452885E-1   8.330402E-3   
3.284390E+3   -2.731500E+2   -2.731500E+2   -2.731500E+2   0.000000E+0   0.000000E+0   0.000000E+0   2.600136E+3   2.600136E+3   3.448146E+2   6.118274E+0   3.483250E-1   8.274482E-3   
3.291853E+3   -2.731500E+2   -2.731500E+2   -2.731500E+2   0.000000E+0   0.000000E+0   0.000000E+0   2.700033E+3   2.700033E+3   3.475845E+2   6.076929E+0   3.511280E-1   8.218550E-3   
3.299317E+3   -2.731500E+2   -2.731500E+2   -2.731500E+2   0.000000E+0   0.000000E+0   0.000000E+0   2.800127E+3   2.800127E+3   3.501888E+2   6.035593E+0   3.537638E-1   8.162629E-3   
3.306779E+3   -2.731500E+2   -2.731500E+2   -2.731500E+2   0.000000E+0   0.000000E+0   0.000000E+0   2.900220E+3   2.900220E+3   3.526276E+2   6.035593E+0   3.562324E-1   8.162603E-3   
3.314247E+3   -2.731500E+2   -2.731500E+2   -2.731500E+2   0.000000E+0   0.000000E+0   0.000000E+0   3.000100E+3   3.000100E+3   3.549016E+2   5.994257E+0   3.585346E-1   8.106683E-3   
3.321718E+3   -2.731500E+2   -2.731500E+2   -2.731500E+2   0.000000E+0   0.000000E+0   0.000000E+0   3.100050E+3   3.100050E+3   3.569601E+2   5.952912E+0   3.606193E-1   8.050751E-3   
3.329180E+3   -2.731500E+2   -2.731500E+2   -2.731500E+2   0.000000E+0   0.000000E+0   0.000000E+0   3.200055E+3   3.200055E+3   3.588370E+2   5.911576E+0   3.625206E-1   7.994830E-3   
3.336641E+3   -2.731500E+2   -2.731500E+2   -2.731500E+2   0.000000E+0   0.000000E+0   0.000000E+0   3.300184E+3   3.300184E+3   3.605728E+2   5.911576E+0   3.642795E-1   7.994804E-3   
3.344103E+3   -2.731500E+2   -2.731500E+2   -2.731500E+2   0.000000E+0   0.000000E+0   0.000000E+0   3.399921E+3   3.399921E+3   3.621770E+2   5.870231E+0   3.659054E-1   7.938872E-3   
3.351569E+3   -2.731500E+2   -2.731500E+2   -2.731500E+2   0.000000E+0   0.000000E+0   0.000000E+0   3.500300E+3   3.500300E+3   3.636240E+2   5.828895E+0   3.673726E-1   7.882952E-3   
3.359031E+3   -2.731500E+2   -2.731500E+2   -2.731500E+2   0.000000E+0   0.000000E+0   0.000000E+0   3.600072E+3   3.600072E+3   3.649469E+2   5.828895E+0   3.687146E-1   7.882925E-3   
3.366492E+3   -2.731500E+2   -2.731500E+2   -2.731500E+2   0.000000E+0   0.000000E+0   0.000000E+0   3.700041E+3   3.700041E+3   3.661459E+2   5.828895E+0   3.699314E-1   7.882899E-3   
3.373954E+3   -2.731500E+2   -2.731500E+2   -2.731500E+2   0.000000E+0   0.000000E+0   0.000000E+0   3.800028E+3   3.800028E+3   3.672201E+2   5.787559E+0   3.710222E-1   7.826979E-3   
3.381414E+3   -2.731500E+2   -2.731500E+2   -2.731500E+2   0.000000E+0   0.000000E+0   0.000000E+0   3.900121E+3   3.900121E+3   3.682544E+2   5.746214E+0   3.720727E-1   7.771047E-3   
3.388876E+3   -2.731500E+2   -2.731500E+2   -2.731500E+2   0.000000E+0   0.000000E+0   0.000000E+0   4.000054E+3   4.000054E+3   3.691801E+2   5.746214E+0   3.730136E-1   7.771021E-3   
3.396338E+3   -2.731500E+2   -2.731500E+2   -2.731500E+2   0.000000E+0   0.000000E+0   0.000000E+0   4.100130E+3   4.100130E+3   3.700316E+2   5.713145E+0   3.738796E-1   7.726279E-3   
3.403799E+3   -2.731500E+2   -2.731500E+2   -2.731500E+2   0.000000E+0   0.000000E+0   0.000000E+0   4.200081E+3   4.200081E+3   3.708587E+2   5.704878E+0   3.747209E-1   7.715074E-3   
3.411260E+3   -2.731500E+2   -2.731500E+2   -2.731500E+2   0.000000E+0   0.000000E+0   0.000000E+0   4.300193E+3   4.300193E+3   3.715609E+2   5.663542E+0   3.754361E-1   7.659154E-3   
3.418723E+3   -2.731500E+2   -2.731500E+2   -2.731500E+2   0.000000E+0   0.000000E+0   0.000000E+0   4.399982E+3   4.399982E+3   3.722640E+2   5.663542E+0   3.761522E-1   7.659128E-3   
3.426185E+3   -2.731500E+2   -2.731500E+2   -2.731500E+2   0.000000E+0   0.000000E+0   0.000000E+0   4.499951E+3   4.499951E+3   3.728839E+2   5.663542E+0   3.767843E-1   7.659102E-3   
3.433647E+3   -2.731500E+2   -2.731500E+2   -2.731500E+2   0.000000E+0   0.000000E+0   0.000000E+0   4.600206E+3   4.600206E+3   3.734630E+2   5.622197E+0   3.773752E-1   7.603169E-3   
3.441107E+3   -2.731500E+2   -2.731500E+2   -2.731500E+2   0.000000E+0   0.000000E+0   0.000000E+0   4.700031E+3   4.700031E+3   3.740168E+2   5.622197E+0   3.779406E-1   7.603143E-3   
3.448570E+3   -2.731500E+2   -2.731500E+2   -2.731500E+2   0.000000E+0   0.000000E+0   0.000000E+0   4.800125E+3   4.800125E+3   3.745621E+2   5.580861E+0   3.784974E-1   7.547223E-3   
3.456031E+3   -2.731500E+2   -2.731500E+2   -2.731500E+2   0.000000E+0   0.000000E+0   0.000000E+0   4.900147E+3   4.900147E+3   3.750339E+2   5.539516E+0   3.789800E-1   7.491291E-3   
3.463494E+3   -2.731500E+2   -2.731500E+2   -2.731500E+2   0.000000E+0   0.000000E+0   0.000000E+0   5.000098E+3   5.000098E+3   3.754882E+2   5.539516E+0   3.794448E-1   7.491265E-3   
3.470954E+3   -2.731500E+2   -2.731500E+2   -2.731500E+2   0.000000E+0   0.000000E+0   0.000000E+0   5.100156E+3   5.100156E+3   3.759433E+2   5.539516E+0   3.799106E-1   7.491239E-3   
3.478417E+3   -2.731500E+2   -2.731500E+2   -2.731500E+2   0.000000E+0   0.000000E+0   0.000000E+0   5.199910E+3   5.199910E+3   3.763153E+2   5.539516E+0   3.802923E-1   7.491213E-3   
3.485881E+3   -2.731500E+2   -2.731500E+2   -2.731500E+2   0.000000E+0   0.000000E+0   0.000000E+0   5.300219E+3   5.300219E+3   3.767038E+2   5.498180E+0   3.806909E-1   7.435292E-3   
3.493342E+3   -2.731500E+2   -2.731500E+2   -2.731500E+2   0.000000E+0   0.000000E+0   0.000000E+0   5.400062E+3   5.400062E+3   3.771007E+2   5.481645E+0   3.810978E-1   7.412908E-3   
3.500805E+3   -2.731500E+2   -2.731500E+2   -2.731500E+2   0.000000E+0   0.000000E+0   0.000000E+0   5.500138E+3   5.500138E+3   3.774310E+2   5.456843E+0   3.814375E-1   7.379346E-3   
3.508268E+3   -2.731500E+2   -2.731500E+2   -2.731500E+2   0.000000E+0   0.000000E+0   0.000000E+0   5.600107E+3   5.600107E+3   3.777622E+2   5.456843E+0   3.817781E-1   7.379319E-3   
3.515730E+3   -2.731500E+2   -2.731500E+2   -2.731500E+2   0.000000E+0   0.000000E+0   0.000000E+0   5.700147E+3   5.700147E+3   3.780518E+2   5.456843E+0   3.820767E-1   7.379293E-3   
3.523190E+3   -2.731500E+2   -2.731500E+2   -2.731500E+2   0.000000E+0   0.000000E+0   0.000000E+0   5.800098E+3   5.800098E+3   3.783404E+2   5.415499E+0   3.823743E-1   7.323361E-3   
3.530653E+3   -2.731500E+2   -2.731500E+2   -2.731500E+2   0.000000E+0   0.000000E+0   0.000000E+0   5.900013E+3   5.900013E+3   3.786300E+2   5.415499E+0   3.826729E-1   7.323335E-3   
3.538114E+3   -2.731500E+2   -2.731500E+2   -2.731500E+2   0.000000E+0   0.000000E+0   0.000000E+0   6.000106E+3   6.000106E+3   3.789112E+2   5.374162E+0   3.829631E-1   7.267415E-3   
3.545574E+3   -2.731500E+2   -2.731500E+2   -2.731500E+2   0.000000E+0   0.000000E+0   0.000000E+0   6.100129E+3   6.100129E+3   3.791342E+2   5.374162E+0   3.831944E-1   7.267389E-3   
3.553036E+3   -2.731500E+2   -2.731500E+2   -2.731500E+2   0.000000E+0   0.000000E+0   0.000000E+0   6.200008E+3   6.200008E+3   3.793739E+2   5.374162E+0   3.834425E-1   7.267363E-3   
3.560498E+3   -2.731500E+2   -2.731500E+2   -2.731500E+2   0.000000E+0   0.000000E+0   0.000000E+0   6.300137E+3   6.300137E+3   3.796060E+2   5.374162E+0   3.836832E-1   7.267336E-3   
3.567987E+3   -2.731500E+2   -2.731500E+2   -2.731500E+2   0.000000E+0   0.000000E+0   0.000000E+0   6.400088E+3   6.400088E+3   3.798290E+2   5.332826E+0   3.839145E-1   7.211416E-3   
3.575450E+3   -2.731500E+2   -2.731500E+2   -2.731500E+2   0.000000E+0   0.000000E+0   0.000000E+0   6.500039E+3   6.500039E+3   3.800603E+2   5.332826E+0   3.841542E-1   7.211390E-3   
3.582914E+3   -2.731500E+2   -2.731500E+2   -2.731500E+2   0.000000E+0   0.000000E+0   0.000000E+0   6.600276E+3   6.600276E+3   3.802425E+2   5.291481E+0   3.843445E-1   7.155458E-3   
3.590377E+3   -2.731500E+2   -2.731500E+2   -2.731500E+2   0.000000E+0   0.000000E+0   0.000000E+0   6.700030E+3   6.700030E+3   3.804489E+2   5.291481E+0   3.845590E-1   7.155432E-3   
3.597837E+3   -2.731500E+2   -2.731500E+2   -2.731500E+2   0.000000E+0   0.000000E+0   0.000000E+0   6.800177E+3   6.800177E+3   3.806145E+2   5.250128E+0   3.847324E-1   7.099488E-3   
3.605299E+3   -2.731500E+2   -2.731500E+2   -2.731500E+2   0.000000E+0   0.000000E+0   0.000000E+0   6.899878E+3   6.899878E+3   3.807800E+2   5.250128E+0   3.849057E-1   7.099462E-3   
3.612759E+3   -2.731500E+2   -2.731500E+2   -2.731500E+2   0.000000E+0   0.000000E+0   0.000000E+0   7.000240E+3   7.000240E+3   3.809448E+2   5.250128E+0   3.850783E-1   7.099436E-3   
3.620223E+3   -2.731500E+2   -2.731500E+2   -2.731500E+2   0.000000E+0   0.000000E+0   0.000000E+0   7.100012E+3   7.100012E+3   3.811104E+2   5.250128E+0   3.852517E-1   7.099409E-3   
3.627685E+3   -2.731500E+2   -2.731500E+2   -2.731500E+2   0.000000E+0   0.000000E+0   0.000000E+0   7.199945E+3   7.199945E+3   3.812676E+2   5.241859E+0   3.854166E-1   7.088202E-3   
3.635148E+3   -2.731500E+2   -2.731500E+2   -2.731500E+2   0.000000E+0   0.000000E+0   0.000000E+0   7.300253E+3   7.300253E+3   3.813999E+2   5.208783E+0   3.855564E-1   7.043451E-3   
3.642608E+3   -2.731500E+2   -2.731500E+2   -2.731500E+2   0.000000E+0   0.000000E+0   0.000000E+0   7.400114E+3   7.400114E+3   3.815655E+2   5.208783E+0   3.857298E-1   7.043425E-3   
3.650069E+3   -2.731500E+2   -2.731500E+2   -2.731500E+2   0.000000E+0   0.000000E+0   0.000000E+0   7.500083E+3   7.500083E+3   3.816895E+2   5.175714E+0   3.858612E-1   6.998684E-3   
3.657529E+3   -2.731500E+2   -2.731500E+2   -2.731500E+2   0.000000E+0   0.000000E+0   0.000000E+0   7.600087E+3   7.600087E+3   3.818542E+2   5.167447E+0   3.860337E-1   6.987479E-3   
3.664991E+3   -2.731500E+2   -2.731500E+2   -2.731500E+2   0.000000E+0   0.000000E+0   0.000000E+0   7.700002E+3   7.700002E+3   3.819790E+2   5.167447E+0   3.861659E-1   6.987452E-3   
3.672452E+3   -2.731500E+2   -2.731500E+2   -2.731500E+2   0.000000E+0   0.000000E+0   0.000000E+0   7.800132E+3   7.800132E+3   3.820614E+2   5.167447E+0   3.862553E-1   6.987426E-3   
3.679915E+3   -2.731500E+2   -2.731500E+2   -2.731500E+2   0.000000E+0   0.000000E+0   0.000000E+0   7.900029E+3   7.900029E+3   3.822270E+2   5.167447E+0   3.864287E-1   6.987400E-3   
3.687376E+3   -2.731500E+2   -2.731500E+2   -2.731500E+2   0.000000E+0   0.000000E+0   0.000000E+0   8.000015E+3   8.000015E+3   3.823177E+2   5.126102E+0   3.865264E-1   6.931468E-3   
