Time_since_start,Raw_Temperature,Temperature,Temperature_2,Raw_Applied_Field,Applied_Field,Field_Angle,Raw_Applied_Field_For_Plot_,Applied_Field_For_Plot_,Raw_Signal_Mx,Raw_Signal_My,Signal_X_direction,Signal_Y_direction,,
1.014000E+1,-2.731500E+2,-2.731500E+2,-2.731500E+2,0.000000E+0,0.000000E+0,0.000000E+0,7.010300E-3,7.010300E-3,-6.200938E-2,-6.200938E-2,-5.774778E-5,-8.529207E-5,
1.870800E+1,-2.731500E+2,-2.731500E+2,-2.731500E+2,0.000000E+0,0.000000E+0,0.000000E+0,1.001246E+1,1.001246E+1,7.275786E-1,-1.033491E-1,7.325012E-4,-1.435626E-4,
2.702500E+1,-2.731500E+2,-2.731500E+2,-2.731500E+2,0.000000E+0,0.000000E+0,0.000000E+0,2.001263E+1,2.001263E+1,1.529569E+0,-1.446888E-1,1.535152E-3,-2.018330E-4,
3.534100E+1,-2.731500E+2,-2.731500E+2,-2.731500E+2,0.000000E+0,0.000000E+0,0.000000E+0,3.001906E+1,3.001906E+1,2.335685E+0,-1.777605E-1,2.341930E-3,-2.484499E-4,
4.365600E+1,-2.731500E+2,-2.731500E+2,-2.731500E+2,0.000000E+0,0.000000E+0,0.000000E+0,4.001449E+1,4.001449E+1,3.141818E+0,-2.066982E-1,3.148725E-3,-2.892399E-4,
5.197200E+1,-2.731500E+2,-2.731500E+2,-2.731500E+2,0.000000E+0,0.000000E+0,0.000000E+0,5.001278E+1,5.001278E+1,3.947934E+0,-2.563058E-1,3.955502E-3,-3.591639E-4,
6.028900E+1,-2.731500E+2,-2.731500E+2,-2.731500E+2,0.000000E+0,0.000000E+0,0.000000E+0,6.001805E+1,6.001805E+1,4.774718E+0,-3.100465E-1,4.782950E-3,-4.349135E-4,
6.860600E+1,-2.731500E+2,-2.731500E+2,-2.731500E+2,0.000000E+0,0.000000E+0,0.000000E+0,7.002064E+1,7.002064E+1,5.601529E+0,-3.803247E-1,5.610423E-3,-5.339725E-4,
7.692300E+1,-2.731500E+2,-2.731500E+2,-2.731500E+2,0.000000E+0,0.000000E+0,0.000000E+0,8.001777E+1,8.001777E+1,6.448990E+0,-4.754059E-1,6.458547E-3,-6.679911E-4,
8.524100E+1,-2.731500E+2,-2.731500E+2,-2.731500E+2,0.000000E+0,0.000000E+0,0.000000E+0,9.001660E+1,9.001660E+1,7.317110E+0,-5.580843E-1,7.327332E-3,-7.845281E-4,
9.355800E+1,-2.731500E+2,-2.731500E+2,-2.731500E+2,0.000000E+0,0.000000E+0,0.000000E+0,1.000225E+2,1.000225E+2,8.185239E+0,-6.614352E-1,8.196126E-3,-9.302027E-4,
1.043650E+2,-2.731500E+2,-2.731500E+2,-2.731500E+2,0.000000E+0,0.000000E+0,0.000000E+0,1.500817E+2,1.500817E+2,1.271191E+1,-1.260857E+0,1.272614E-2,-1.775095E-3,
1.117270E+2,-2.731500E+2,-2.731500E+2,-2.731500E+2,0.000000E+0,0.000000E+0,0.000000E+0,2.000124E+2,2.000124E+2,1.758998E+1,-2.108318E+0,1.760755E-2,-2.969596E-3,
1.191890E+2,-2.731500E+2,-2.731500E+2,-2.731500E+2,0.000000E+0,0.000000E+0,0.000000E+0,2.501040E+2,2.501040E+2,2.273680E+1,-3.079805E+0,2.275775E-2,-4.338909E-3,
1.266530E+2,-2.731500E+2,-2.731500E+2,-2.731500E+2,0.000000E+0,0.000000E+0,0.000000E+0,2.999452E+2,2.999452E+2,2.802823E+1,-4.038883E+0,2.805254E-2,-5.690732E-3,
1.341150E+2,-2.731500E+2,-2.731500E+2,-2.731500E+2,0.000000E+0,0.000000E+0,0.000000E+0,3.501263E+2,3.501263E+2,3.328252E+1,-4.898736E+0,3.331021E-2,-6.902699E-3,
1.415520E+2,-2.731500E+2,-2.731500E+2,-2.731500E+2,0.000000E+0,0.000000E+0,0.000000E+0,4.001821E+2,4.001821E+2,3.850784E+1,-5.535382E+0,3.853890E-2,-7.800059E-3,
1.490210E+2,-2.731500E+2,-2.731500E+2,-2.731500E+2,0.000000E+0,0.000000E+0,0.000000E+0,4.501307E+2,4.501307E+2,4.365475E+1,-6.159610E+0,4.368917E-2,-8.679915E-3,
1.564820E+2,-2.731500E+2,-2.731500E+2,-2.731500E+2,0.000000E+0,0.000000E+0,0.000000E+0,5.001329E+2,5.001329E+2,4.857408E+1,-6.676356E+0,4.861186E-2,-9.408276E-3,
1.639440E+2,-2.731500E+2,-2.731500E+2,-2.731500E+2,0.000000E+0,0.000000E+0,0.000000E+0,5.499383E+2,5.499383E+2,5.339016E+1,-7.110420E+0,5.343127E-2,-1.002010E-2,
1.714050E+2,-2.731500E+2,-2.731500E+2,-2.731500E+2,0.000000E+0,0.000000E+0,0.000000E+0,6.001373E+2,6.001373E+2,5.808218E+1,-7.437001E+0,5.812665E-2,-1.048042E-2,
1.788670E+2,-2.731500E+2,-2.731500E+2,-2.731500E+2,0.000000E+0,0.000000E+0,0.000000E+0,6.501037E+2,6.501037E+2,6.267086E+1,-7.627157E+0,6.271866E-2,-1.074846E-2,
1.863290E+2,-2.731500E+2,-2.731500E+2,-2.731500E+2,0.000000E+0,0.000000E+0,0.000000E+0,7.000522E+2,7.000522E+2,6.719755E+1,-7.751175E+0,6.724869E-2,-1.092327E-2,
1.937910E+2,-2.731500E+2,-2.731500E+2,-2.731500E+2,0.000000E+0,0.000000E+0,0.000000E+0,7.501796E+2,7.501796E+2,7.162082E+1,-7.875192E+0,7.167529E-2,-1.109809E-2,
2.012520E+2,-2.731500E+2,-2.731500E+2,-2.731500E+2,0.000000E+0,0.000000E+0,0.000000E+0,8.000745E+2,8.000745E+2,7.600282E+1,-7.957873E+0,7.606060E-2,-1.121464E-2,
2.087150E+2,-2.731500E+2,-2.731500E+2,-2.731500E+2,0.000000E+0,0.000000E+0,0.000000E+0,8.501482E+2,8.501482E+2,8.034346E+1,-7.999218E+0,8.040458E-2,-1.127293E-2,
2.161780E+2,-2.731500E+2,-2.731500E+2,-2.731500E+2,0.000000E+0,0.000000E+0,0.000000E+0,8.999895E+2,8.999895E+2,8.462204E+1,-8.040554E+0,8.468646E-2,-1.133120E-2,
2.236400E+2,-2.731500E+2,-2.731500E+2,-2.731500E+2,0.000000E+0,0.000000E+0,0.000000E+0,9.500990E+2,9.500990E+2,8.883897E+1,-8.081890E+0,8.890672E-2,-1.138948E-2,
2.311070E+2,-2.731500E+2,-2.731500E+2,-2.731500E+2,0.000000E+0,0.000000E+0,0.000000E+0,1.000065E+3,1.000065E+3,9.303501E+1,-8.081890E+0,9.310607E-2,-1.138949E-2,
2.396620E+2,-2.731500E+2,-2.731500E+2,-2.731500E+2,0.000000E+0,0.000000E+0,0.000000E+0,1.100123E+3,1.100123E+3,1.013239E+2,-8.081890E+0,1.014016E-1,-1.138952E-2,
2.471240E+2,-2.731500E+2,-2.731500E+2,-2.731500E+2,0.000000E+0,0.000000E+0,0.000000E+0,1.200128E+3,1.200128E+3,1.094264E+2,-8.081890E+0,1.095107E-1,-1.138954E-2,
2.545850E+2,-2.731500E+2,-2.731500E+2,-2.731500E+2,0.000000E+0,0.000000E+0,0.000000E+0,1.300007E+3,1.300007E+3,1.173675E+2,-8.019886E+0,1.174584E-1,-1.130218E-2,
2.620480E+2,-2.731500E+2,-2.731500E+2,-2.731500E+2,0.000000E+0,0.000000E+0,0.000000E+0,1.400137E+3,1.400137E+3,1.251971E+2,-7.999218E+0,1.252946E-1,-1.127307E-2,
2.695220E+2,-2.731500E+2,-2.731500E+2,-2.731500E+2,0.000000E+0,0.000000E+0,0.000000E+0,1.500105E+3,1.500105E+3,1.329069E+2,-7.978541E+0,1.330110E-1,-1.124395E-2,
2.769850E+2,-2.731500E+2,-2.731500E+2,-2.731500E+2,0.000000E+0,0.000000E+0,0.000000E+0,1.600074E+3,1.600074E+3,1.404428E+2,-7.937205E+0,1.405535E-1,-1.118572E-2,
2.844460E+2,-2.731500E+2,-2.731500E+2,-2.731500E+2,0.000000E+0,0.000000E+0,0.000000E+0,1.699989E+3,1.699989E+3,1.478347E+2,-7.916537E+0,1.479520E-1,-1.115661E-2,
2.919100E+2,-2.731500E+2,-2.731500E+2,-2.731500E+2,0.000000E+0,0.000000E+0,0.000000E+0,1.800208E+3,1.800208E+3,1.551060E+2,-7.895868E+0,1.552299E-1,-1.112751E-2,
2.993700E+2,-2.731500E+2,-2.731500E+2,-2.731500E+2,0.000000E+0,0.000000E+0,0.000000E+0,1.900051E+3,1.900051E+3,1.621793E+2,-7.895868E+0,1.623097E-1,-1.112753E-2,
3.068320E+2,-2.731500E+2,-2.731500E+2,-2.731500E+2,0.000000E+0,0.000000E+0,0.000000E+0,2.000109E+3,2.000109E+3,1.690787E+2,-7.895868E+0,1.692156E-1,-1.112756E-2,
3.142940E+2,-2.731500E+2,-2.731500E+2,-2.731500E+2,0.000000E+0,0.000000E+0,0.000000E+0,2.100150E+3,2.100150E+3,1.757767E+2,-7.875192E+0,1.759202E-1,-1.109844E-2,
3.217550E+2,-2.731500E+2,-2.731500E+2,-2.731500E+2,0.000000E+0,0.000000E+0,0.000000E+0,2.200154E+3,2.200154E+3,1.822168E+2,-7.875192E+0,1.823668E-1,-1.109847E-2,
3.292170E+2,-2.731500E+2,-2.731500E+2,-2.731500E+2,0.000000E+0,0.000000E+0,0.000000E+0,2.299962E+3,2.299962E+3,1.884264E+2,-7.895868E+0,1.885829E-1,-1.112764E-2,
3.366790E+2,-2.731500E+2,-2.731500E+2,-2.731500E+2,0.000000E+0,0.000000E+0,0.000000E+0,2.400038E+3,2.400038E+3,1.943747E+2,-7.937205E+0,1.945378E-1,-1.118593E-2,
3.441430E+2,-2.731500E+2,-2.731500E+2,-2.731500E+2,0.000000E+0,0.000000E+0,0.000000E+0,2.500185E+3,2.500185E+3,2.000218E+2,-7.957873E+0,2.001914E-1,-1.121508E-2,
3.516070E+2,-2.731500E+2,-2.731500E+2,-2.731500E+2,0.000000E+0,0.000000E+0,0.000000E+0,2.600189E+3,2.600189E+3,2.053054E+2,-7.978541E+0,2.054814E-1,-1.124424E-2,
3.590740E+2,-2.731500E+2,-2.731500E+2,-2.731500E+2,0.000000E+0,0.000000E+0,0.000000E+0,2.700033E+3,2.700033E+3,2.102328E+2,-7.978541E+0,2.104153E-1,-1.124427E-2,
3.665370E+2,-2.731500E+2,-2.731500E+2,-2.731500E+2,0.000000E+0,0.000000E+0,0.000000E+0,2.800180E+3,2.800180E+3,2.148007E+2,-7.957873E+0,2.149897E-1,-1.121516E-2,
3.739980E+2,-2.731500E+2,-2.731500E+2,-2.731500E+2,0.000000E+0,0.000000E+0,0.000000E+0,2.900131E+3,2.900131E+3,2.188978E+2,-7.937205E+0,2.190931E-1,-1.118606E-2,
3.814590E+2,-2.731500E+2,-2.731500E+2,-2.731500E+2,0.000000E+0,0.000000E+0,0.000000E+0,3.000064E+3,3.000064E+3,2.225729E+2,-7.875192E+0,2.227746E-1,-1.109868E-2,
3.889200E+2,-2.731500E+2,-2.731500E+2,-2.731500E+2,0.000000E+0,0.000000E+0,0.000000E+0,3.100015E+3,3.100015E+3,2.258387E+2,-7.833856E+0,2.260468E-1,-1.104044E-2,
3.963820E+2,-2.731500E+2,-2.731500E+2,-2.731500E+2,0.000000E+0,0.000000E+0,0.000000E+0,3.200144E+3,3.200144E+3,2.286910E+2,-7.751175E+0,2.289054E-1,-1.092393E-2,
4.038440E+2,-2.731500E+2,-2.731500E+2,-2.731500E+2,0.000000E+0,0.000000E+0,0.000000E+0,3.300202E+3,3.300202E+3,2.311505E+2,-7.668502E+0,2.313713E-1,-1.080743E-2,
4.113060E+2,-2.731500E+2,-2.731500E+2,-2.731500E+2,0.000000E+0,0.000000E+0,0.000000E+0,3.399956E+3,3.399956E+3,2.332382E+2,-7.565153E+0,2.334652E-1,-1.066178E-2,
4.187690E+2,-2.731500E+2,-2.731500E+2,-2.731500E+2,0.000000E+0,0.000000E+0,0.000000E+0,3.500211E+3,3.500211E+3,2.350154E+2,-7.461804E+0,2.352487E-1,-1.051614E-2,
4.262310E+2,-2.731500E+2,-2.731500E+2,-2.731500E+2,0.000000E+0,0.000000E+0,0.000000E+0,3.600162E+3,3.600162E+3,2.365040E+2,-7.358455E+0,2.367436E-1,-1.037050E-2,
4.336910E+2,-2.731500E+2,-2.731500E+2,-2.731500E+2,0.000000E+0,0.000000E+0,0.000000E+0,3.699934E+3,3.699934E+3,2.377645E+2,-7.234438E+0,2.380104E-1,-1.019572E-2,
4.411530E+2,-2.731500E+2,-2.731500E+2,-2.731500E+2,0.000000E+0,0.000000E+0,0.000000E+0,3.800099E+3,3.800099E+3,2.388395E+2,-7.131089E+0,2.390916E-1,-1.005008E-2,
4.486170E+2,-2.731500E+2,-2.731500E+2,-2.731500E+2,0.000000E+0,0.000000E+0,0.000000E+0,3.900175E+3,3.900175E+3,2.397323E+2,-7.027739E+0,2.399907E-1,-9.904436E-3,
4.560800E+2,-2.731500E+2,-2.731500E+2,-2.731500E+2,0.000000E+0,0.000000E+0,0.000000E+0,4.000108E+3,4.000108E+3,2.405344E+2,-6.903722E+0,2.407990E-1,-9.729661E-3,
4.635420E+2,-2.731500E+2,-2.731500E+2,-2.731500E+2,0.000000E+0,0.000000E+0,0.000000E+0,4.099916E+3,4.099916E+3,2.411834E+2,-6.779705E+0,2.414542E-1,-9.554886E-3,
4.710040E+2,-2.731500E+2,-2.731500E+2,-2.731500E+2,0.000000E+0,0.000000E+0,0.000000E+0,4.200331E+3,4.200331E+3,2.417667E+2,-6.676356E+0,2.420438E-1,-9.409243E-3,
4.784660E+2,-2.731500E+2,-2.731500E+2,-2.731500E+2,0.000000E+0,0.000000E+0,0.000000E+0,4.300032E+3,4.300032E+3,2.422501E+2,-6.573007E+0,2.425334E-1,-9.263599E-3,
4.859290E+2,-2.731500E+2,-2.731500E+2,-2.731500E+2,0.000000E+0,0.000000E+0,0.000000E+0,4.400215E+3,4.400215E+3,2.426844E+2,-6.490326E+0,2.429739E-1,-9.147087E-3,
4.933910E+2,-2.731500E+2,-2.731500E+2,-2.731500E+2,0.000000E+0,0.000000E+0,0.000000E+0,4.500112E+3,4.500112E+3,2.430564E+2,-6.386977E+0,2.433521E-1,-9.001444E-3,
5.008650E+2,-2.731500E+2,-2.731500E+2,-2.731500E+2,0.000000E+0,0.000000E+0,0.000000E+0,4.600134E+3,4.600134E+3,2.433667E+2,-6.304296E+0,2.436687E-1,-8.884932E-3,
5.083270E+2,-2.731500E+2,-2.731500E+2,-2.731500E+2,0.000000E+0,0.000000E+0,0.000000E+0,4.700067E+3,4.700067E+3,2.436762E+2,-6.221623E+0,2.439844E-1,-8.768432E-3,
5.157900E+2,-2.731500E+2,-2.731500E+2,-2.731500E+2,0.000000E+0,0.000000E+0,0.000000E+0,4.799964E+3,4.799964E+3,2.439408E+2,-6.134809E+0,2.442552E-1,-8.646094E-3,
5.232540E+2,-2.731500E+2,-2.731500E+2,-2.731500E+2,0.000000E+0,0.000000E+0,0.000000E+0,4.900291E+3,4.900291E+3,2.441721E+2,-6.056261E+0,2.444927E-1,-8.535409E-3,
5.307140E+2,-2.731500E+2,-2.731500E+2,-2.731500E+2,0.000000E+0,0.000000E+0,0.000000E+0,5.000080E+3,5.000080E+3,2.443585E+2,-5.973580E+0,2.446853E-1,-8.418897E-3,
5.381800E+2,-2.731500E+2,-2.731500E+2,-2.731500E+2,0.000000E+0,0.000000E+0,0.000000E+0,5.100103E+3,5.100103E+3,2.445366E+2,-5.911576E+0,2.448696E-1,-8.331528E-3,
5.456430E+2,-2.731500E+2,-2.731500E+2,-2.731500E+2,0.000000E+0,0.000000E+0,0.000000E+0,5.200018E+3,5.200018E+3,2.447055E+2,-5.828895E+0,2.450446E-1,-8.215016E-3,
5.531110E+2,-2.731500E+2,-2.731500E+2,-2.731500E+2,0.000000E+0,0.000000E+0,0.000000E+0,5.300129E+3,5.300129E+3,2.448544E+2,-5.766882E+0,2.451998E-1,-8.127636E-3,
5.605750E+2,-2.731500E+2,-2.731500E+2,-2.731500E+2,0.000000E+0,0.000000E+0,0.000000E+0,5.400080E+3,5.400080E+3,2.449992E+2,-5.713145E+0,2.453508E-1,-8.051920E-3,
5.680360E+2,-2.731500E+2,-2.731500E+2,-2.731500E+2,0.000000E+0,0.000000E+0,0.000000E+0,5.500174E+3,5.500174E+3,2.451107E+2,-5.663542E+0,2.454685E-1,-7.982031E-3,
5.754990E+2,-2.731500E+2,-2.731500E+2,-2.731500E+2,0.000000E+0,0.000000E+0,0.000000E+0,5.600303E+3,5.600303E+3,2.452263E+2,-5.601529E+0,2.455903E-1,-7.894650E-3,
5.829600E+2,-2.731500E+2,-2.731500E+2,-2.731500E+2,0.000000E+0,0.000000E+0,0.000000E+0,5.700093E+3,5.700093E+3,2.453304E+2,-5.539516E+0,2.457006E-1,-7.807270E-3,
5.904230E+2,-2.731500E+2,-2.731500E+2,-2.731500E+2,0.000000E+0,0.000000E+0,0.000000E+0,5.800151E+3,5.800151E+3,2.454335E+2,-5.477511E+0,2.458099E-1,-7.719902E-3,
5.978860E+2,-2.731500E+2,-2.731500E+2,-2.731500E+2,0.000000E+0,0.000000E+0,0.000000E+0,5.900013E+3,5.900013E+3,2.455159E+2,-5.436175E+0,2.458985E-1,-7.661665E-3,
6.053610E+2,-2.731500E+2,-2.731500E+2,-2.731500E+2,0.000000E+0,0.000000E+0,0.000000E+0,6.000088E+3,6.000088E+3,2.455983E+2,-5.394830E+0,2.459870E-1,-7.603416E-3,
6.128230E+2,-2.731500E+2,-2.731500E+2,-2.731500E+2,0.000000E+0,0.000000E+0,0.000000E+0,6.100039E+3,6.100039E+3,2.456815E+2,-5.353494E+0,2.460765E-1,-7.545179E-3,
6.202860E+2,-2.731500E+2,-2.731500E+2,-2.731500E+2,0.000000E+0,0.000000E+0,0.000000E+0,6.200079E+3,6.200079E+3,2.457597E+2,-5.312149E+0,2.461609E-1,-7.486930E-3,
6.277490E+2,-2.731500E+2,-2.731500E+2,-2.731500E+2,0.000000E+0,0.000000E+0,0.000000E+0,6.300120E+3,6.300120E+3,2.458055E+2,-5.270796E+0,2.462128E-1,-7.428669E-3,
6.352100E+2,-2.731500E+2,-2.731500E+2,-2.731500E+2,0.000000E+0,0.000000E+0,0.000000E+0,6.400070E+3,6.400070E+3,2.458670E+2,-5.229451E+0,2.462806E-1,-7.370420E-3,
6.426730E+2,-2.731500E+2,-2.731500E+2,-2.731500E+2,0.000000E+0,0.000000E+0,0.000000E+0,6.500110E+3,6.500110E+3,2.459294E+2,-5.188115E+0,2.463492E-1,-7.312183E-3,
6.501340E+2,-2.731500E+2,-2.731500E+2,-2.731500E+2,0.000000E+0,0.000000E+0,0.000000E+0,6.600151E+3,6.600151E+3,2.459750E+2,-5.159180E+0,2.464010E-1,-7.271425E-3,
6.575990E+2,-2.731500E+2,-2.731500E+2,-2.731500E+2,0.000000E+0,0.000000E+0,0.000000E+0,6.700048E+3,6.700048E+3,2.459910E+2,-5.126102E+0,2.464232E-1,-7.224829E-3,
6.650620E+2,-2.731500E+2,-2.731500E+2,-2.731500E+2,0.000000E+0,0.000000E+0,0.000000E+0,6.800034E+3,6.800034E+3,2.460534E+2,-5.084766E+0,2.464918E-1,-7.166592E-3,
6.725380E+2,-2.731500E+2,-2.731500E+2,-2.731500E+2,0.000000E+0,0.000000E+0,0.000000E+0,6.899913E+3,6.899913E+3,2.460950E+2,-5.043430E+0,2.465396E-1,-7.108355E-3,
6.800000E+2,-2.731500E+2,-2.731500E+2,-2.731500E+2,0.000000E+0,0.000000E+0,0.000000E+0,7.000079E+3,7.000079E+3,2.461358E+2,-5.022753E+0,2.465865E-1,-7.079238E-3,
6.874620E+2,-2.731500E+2,-2.731500E+2,-2.731500E+2,0.000000E+0,0.000000E+0,0.000000E+0,7.100119E+3,7.100119E+3,2.461857E+2,-5.002085E+0,2.466427E-1,-7.050132E-3,
6.949240E+2,-2.731500E+2,-2.731500E+2,-2.731500E+2,0.000000E+0,0.000000E+0,0.000000E+0,7.199980E+3,7.199980E+3,2.462190E+2,-4.960749E+0,2.466821E-1,-6.991896E-3,
7.023860E+2,-2.731500E+2,-2.731500E+2,-2.731500E+2,0.000000E+0,0.000000E+0,0.000000E+0,7.300235E+3,7.300235E+3,2.462438E+2,-4.940080E+0,2.467132E-1,-6.962790E-3,
7.098460E+2,-2.731500E+2,-2.731500E+2,-2.731500E+2,0.000000E+0,0.000000E+0,0.000000E+0,7.400025E+3,7.400025E+3,2.462806E+2,-4.898736E+0,2.467561E-1,-6.904541E-3,
7.173110E+2,-2.731500E+2,-2.731500E+2,-2.731500E+2,0.000000E+0,0.000000E+0,0.000000E+0,7.500119E+3,7.500119E+3,2.463388E+2,-4.898736E+0,2.468206E-1,-6.904567E-3,
7.247710E+2,-2.731500E+2,-2.731500E+2,-2.731500E+2,0.000000E+0,0.000000E+0,0.000000E+0,7.600034E+3,7.600034E+3,2.463430E+2,-4.857399E+0,2.468309E-1,-6.846331E-3,
7.322350E+2,-2.731500E+2,-2.731500E+2,-2.731500E+2,0.000000E+0,0.000000E+0,0.000000E+0,7.700127E+3,7.700127E+3,2.463837E+2,-4.836731E+0,2.468779E-1,-6.817225E-3,
7.396970E+2,-2.731500E+2,-2.731500E+2,-2.731500E+2,0.000000E+0,0.000000E+0,0.000000E+0,7.800025E+3,7.800025E+3,2.464045E+2,-4.816063E+0,2.469049E-1,-6.788120E-3,
7.471590E+2,-2.731500E+2,-2.731500E+2,-2.731500E+2,0.000000E+0,0.000000E+0,0.000000E+0,7.900083E+3,7.900083E+3,2.464253E+2,-4.811928E+0,2.469319E-1,-6.782317E-3,
7.546210E+2,-2.731500E+2,-2.731500E+2,-2.731500E+2,0.000000E+0,0.000000E+0,0.000000E+0,8.000033E+3,8.000033E+3,2.464669E+2,-4.774718E+0,2.469797E-1,-6.729897E-3,
7.631740E+2,-2.731500E+2,-2.731500E+2,-2.731500E+2,0.000000E+0,0.000000E+0,0.000000E+0,7.900065E+3,7.900065E+3,2.464253E+2,-4.799522E+0,2.469319E-1,-6.764831E-3,
7.706370E+2,-2.731500E+2,-2.731500E+2,-2.731500E+2,0.000000E+0,0.000000E+0,0.000000E+0,7.799989E+3,7.799989E+3,2.464212E+2,-4.816063E+0,2.469215E-1,-6.788120E-3,
7.780970E+2,-2.731500E+2,-2.731500E+2,-2.731500E+2,0.000000E+0,0.000000E+0,0.000000E+0,7.700056E+3,7.700056E+3,2.464004E+2,-4.836731E+0,2.468945E-1,-6.817225E-3,
7.855590E+2,-2.731500E+2,-2.731500E+2,-2.731500E+2,0.000000E+0,0.000000E+0,0.000000E+0,7.599980E+3,7.599980E+3,2.463837E+2,-4.857399E+0,2.468717E-1,-6.846331E-3,
7.930220E+2,-2.731500E+2,-2.731500E+2,-2.731500E+2,0.000000E+0,0.000000E+0,0.000000E+0,7.499904E+3,7.499904E+3,2.463471E+2,-4.898736E+0,2.468289E-1,-6.904567E-3,
8.004930E+2,-2.731500E+2,-2.731500E+2,-2.731500E+2,0.000000E+0,0.000000E+0,0.000000E+0,7.399900E+3,7.399900E+3,2.463222E+2,-4.907006E+0,2.467977E-1,-6.916199E-3,
8.079550E+2,-2.731500E+2,-2.731500E+2,-2.731500E+2,0.000000E+0,0.000000E+0,0.000000E+0,7.300199E+3,7.300199E+3,2.462930E+2,-4.940080E+0,2.467624E-1,-6.962790E-3,
8.154190E+2,-2.731500E+2,-2.731500E+2,-2.731500E+2,0.000000E+0,0.000000E+0,0.000000E+0,7.199837E+3,7.199837E+3,2.462398E+2,-4.960749E+0,2.467029E-1,-6.991896E-3,
8.228800E+2,-2.731500E+2,-2.731500E+2,-2.731500E+2,0.000000E+0,0.000000E+0,0.000000E+0,7.100065E+3,7.100065E+3,2.461982E+2,-5.002085E+0,2.466551E-1,-7.050132E-3,
8.303400E+2,-2.731500E+2,-2.731500E+2,-2.731500E+2,0.000000E+0,0.000000E+0,0.000000E+0,6.999989E+3,6.999989E+3,2.461566E+2,-5.031024E+0,2.466073E-1,-7.090895E-3,
8.378040E+2,-2.731500E+2,-2.731500E+2,-2.731500E+2,0.000000E+0,0.000000E+0,0.000000E+0,6.899931E+3,6.899931E+3,2.461150E+2,-5.051697E+0,2.465595E-1,-7.120008E-3,
8.452690E+2,-2.731500E+2,-2.731500E+2,-2.731500E+2,0.000000E+0,0.000000E+0,0.000000E+0,6.799927E+3,6.799927E+3,2.460867E+2,-5.105434E+0,2.465251E-1,-7.195723E-3,
8.527380E+2,-2.731500E+2,-2.731500E+2,-2.731500E+2,0.000000E+0,0.000000E+0,0.000000E+0,6.699976E+3,6.699976E+3,2.460534E+2,-5.126102E+0,2.464856E-1,-7.224829E-3,
8.602010E+2,-2.731500E+2,-2.731500E+2,-2.731500E+2,0.000000E+0,0.000000E+0,0.000000E+0,6.600043E+3,6.600043E+3,2.459910E+2,-5.167447E+0,2.464170E-1,-7.283078E-3,
8.676640E+2,-2.731500E+2,-2.731500E+2,-2.731500E+2,0.000000E+0,0.000000E+0,0.000000E+0,6.499914E+3,6.499914E+3,2.459502E+2,-5.188115E+0,2.463700E-1,-7.312183E-3,
8.751250E+2,-2.731500E+2,-2.731500E+2,-2.731500E+2,0.000000E+0,0.000000E+0,0.000000E+0,6.400070E+3,6.400070E+3,2.458878E+2,-5.250128E+0,2.463014E-1,-7.399564E-3,
8.825880E+2,-2.731500E+2,-2.731500E+2,-2.731500E+2,0.000000E+0,0.000000E+0,0.000000E+0,6.299923E+3,6.299923E+3,2.458055E+2,-5.279070E+0,2.462128E-1,-7.440331E-3,
8.900630E+2,-2.731500E+2,-2.731500E+2,-2.731500E+2,0.000000E+0,0.000000E+0,0.000000E+0,6.200026E+3,6.200026E+3,2.457639E+2,-5.312149E+0,2.461650E-1,-7.486930E-3,
8.975300E+2,-2.731500E+2,-2.731500E+2,-2.731500E+2,0.000000E+0,0.000000E+0,0.000000E+0,6.100111E+3,6.100111E+3,2.456815E+2,-5.353494E+0,2.460765E-1,-7.545179E-3,
9.049920E+2,-2.731500E+2,-2.731500E+2,-2.731500E+2,0.000000E+0,0.000000E+0,0.000000E+0,6.000124E+3,6.000124E+3,2.456191E+2,-5.415499E+0,2.460078E-1,-7.632547E-3,
9.124530E+2,-2.731500E+2,-2.731500E+2,-2.731500E+2,0.000000E+0,0.000000E+0,0.000000E+0,5.899780E+3,5.899780E+3,2.455201E+2,-5.456843E+0,2.459026E-1,-7.690796E-3,
9.199130E+2,-2.731500E+2,-2.731500E+2,-2.731500E+2,0.000000E+0,0.000000E+0,0.000000E+0,5.800026E+3,5.800026E+3,2.454419E+2,-5.518848E+0,2.458182E-1,-7.778165E-3,
9.273740E+2,-2.731500E+2,-2.731500E+2,-2.731500E+2,0.000000E+0,0.000000E+0,0.000000E+0,5.700022E+3,5.700022E+3,2.453503E+2,-5.560192E+0,2.457205E-1,-7.836414E-3,
9.348400E+2,-2.731500E+2,-2.731500E+2,-2.731500E+2,0.000000E+0,0.000000E+0,0.000000E+0,5.600035E+3,5.600035E+3,2.452388E+2,-5.622197E+0,2.456028E-1,-7.923782E-3,
9.423100E+2,-2.731500E+2,-2.731500E+2,-2.731500E+2,0.000000E+0,0.000000E+0,0.000000E+0,5.500049E+3,5.500049E+3,2.451440E+2,-5.684210E+0,2.455018E-1,-8.011162E-3,
9.497740E+2,-2.731500E+2,-2.731500E+2,-2.731500E+2,0.000000E+0,0.000000E+0,0.000000E+0,5.400134E+3,5.400134E+3,2.450034E+2,-5.766882E+0,2.453549E-1,-8.127662E-3,
9.572360E+2,-2.731500E+2,-2.731500E+2,-2.731500E+2,0.000000E+0,0.000000E+0,0.000000E+0,5.300004E+3,5.300004E+3,2.448586E+2,-5.828895E+0,2.452039E-1,-8.215042E-3,
9.647000E+2,-2.731500E+2,-2.731500E+2,-2.731500E+2,0.000000E+0,0.000000E+0,0.000000E+0,5.200035E+3,5.200035E+3,2.447096E+2,-5.911576E+0,2.450488E-1,-8.331554E-3,
9.721620E+2,-2.731500E+2,-2.731500E+2,-2.731500E+2,0.000000E+0,0.000000E+0,0.000000E+0,5.100049E+3,5.100049E+3,2.445408E+2,-5.973580E+0,2.448737E-1,-8.418923E-3,
9.796300E+2,-2.731500E+2,-2.731500E+2,-2.731500E+2,0.000000E+0,0.000000E+0,0.000000E+0,5.000062E+3,5.000062E+3,2.443585E+2,-6.056261E+0,2.446853E-1,-8.535435E-3,
9.870920E+2,-2.731500E+2,-2.731500E+2,-2.731500E+2,0.000000E+0,0.000000E+0,0.000000E+0,4.900165E+3,4.900165E+3,2.441314E+2,-6.159610E+0,2.444519E-1,-8.681078E-3,
9.945520E+2,-2.731500E+2,-2.731500E+2,-2.731500E+2,0.000000E+0,0.000000E+0,0.000000E+0,4.800036E+3,4.800036E+3,2.439034E+2,-6.242291E+0,2.442177E-1,-8.797590E-3,
1.002014E+3,-2.731500E+2,-2.731500E+2,-2.731500E+2,0.000000E+0,0.000000E+0,0.000000E+0,4.700157E+3,4.700157E+3,2.436554E+2,-6.324972E+0,2.439636E-1,-8.914102E-3,
1.009474E+3,-2.731500E+2,-2.731500E+2,-2.731500E+2,0.000000E+0,0.000000E+0,0.000000E+0,4.600098E+3,4.600098E+3,2.433667E+2,-6.428313E+0,2.436687E-1,-9.059733E-3,
1.016935E+3,-2.731500E+2,-2.731500E+2,-2.731500E+2,0.000000E+0,0.000000E+0,0.000000E+0,4.499969E+3,4.499969E+3,2.430356E+2,-6.531662E+0,2.433313E-1,-9.205376E-3,
1.024397E+3,-2.731500E+2,-2.731500E+2,-2.731500E+2,0.000000E+0,0.000000E+0,0.000000E+0,4.399875E+3,4.399875E+3,2.426636E+2,-6.635011E+0,2.429531E-1,-9.351020E-3,
1.031859E+3,-2.731500E+2,-2.731500E+2,-2.731500E+2,0.000000E+0,0.000000E+0,0.000000E+0,4.300157E+3,4.300157E+3,2.422293E+2,-6.738360E+0,2.425126E-1,-9.496663E-3,
1.039334E+3,-2.731500E+2,-2.731500E+2,-2.731500E+2,0.000000E+0,0.000000E+0,0.000000E+0,4.200135E+3,4.200135E+3,2.417376E+2,-6.883054E+0,2.420146E-1,-9.700582E-3,
1.046799E+3,-2.731500E+2,-2.731500E+2,-2.731500E+2,0.000000E+0,0.000000E+0,0.000000E+0,4.100041E+3,4.100041E+3,2.411751E+2,-6.994665E+0,2.414459E-1,-9.857870E-3,
1.054263E+3,-2.731500E+2,-2.731500E+2,-2.731500E+2,0.000000E+0,0.000000E+0,0.000000E+0,4.000001E+3,4.000001E+3,2.405136E+2,-7.131089E+0,2.407782E-1,-1.005013E-2,
1.061726E+3,-2.731500E+2,-2.731500E+2,-2.731500E+2,0.000000E+0,0.000000E+0,0.000000E+0,3.900068E+3,3.900068E+3,2.397448E+2,-7.255106E+0,2.400032E-1,-1.022491E-2,
1.069201E+3,-2.731500E+2,-2.731500E+2,-2.731500E+2,0.000000E+0,0.000000E+0,0.000000E+0,3.799813E+3,3.799813E+3,2.388395E+2,-7.399791E+0,2.390916E-1,-1.042881E-2,
1.076661E+3,-2.731500E+2,-2.731500E+2,-2.731500E+2,0.000000E+0,0.000000E+0,0.000000E+0,3.700023E+3,3.700023E+3,2.377645E+2,-7.544476E+0,2.380104E-1,-1.063272E-2,
1.084123E+3,-2.731500E+2,-2.731500E+2,-2.731500E+2,0.000000E+0,0.000000E+0,0.000000E+0,3.599947E+3,3.599947E+3,2.365040E+2,-7.693304E+0,2.367436E-1,-1.084246E-2,
1.091583E+3,-2.731500E+2,-2.731500E+2,-2.731500E+2,0.000000E+0,0.000000E+0,0.000000E+0,3.500032E+3,3.500032E+3,2.350154E+2,-7.854524E+0,2.352487E-1,-1.106967E-2,
1.099044E+3,-2.731500E+2,-2.731500E+2,-2.731500E+2,0.000000E+0,0.000000E+0,0.000000E+0,3.399867E+3,3.399867E+3,2.332590E+2,-7.999218E+0,2.334860E-1,-1.127359E-2,
1.106507E+3,-2.731500E+2,-2.731500E+2,-2.731500E+2,0.000000E+0,0.000000E+0,0.000000E+0,3.299988E+3,3.299988E+3,2.312130E+2,-8.143903E+0,2.314337E-1,-1.147750E-2,
1.113967E+3,-2.731500E+2,-2.731500E+2,-2.731500E+2,0.000000E+0,0.000000E+0,0.000000E+0,3.199983E+3,3.199983E+3,2.287942E+2,-8.288588E+0,2.290086E-1,-1.168141E-2,
1.121435E+3,-2.731500E+2,-2.731500E+2,-2.731500E+2,0.000000E+0,0.000000E+0,0.000000E+0,3.099943E+3,3.099943E+3,2.259835E+2,-8.412605E+0,2.261916E-1,-1.185618E-2,
1.128901E+3,-2.731500E+2,-2.731500E+2,-2.731500E+2,0.000000E+0,0.000000E+0,0.000000E+0,2.999974E+3,2.999974E+3,2.227793E+2,-8.557299E+0,2.229810E-1,-1.206010E-2,
1.136362E+3,-2.731500E+2,-2.731500E+2,-2.731500E+2,0.000000E+0,0.000000E+0,0.000000E+0,2.900024E+3,2.900024E+3,2.191748E+2,-8.660648E+0,2.193702E-1,-1.220574E-2,
1.143826E+3,-2.731500E+2,-2.731500E+2,-2.731500E+2,0.000000E+0,0.000000E+0,0.000000E+0,2.799984E+3,2.799984E+3,2.151518E+2,-8.763998E+0,2.153408E-1,-1.235139E-2,
1.151286E+3,-2.731500E+2,-2.731500E+2,-2.731500E+2,0.000000E+0,0.000000E+0,0.000000E+0,2.699818E+3,2.699818E+3,2.107287E+2,-8.867338E+0,2.109112E-1,-1.249702E-2,
1.158763E+3,-2.731500E+2,-2.731500E+2,-2.731500E+2,0.000000E+0,0.000000E+0,0.000000E+0,2.600100E+3,2.600100E+3,2.059544E+2,-8.933469E+0,2.061304E-1,-1.259020E-2,
1.166226E+3,-2.731500E+2,-2.731500E+2,-2.731500E+2,0.000000E+0,0.000000E+0,0.000000E+0,2.500078E+3,2.500078E+3,2.008073E+2,-9.012032E+0,2.009769E-1,-1.270091E-2,
1.173689E+3,-2.731500E+2,-2.731500E+2,-2.731500E+2,0.000000E+0,0.000000E+0,0.000000E+0,2.399859E+3,2.399859E+3,1.953299E+2,-9.074019E+0,1.954930E-1,-1.278825E-2,
1.181150E+3,-2.731500E+2,-2.731500E+2,-2.731500E+2,0.000000E+0,0.000000E+0,0.000000E+0,2.299962E+3,2.299962E+3,1.896046E+2,-9.119499E+0,1.897612E-1,-1.285233E-2,
1.188612E+3,-2.731500E+2,-2.731500E+2,-2.731500E+2,0.000000E+0,0.000000E+0,0.000000E+0,2.199904E+3,2.199904E+3,1.835813E+2,-9.136006E+0,1.837315E-1,-1.287557E-2,
1.196074E+3,-2.731500E+2,-2.731500E+2,-2.731500E+2,0.000000E+0,0.000000E+0,0.000000E+0,2.100150E+3,2.100150E+3,1.773310E+2,-9.156726E+0,1.774746E-1,-1.290475E-2,
1.203537E+3,-2.731500E+2,-2.731500E+2,-2.731500E+2,0.000000E+0,0.000000E+0,0.000000E+0,1.999805E+3,1.999805E+3,1.708360E+2,-9.160853E+0,1.709730E-1,-1.291054E-2,
1.211004E+3,-2.731500E+2,-2.731500E+2,-2.731500E+2,0.000000E+0,0.000000E+0,0.000000E+0,1.899998E+3,1.899998E+3,1.641596E+2,-9.136006E+0,1.642901E-1,-1.287549E-2,
1.218466E+3,-2.731500E+2,-2.731500E+2,-2.731500E+2,0.000000E+0,0.000000E+0,0.000000E+0,1.799975E+3,1.799975E+3,1.572760E+2,-9.115372E+0,1.574000E-1,-1.284638E-2,
1.225928E+3,-2.731500E+2,-2.731500E+2,-2.731500E+2,0.000000E+0,0.000000E+0,0.000000E+0,1.699774E+3,1.699774E+3,1.502078E+2,-9.074019E+0,1.503251E-1,-1.278807E-2,
1.233389E+3,-2.731500E+2,-2.731500E+2,-2.731500E+2,0.000000E+0,0.000000E+0,0.000000E+0,1.600038E+3,1.600038E+3,1.429939E+2,-9.032665E+0,1.431047E-1,-1.272976E-2,
1.240851E+3,-2.731500E+2,-2.731500E+2,-2.731500E+2,0.000000E+0,0.000000E+0,0.000000E+0,1.499926E+3,1.499926E+3,1.356144E+2,-8.991399E+0,1.357186E-1,-1.267157E-2,
1.248327E+3,-2.731500E+2,-2.731500E+2,-2.731500E+2,0.000000E+0,0.000000E+0,0.000000E+0,1.400172E+3,1.400172E+3,1.281118E+2,-8.908692E+0,1.282095E-1,-1.255496E-2,
1.255788E+3,-2.731500E+2,-2.731500E+2,-2.731500E+2,0.000000E+0,0.000000E+0,0.000000E+0,1.300061E+3,1.300061E+3,1.204020E+2,-8.809478E+0,1.204931E-1,-1.241510E-2,
1.263252E+3,-2.731500E+2,-2.731500E+2,-2.731500E+2,0.000000E+0,0.000000E+0,0.000000E+0,1.199877E+3,1.199877E+3,1.125762E+2,-8.702011E+0,1.126607E-1,-1.226360E-2,
1.270714E+3,-2.731500E+2,-2.731500E+2,-2.731500E+2,0.000000E+0,0.000000E+0,0.000000E+0,1.100177E+3,1.100177E+3,1.046305E+2,-8.515954E+0,1.047083E-1,-1.200133E-2,
1.278177E+3,-2.731500E+2,-2.731500E+2,-2.731500E+2,0.000000E+0,0.000000E+0,0.000000E+0,9.999402E+2,9.999402E+2,9.652795E+1,-8.309256E+0,9.659918E-2,-1.170996E-2,
1.286729E+3,-2.731500E+2,-2.731500E+2,-2.731500E+2,0.000000E+0,0.000000E+0,0.000000E+0,9.499380E+2,9.499380E+2,9.243178E+1,-8.185239E+0,9.249971E-2,-1.153515E-2,
1.294190E+3,-2.731500E+2,-2.731500E+2,-2.731500E+2,0.000000E+0,0.000000E+0,0.000000E+0,8.999716E+2,8.999716E+2,8.830146E+1,-8.061222E+0,8.836607E-2,-1.136033E-2,
1.301652E+3,-2.731500E+2,-2.731500E+2,-2.731500E+2,0.000000E+0,0.000000E+0,0.000000E+0,8.499873E+2,8.499873E+2,8.414669E+1,-7.916537E+0,8.420799E-2,-1.115639E-2,
1.309120E+3,-2.731500E+2,-2.731500E+2,-2.731500E+2,0.000000E+0,0.000000E+0,0.000000E+0,8.000030E+2,8.000030E+2,7.995074E+1,-7.771851E+0,8.000872E-2,-1.095244E-2,
1.316588E+3,-2.731500E+2,-2.731500E+2,-2.731500E+2,0.000000E+0,0.000000E+0,0.000000E+0,7.499650E+2,7.499650E+2,7.573406E+1,-7.606489E+0,7.578873E-2,-1.071935E-2,
1.324049E+3,-2.731500E+2,-2.731500E+2,-2.731500E+2,0.000000E+0,0.000000E+0,0.000000E+0,7.000343E+2,7.000343E+2,7.150097E+1,-7.441136E+0,7.155233E-2,-1.048628E-2,
1.331511E+3,-2.731500E+2,-2.731500E+2,-2.731500E+2,0.000000E+0,0.000000E+0,0.000000E+0,6.499248E+2,6.499248E+2,6.721819E+1,-7.275774E+0,6.726621E-2,-1.025319E-2,
1.338976E+3,-2.731500E+2,-2.731500E+2,-2.731500E+2,0.000000E+0,0.000000E+0,0.000000E+0,5.999405E+2,5.999405E+2,6.290646E+1,-7.089744E+0,6.295117E-2,-9.990968E-3,
1.346439E+3,-2.731500E+2,-2.731500E+2,-2.731500E+2,0.000000E+0,0.000000E+0,0.000000E+0,5.500456E+2,5.500456E+2,5.855762E+1,-6.883054E+0,5.859901E-2,-9.699628E-3,
1.353912E+3,-2.731500E+2,-2.731500E+2,-2.731500E+2,0.000000E+0,0.000000E+0,0.000000E+0,4.999540E+2,4.999540E+2,5.417975E+1,-6.676356E+0,5.421780E-2,-9.408276E-3,
1.361374E+3,-2.731500E+2,-2.731500E+2,-2.731500E+2,0.000000E+0,0.000000E+0,0.000000E+0,4.499339E+2,4.499339E+2,4.977299E+1,-6.448990E+0,4.980772E-2,-9.087792E-3,
1.368836E+3,-2.731500E+2,-2.731500E+2,-2.731500E+2,0.000000E+0,0.000000E+0,0.000000E+0,4.001821E+2,4.001821E+2,4.534963E+1,-6.200947E+0,4.538105E-2,-8.738165E-3,
1.376298E+3,-2.731500E+2,-2.731500E+2,-2.731500E+2,0.000000E+0,0.000000E+0,0.000000E+0,3.500547E+2,3.500547E+2,4.084349E+1,-5.952912E+0,4.087156E-2,-8.388550E-3,
1.383760E+3,-2.731500E+2,-2.731500E+2,-2.731500E+2,0.000000E+0,0.000000E+0,0.000000E+0,2.999631E+2,2.999631E+2,3.631680E+1,-5.704878E+0,3.634153E-2,-8.038935E-3,
1.391221E+3,-2.731500E+2,-2.731500E+2,-2.731500E+2,0.000000E+0,0.000000E+0,0.000000E+0,2.499251E+2,2.499251E+2,3.172812E+1,-5.477511E+0,3.174951E-2,-7.718452E-3,
1.398684E+3,-2.731500E+2,-2.731500E+2,-2.731500E+2,0.000000E+0,0.000000E+0,0.000000E+0,1.999945E+2,1.999945E+2,2.710230E+1,-5.192249E+0,2.712036E-2,-7.316363E-3,
1.406149E+3,-2.731500E+2,-2.731500E+2,-2.731500E+2,0.000000E+0,0.000000E+0,0.000000E+0,1.500459E+2,1.500459E+2,2.240615E+1,-5.002085E+0,2.242088E-2,-7.048316E-3,
1.413611E+3,-2.731500E+2,-2.731500E+2,-2.731500E+2,0.000000E+0,0.000000E+0,0.000000E+0,1.001332E+2,1.001332E+2,1.754863E+1,-4.485348E+0,1.756001E-2,-6.319968E-3,
1.422063E+3,-2.731500E+2,-2.731500E+2,-2.731500E+2,0.000000E+0,0.000000E+0,0.000000E+0,8.986804E+1,8.986804E+1,1.657721E+1,-4.423335E+0,1.658791E-2,-6.232559E-3,
1.429425E+3,-2.731500E+2,-2.731500E+2,-2.731500E+2,0.000000E+0,0.000000E+0,0.000000E+0,8.003213E+1,8.003213E+1,1.558507E+1,-4.257982E+0,1.559511E-2,-5.999492E-3,
1.436837E+3,-2.731500E+2,-2.731500E+2,-2.731500E+2,0.000000E+0,0.000000E+0,0.000000E+0,7.012468E+1,7.012468E+1,1.460528E+1,-4.125688E+0,1.461465E-2,-5.813024E-3,
1.444250E+3,-2.731500E+2,-2.731500E+2,-2.731500E+2,0.000000E+0,0.000000E+0,0.000000E+0,5.996687E+1,5.996687E+1,1.360071E+1,-3.968602E+0,1.360940E-2,-5.591610E-3,
1.451612E+3,-2.731500E+2,-2.731500E+2,-2.731500E+2,0.000000E+0,0.000000E+0,0.000000E+0,5.014884E+1,5.014884E+1,1.262929E+1,-3.844585E+0,1.263732E-2,-5.416807E-3,
1.459025E+3,-2.731500E+2,-2.731500E+2,-2.731500E+2,0.000000E+0,0.000000E+0,0.000000E+0,3.999103E+1,3.999103E+1,1.161644E+1,-3.716434E+0,1.162378E-2,-5.236177E-3,
1.466385E+3,-2.731500E+2,-2.731500E+2,-2.731500E+2,0.000000E+0,0.000000E+0,0.000000E+0,3.013723E+1,3.013723E+1,1.064493E+1,-3.559340E+0,1.065162E-2,-5.014751E-3,
1.473798E+3,-2.731500E+2,-2.731500E+2,-2.731500E+2,0.000000E+0,0.000000E+0,0.000000E+0,1.992577E+1,1.992577E+1,9.632161E+0,-3.451857E+0,9.638161E-3,-4.863252E-3,
1.481161E+3,-2.731500E+2,-2.731500E+2,-2.731500E+2,0.000000E+0,0.000000E+0,0.000000E+0,9.964673E+0,9.964673E+0,8.660648E+0,-3.327840E+0,8.665981E-3,-4.688449E-3,
1.488474E+3,-2.731500E+2,-2.731500E+2,-2.731500E+2,0.000000E+0,0.000000E+0,0.000000E+0,3.576700E-3,3.576700E-3,7.668502E+0,-3.183154E+0,7.673166E-3,-4.484514E-3,
1.495837E+3,-2.731500E+2,-2.731500E+2,-2.731500E+2,0.000000E+0,0.000000E+0,0.000000E+0,-1.001117E+1,-1.001117E+1,6.655679E+0,-3.017792E+0,6.659669E-3,-4.251435E-3,
1.503199E+3,-2.731500E+2,-2.731500E+2,-2.731500E+2,0.000000E+0,0.000000E+0,0.000000E+0,-1.990073E+1,-1.990073E+1,5.663542E+0,-2.893775E+0,5.666868E-3,-4.076631E-3,
1.510612E+3,-2.731500E+2,-2.731500E+2,-2.731500E+2,0.000000E+0,0.000000E+0,0.000000E+0,-3.007643E+1,-3.007643E+1,4.650701E+0,-2.744956E+0,4.653344E-3,-3.866870E-3,
1.517976E+3,-2.731500E+2,-2.731500E+2,-2.731500E+2,0.000000E+0,0.000000E+0,0.000000E+0,-3.984081E+1,-3.984081E+1,3.679223E+0,-2.604396E+0,3.681210E-3,-3.668749E-3,
1.525389E+3,-2.731500E+2,-2.731500E+2,-2.731500E+2,0.000000E+0,0.000000E+0,0.000000E+0,-5.001650E+1,-5.001650E+1,2.625064E+0,-2.418366E+0,2.626366E-3,-3.406539E-3,
1.532750E+3,-2.731500E+2,-2.731500E+2,-2.731500E+2,0.000000E+0,0.000000E+0,0.000000E+0,-5.997760E+1,-5.997760E+1,1.612250E+0,-2.211667E+0,1.612882E-3,-3.115197E-3,
1.540162E+3,-2.731500E+2,-2.731500E+2,-2.731500E+2,0.000000E+0,0.000000E+0,0.000000E+0,-6.995658E+1,-6.995658E+1,6.035579E-1,-2.066982E+0,6.035195E-4,-2.911262E-3,
1.547572E+3,-2.731500E+2,-2.731500E+2,-2.731500E+2,0.000000E+0,0.000000E+0,0.000000E+0,-7.989979E+1,-7.989979E+1,-4.340663E-1,-1.880952E+0,-4.347747E-4,-2.649052E-3,
1.554984E+3,-2.731500E+2,-2.731500E+2,-2.731500E+2,0.000000E+0,0.000000E+0,0.000000E+0,-8.980724E+1,-8.980724E+1,-1.426219E+0,-1.736267E+0,-1.427593E-3,-2.445117E-3,
1.562397E+3,-2.731500E+2,-2.731500E+2,-2.731500E+2,0.000000E+0,0.000000E+0,0.000000E+0,-9.994717E+1,-9.994717E+1,-2.455568E+0,-1.591573E+0,-2.457624E-3,-2.241170E-3,
1.570998E+3,-2.731500E+2,-2.731500E+2,-2.731500E+2,0.000000E+0,0.000000E+0,0.000000E+0,-1.500567E+2,-1.500567E+2,-7.792519E+0,-2.893766E-1,-7.797957E-3,-4.057247E-4,
1.578459E+3,-2.731500E+2,-2.731500E+2,-2.731500E+2,0.000000E+0,0.000000E+0,0.000000E+0,-1.999873E+2,-1.999873E+2,-1.339403E+1,1.178176E+0,-1.340285E-2,1.662789E-3,
1.585920E+3,-2.731500E+2,-2.731500E+2,-2.731500E+2,0.000000E+0,0.000000E+0,0.000000E+0,-2.499895E+2,-2.499895E+2,-1.918153E+1,2.645741E+0,-1.919375E-2,3.731319E-3,
1.593382E+3,-2.731500E+2,-2.731500E+2,-2.731500E+2,0.000000E+0,0.000000E+0,0.000000E+0,-2.999202E+2,-2.999202E+2,-2.496920E+1,4.051283E+0,-2.498482E-2,5.712430E-3,
1.600842E+3,-2.731500E+2,-2.731500E+2,-2.731500E+2,0.000000E+0,0.000000E+0,0.000000E+0,-3.501906E+2,-3.501906E+2,-3.081869E+1,5.167447E+0,-3.083772E-2,7.285664E-3,
1.608304E+3,-2.731500E+2,-2.731500E+2,-2.731500E+2,0.000000E+0,0.000000E+0,0.000000E+0,-4.000855E+2,-4.000855E+2,-3.654420E+1,6.014925E+0,-3.656662E-2,8.480189E-3,
1.615769E+3,-2.731500E+2,-2.731500E+2,-2.731500E+2,0.000000E+0,0.000000E+0,0.000000E+0,-4.501414E+2,-4.501414E+2,-4.222010E+1,6.982261E+0,-4.224592E-2,9.843652E-3,
1.623229E+3,-2.731500E+2,-2.731500E+2,-2.731500E+2,0.000000E+0,0.000000E+0,0.000000E+0,-5.000005E+2,-5.000005E+2,-4.760266E+1,7.565153E+0,-4.763185E-2,1.066525E-2,
1.630692E+3,-2.731500E+2,-2.731500E+2,-2.731500E+2,0.000000E+0,0.000000E+0,0.000000E+0,-5.500564E+2,-5.500564E+2,-5.274940E+1,8.143903E+0,-5.278196E-2,1.148100E-2,
1.638156E+3,-2.731500E+2,-2.731500E+2,-2.731500E+2,0.000000E+0,0.000000E+0,0.000000E+0,-6.000943E+2,-6.000943E+2,-5.768945E+1,8.557299E+0,-5.772537E-2,1.206369E-2,
1.645631E+3,-2.731500E+2,-2.731500E+2,-2.731500E+2,0.000000E+0,0.000000E+0,0.000000E+0,-6.499356E+2,-6.499356E+2,-6.243933E+1,8.825984E+0,-6.247858E-2,1.244241E-2,
1.653092E+3,-2.731500E+2,-2.731500E+2,-2.731500E+2,0.000000E+0,0.000000E+0,0.000000E+0,-7.001881E+2,-7.001881E+2,-6.709413E+1,9.012032E+0,-6.713673E-2,1.270466E-2,
1.660555E+3,-2.731500E+2,-2.731500E+2,-2.731500E+2,0.000000E+0,0.000000E+0,0.000000E+0,-7.500473E+2,-7.500473E+2,-7.162082E+1,9.136006E+0,-7.166675E-2,1.287941E-2,
1.668017E+3,-2.731500E+2,-2.731500E+2,-2.731500E+2,0.000000E+0,0.000000E+0,0.000000E+0,-8.000852E+2,-8.000852E+2,-7.608553E+1,9.218713E+0,-7.613479E-2,1.299600E-2,
1.675479E+3,-2.731500E+2,-2.731500E+2,-2.731500E+2,0.000000E+0,0.000000E+0,0.000000E+0,-8.500338E+2,-8.500338E+2,-8.046744E+1,9.272446E+0,-8.052002E-2,1.307175E-2,
1.682939E+3,-2.731500E+2,-2.731500E+2,-2.731500E+2,0.000000E+0,0.000000E+0,0.000000E+0,-9.000539E+2,-9.000539E+2,-8.478771E+1,9.301420E+0,-8.484362E-2,1.311260E-2,
1.690400E+3,-2.731500E+2,-2.731500E+2,-2.731500E+2,0.000000E+0,0.000000E+0,0.000000E+0,-9.499488E+2,-9.499488E+2,-8.904530E+1,9.301420E+0,-8.910452E-2,1.311261E-2,
1.697864E+3,-2.731500E+2,-2.731500E+2,-2.731500E+2,0.000000E+0,0.000000E+0,0.000000E+0,-9.998437E+2,-9.998437E+2,-9.323336E+1,9.301420E+0,-9.329589E-2,1.311263E-2,
1.706466E+3,-2.731500E+2,-2.731500E+2,-2.731500E+2,0.000000E+0,0.000000E+0,0.000000E+0,-1.100116E+3,-1.100116E+3,-1.015302E+2,9.260066E+0,-1.015994E-1,1.305436E-2,
1.713934E+3,-2.731500E+2,-2.731500E+2,-2.731500E+2,0.000000E+0,0.000000E+0,0.000000E+0,-1.200085E+3,-1.200085E+3,-1.096328E+2,9.181503E+0,-1.097086E-1,1.294366E-2,
1.721400E+3,-2.731500E+2,-2.731500E+2,-2.731500E+2,0.000000E+0,0.000000E+0,0.000000E+0,-1.299928E+3,-1.299928E+3,-1.175739E+2,9.115372E+0,-1.176562E-1,1.285047E-2,
1.728863E+3,-2.731500E+2,-2.731500E+2,-2.731500E+2,0.000000E+0,0.000000E+0,0.000000E+0,-1.400219E+3,-1.400219E+3,-1.254035E+2,9.053385E+0,-1.254925E-1,1.276313E-2,
1.736325E+3,-2.731500E+2,-2.731500E+2,-2.731500E+2,0.000000E+0,0.000000E+0,0.000000E+0,-1.500080E+3,-1.500080E+3,-1.330725E+2,8.991399E+0,-1.331681E-1,1.267578E-2,
1.743786E+3,-2.731500E+2,-2.731500E+2,-2.731500E+2,0.000000E+0,0.000000E+0,0.000000E+0,-1.600085E+3,-1.600085E+3,-1.406125E+2,8.929325E+0,-1.407147E-1,1.258832E-2,
1.751248E+3,-2.731500E+2,-2.731500E+2,-2.731500E+2,0.000000E+0,0.000000E+0,0.000000E+0,-1.700000E+3,-1.700000E+3,-1.479953E+2,8.908692E+0,-1.481041E-1,1.255926E-2,
1.758714E+3,-2.731500E+2,-2.731500E+2,-2.731500E+2,0.000000E+0,0.000000E+0,0.000000E+0,-1.800129E+3,-1.800129E+3,-1.552300E+2,8.879718E+0,-1.553453E-1,1.251845E-2,
1.766175E+3,-2.731500E+2,-2.731500E+2,-2.731500E+2,0.000000E+0,0.000000E+0,0.000000E+0,-1.900026E+3,-1.900026E+3,-1.622783E+2,8.846705E+0,-1.624002E-1,1.247194E-2,
1.773637E+3,-2.731500E+2,-2.731500E+2,-2.731500E+2,0.000000E+0,0.000000E+0,0.000000E+0,-1.999995E+3,-1.999995E+3,-1.691411E+2,8.825984E+0,-1.692695E-1,1.244277E-2,
1.781097E+3,-2.731500E+2,-2.731500E+2,-2.731500E+2,0.000000E+0,0.000000E+0,0.000000E+0,-2.100250E+3,-2.100250E+3,-1.757967E+2,8.805351E+0,-1.759317E-1,1.241371E-2,
1.788559E+3,-2.731500E+2,-2.731500E+2,-2.731500E+2,0.000000E+0,0.000000E+0,0.000000E+0,-2.200022E+3,-2.200022E+3,-1.821843E+2,8.768124E+0,-1.823259E-1,1.236126E-2,
1.796021E+3,-2.731500E+2,-2.731500E+2,-2.731500E+2,0.000000E+0,0.000000E+0,0.000000E+0,-2.300133E+3,-2.300133E+3,-1.883598E+2,8.763998E+0,-1.885078E-1,1.235547E-2,
1.803483E+3,-2.731500E+2,-2.731500E+2,-2.731500E+2,0.000000E+0,0.000000E+0,0.000000E+0,-2.399995E+3,-2.399995E+3,-1.942341E+2,8.763998E+0,-1.943886E-1,1.235550E-2,
1.810944E+3,-2.731500E+2,-2.731500E+2,-2.731500E+2,0.000000E+0,0.000000E+0,0.000000E+0,-2.500196E+3,-2.500196E+3,-1.998363E+2,8.768124E+0,-1.999973E-1,1.236134E-2,
1.818405E+3,-2.731500E+2,-2.731500E+2,-2.731500E+2,0.000000E+0,0.000000E+0,0.000000E+0,-2.600021E+3,-2.600021E+3,-2.050940E+2,8.763998E+0,-2.052615E-1,1.235555E-2,
1.825865E+3,-2.731500E+2,-2.731500E+2,-2.731500E+2,0.000000E+0,0.000000E+0,0.000000E+0,-2.700026E+3,-2.700026E+3,-2.100056E+2,8.722644E+0,-2.101796E-1,1.229729E-2,
1.833328E+3,-2.731500E+2,-2.731500E+2,-2.731500E+2,0.000000E+0,0.000000E+0,0.000000E+0,-2.800137E+3,-2.800137E+3,-2.145320E+2,8.660648E+0,-2.147124E-1,1.220994E-2,
1.840789E+3,-2.731500E+2,-2.731500E+2,-2.731500E+2,0.000000E+0,0.000000E+0,0.000000E+0,-2.900124E+3,-2.900124E+3,-2.186249E+2,8.590368E+0,-2.188116E-1,1.211090E-2,
1.848252E+3,-2.731500E+2,-2.731500E+2,-2.731500E+2,0.000000E+0,0.000000E+0,0.000000E+0,-2.999949E+3,-2.999949E+3,-2.223042E+2,8.503554E+0,-2.224973E-1,1.198856E-2,
1.855715E+3,-2.731500E+2,-2.731500E+2,-2.731500E+2,0.000000E+0,0.000000E+0,0.000000E+0,-3.099990E+3,-3.099990E+3,-2.255700E+2,8.412605E+0,-2.257695E-1,1.186040E-2,
1.863178E+3,-2.731500E+2,-2.731500E+2,-2.731500E+2,0.000000E+0,0.000000E+0,0.000000E+0,-3.200155E+3,-3.200155E+3,-2.284098E+2,8.288588E+0,-2.286156E-1,1.168562E-2,
1.870641E+3,-2.731500E+2,-2.731500E+2,-2.731500E+2,0.000000E+0,0.000000E+0,0.000000E+0,-3.300070E+3,-3.300070E+3,-2.308818E+2,8.185239E+0,-2.310940E-1,1.153998E-2,
1.878103E+3,-2.731500E+2,-2.731500E+2,-2.731500E+2,0.000000E+0,0.000000E+0,0.000000E+0,-3.400021E+3,-3.400021E+3,-2.329694E+2,8.061222E+0,-2.331879E-1,1.136521E-2,
1.885566E+3,-2.731500E+2,-2.731500E+2,-2.731500E+2,0.000000E+0,0.000000E+0,0.000000E+0,-3.500079E+3,-3.500079E+3,-2.347467E+2,7.916537E+0,-2.349714E-1,1.116130E-2,
1.893031E+3,-2.731500E+2,-2.731500E+2,-2.731500E+2,0.000000E+0,0.000000E+0,0.000000E+0,-3.600173E+3,-3.600173E+3,-2.362768E+2,7.771851E+0,-2.365079E-1,1.095739E-2,
1.900494E+3,-2.731500E+2,-2.731500E+2,-2.731500E+2,0.000000E+0,0.000000E+0,0.000000E+0,-3.700034E+3,-3.700034E+3,-2.375790E+2,7.627157E+0,-2.378163E-1,1.075348E-2,
1.907956E+3,-2.731500E+2,-2.731500E+2,-2.731500E+2,0.000000E+0,0.000000E+0,0.000000E+0,-3.799931E+3,-3.799931E+3,-2.386374E+2,7.482472E+0,-2.388809E-1,1.054957E-2,
1.915419E+3,-2.731500E+2,-2.731500E+2,-2.731500E+2,0.000000E+0,0.000000E+0,0.000000E+0,-3.900007E+3,-3.900007E+3,-2.395468E+2,7.341920E+0,-2.397966E-1,1.035149E-2,
1.922879E+3,-2.731500E+2,-2.731500E+2,-2.731500E+2,0.000000E+0,0.000000E+0,0.000000E+0,-4.000119E+3,-4.000119E+3,-2.403489E+2,7.213761E+0,-2.406049E-1,1.017088E-2,
1.930342E+3,-2.731500E+2,-2.731500E+2,-2.731500E+2,0.000000E+0,0.000000E+0,0.000000E+0,-4.100034E+3,-4.100034E+3,-2.410104E+2,7.089744E+0,-2.412727E-1,9.996101E-3,
1.937804E+3,-2.731500E+2,-2.731500E+2,-2.731500E+2,0.000000E+0,0.000000E+0,0.000000E+0,-4.200235E+3,-4.200235E+3,-2.416094E+2,6.945058E+0,-2.418780E-1,9.792195E-3,
1.945266E+3,-2.731500E+2,-2.731500E+2,-2.731500E+2,0.000000E+0,0.000000E+0,0.000000E+0,-4.300096E+3,-4.300096E+3,-2.420845E+2,6.841709E+0,-2.423593E-1,9.646552E-3,
1.952727E+3,-2.731500E+2,-2.731500E+2,-2.731500E+2,0.000000E+0,0.000000E+0,0.000000E+0,-4.399975E+3,-4.399975E+3,-2.425230E+2,6.717692E+0,-2.428040E-1,9.471777E-3,
1.960188E+3,-2.731500E+2,-2.731500E+2,-2.731500E+2,0.000000E+0,0.000000E+0,0.000000E+0,-4.500123E+3,-4.500123E+3,-2.429116E+2,6.614343E+0,-2.431988E-1,9.326133E-3,
1.967650E+3,-2.731500E+2,-2.731500E+2,-2.731500E+2,0.000000E+0,0.000000E+0,0.000000E+0,-4.600127E+3,-4.600127E+3,-2.432419E+2,6.506860E+0,-2.435353E-1,9.174664E-3,
1.975119E+3,-2.731500E+2,-2.731500E+2,-2.731500E+2,0.000000E+0,0.000000E+0,0.000000E+0,-4.700096E+3,-4.700096E+3,-2.435315E+2,6.386977E+0,-2.438311E-1,9.005715E-3,
1.982580E+3,-2.731500E+2,-2.731500E+2,-2.731500E+2,0.000000E+0,0.000000E+0,0.000000E+0,-4.800118E+3,-4.800118E+3,-2.437794E+2,6.304296E+0,-2.440852E-1,8.889203E-3,
1.990044E+3,-2.731500E+2,-2.731500E+2,-2.731500E+2,0.000000E+0,0.000000E+0,0.000000E+0,-4.900105E+3,-4.900105E+3,-2.440074E+2,6.221623E+0,-2.443194E-1,8.772704E-3,
1.997505E+3,-2.731500E+2,-2.731500E+2,-2.731500E+2,0.000000E+0,0.000000E+0,0.000000E+0,-5.000091E+3,-5.000091E+3,-2.442346E+2,6.138942E+0,-2.445528E-1,8.656192E-3,
2.004965E+3,-2.731500E+2,-2.731500E+2,-2.731500E+2,0.000000E+0,0.000000E+0,0.000000E+0,-5.099952E+3,-5.099952E+3,-2.444201E+2,6.035593E+0,-2.447445E-1,8.510548E-3,
2.012432E+3,-2.731500E+2,-2.731500E+2,-2.731500E+2,0.000000E+0,0.000000E+0,0.000000E+0,-5.200064E+3,-5.200064E+3,-2.445857E+2,5.973580E+0,-2.449163E-1,8.423168E-3,
2.019894E+3,-2.731500E+2,-2.731500E+2,-2.731500E+2,0.000000E+0,0.000000E+0,0.000000E+0,-5.300229E+3,-5.300229E+3,-2.447304E+2,5.890908E+0,-2.450673E-1,8.306668E-3,
2.027355E+3,-2.731500E+2,-2.731500E+2,-2.731500E+2,0.000000E+0,0.000000E+0,0.000000E+0,-5.400037E+3,-5.400037E+3,-2.448752E+2,5.828895E+0,-2.452183E-1,8.219288E-3,
2.034819E+3,-2.731500E+2,-2.731500E+2,-2.731500E+2,0.000000E+0,0.000000E+0,0.000000E+0,-5.500006E+3,-5.500006E+3,-2.449992E+2,5.746214E+0,-2.453484E-1,8.102776E-3,
2.042280E+3,-2.731500E+2,-2.731500E+2,-2.731500E+2,0.000000E+0,0.000000E+0,0.000000E+0,-5.600117E+3,-5.600117E+3,-2.451024E+2,5.684210E+0,-2.454578E-1,8.015408E-3,
2.049744E+3,-2.731500E+2,-2.731500E+2,-2.731500E+2,0.000000E+0,0.000000E+0,0.000000E+0,-5.700104E+3,-5.700104E+3,-2.452055E+2,5.622197E+0,-2.455672E-1,7.928027E-3,
2.057205E+3,-2.731500E+2,-2.731500E+2,-2.731500E+2,0.000000E+0,0.000000E+0,0.000000E+0,-5.800198E+3,-5.800198E+3,-2.453221E+2,5.560192E+0,-2.456899E-1,7.840659E-3,
2.064678E+3,-2.731500E+2,-2.731500E+2,-2.731500E+2,0.000000E+0,0.000000E+0,0.000000E+0,-5.899952E+3,-5.899952E+3,-2.454003E+2,5.518848E+0,-2.457743E-1,7.782410E-3,
2.072143E+3,-2.731500E+2,-2.731500E+2,-2.731500E+2,0.000000E+0,0.000000E+0,0.000000E+0,-6.000207E+3,-6.000207E+3,-2.454951E+2,5.456843E+0,-2.458753E-1,7.695042E-3,
2.079605E+3,-2.731500E+2,-2.731500E+2,-2.731500E+2,0.000000E+0,0.000000E+0,0.000000E+0,-6.100050E+3,-6.100050E+3,-2.455575E+2,5.415499E+0,-2.459440E-1,7.636793E-3,
2.087065E+3,-2.731500E+2,-2.731500E+2,-2.731500E+2,0.000000E+0,0.000000E+0,0.000000E+0,-6.199911E+3,-6.199911E+3,-2.456399E+2,5.374162E+0,-2.460325E-1,7.578556E-3,
2.094529E+3,-2.731500E+2,-2.731500E+2,-2.731500E+2,0.000000E+0,0.000000E+0,0.000000E+0,-6.300112E+3,-6.300112E+3,-2.457023E+2,5.312149E+0,-2.461011E-1,7.491175E-3,
2.101992E+3,-2.731500E+2,-2.731500E+2,-2.731500E+2,0.000000E+0,0.000000E+0,0.000000E+0,-6.399956E+3,-6.399956E+3,-2.457639E+2,5.270796E+0,-2.461689E-1,7.432914E-3,
2.109454E+3,-2.731500E+2,-2.731500E+2,-2.731500E+2,0.000000E+0,0.000000E+0,0.000000E+0,-6.500032E+3,-6.500032E+3,-2.458263E+2,5.229451E+0,-2.462375E-1,7.374665E-3,
2.116915E+3,-2.731500E+2,-2.731500E+2,-2.731500E+2,0.000000E+0,0.000000E+0,0.000000E+0,-6.600161E+3,-6.600161E+3,-2.458670E+2,5.188115E+0,-2.462845E-1,7.316428E-3,
2.124377E+3,-2.731500E+2,-2.731500E+2,-2.731500E+2,0.000000E+0,0.000000E+0,0.000000E+0,-6.700094E+3,-6.700094E+3,-2.459086E+2,5.167447E+0,-2.463323E-1,7.287323E-3,
2.131838E+3,-2.731500E+2,-2.731500E+2,-2.731500E+2,0.000000E+0,0.000000E+0,0.000000E+0,-6.799973E+3,-6.799973E+3,-2.459711E+2,5.126102E+0,-2.464009E-1,7.229074E-3,
2.139301E+3,-2.731500E+2,-2.731500E+2,-2.731500E+2,0.000000E+0,0.000000E+0,0.000000E+0,-6.899996E+3,-6.899996E+3,-2.460118E+2,5.084766E+0,-2.464478E-1,7.170837E-3,
2.146761E+3,-2.731500E+2,-2.731500E+2,-2.731500E+2,0.000000E+0,0.000000E+0,0.000000E+0,-7.000125E+3,-7.000125E+3,-2.460534E+2,5.043430E+0,-2.464956E-1,7.112600E-3,
2.154224E+3,-2.731500E+2,-2.731500E+2,-2.731500E+2,0.000000E+0,0.000000E+0,0.000000E+0,-7.100076E+3,-7.100076E+3,-2.460950E+2,5.022753E+0,-2.465434E-1,7.083483E-3,
2.161687E+3,-2.731500E+2,-2.731500E+2,-2.731500E+2,0.000000E+0,0.000000E+0,0.000000E+0,-7.199973E+3,-7.199973E+3,-2.461150E+2,4.981417E+0,-2.465696E-1,7.025246E-3,
2.169151E+3,-2.731500E+2,-2.731500E+2,-2.731500E+2,0.000000E+0,0.000000E+0,0.000000E+0,-7.300228E+3,-7.300228E+3,-2.461524E+2,4.960749E+0,-2.466132E-1,6.996141E-3,
2.176615E+3,-2.731500E+2,-2.731500E+2,-2.731500E+2,0.000000E+0,0.000000E+0,0.000000E+0,-7.400107E+3,-7.400107E+3,-2.461607E+2,4.940080E+0,-2.466278E-1,6.967035E-3,
2.184078E+3,-2.731500E+2,-2.731500E+2,-2.731500E+2,0.000000E+0,0.000000E+0,0.000000E+0,-7.500058E+3,-7.500058E+3,-2.462190E+2,4.898736E+0,-2.466922E-1,6.908786E-3,
2.191541E+3,-2.731500E+2,-2.731500E+2,-2.731500E+2,0.000000E+0,0.000000E+0,0.000000E+0,-7.599901E+3,-7.599901E+3,-2.462398E+2,4.878068E+0,-2.467192E-1,6.879681E-3,
2.199003E+3,-2.731500E+2,-2.731500E+2,-2.731500E+2,0.000000E+0,0.000000E+0,0.000000E+0,-7.700102E+3,-7.700102E+3,-2.462597E+2,4.844999E+0,-2.467454E-1,6.833097E-3,
2.206464E+3,-2.731500E+2,-2.731500E+2,-2.731500E+2,0.000000E+0,0.000000E+0,0.000000E+0,-7.800071E+3,-7.800071E+3,-2.462806E+2,4.836731E+0,-2.467724E-1,6.821470E-3,
2.213934E+3,-2.731500E+2,-2.731500E+2,-2.731500E+2,0.000000E+0,0.000000E+0,0.000000E+0,-7.900004E+3,-7.900004E+3,-2.463014E+2,4.795387E+0,-2.467994E-1,6.763221E-3,
2.221446E+3,-2.731500E+2,-2.731500E+2,-2.731500E+2,0.000000E+0,0.000000E+0,0.000000E+0,-8.000151E+3,-8.000151E+3,-2.463222E+2,4.774718E+0,-2.468264E-1,6.734116E-3,
2.230149E+3,-2.731500E+2,-2.731500E+2,-2.731500E+2,0.000000E+0,0.000000E+0,0.000000E+0,-7.899950E+3,-7.899950E+3,-2.463014E+2,4.795387E+0,-2.467994E-1,6.763221E-3,
2.237559E+3,-2.731500E+2,-2.731500E+2,-2.731500E+2,0.000000E+0,0.000000E+0,0.000000E+0,-7.799892E+3,-7.799892E+3,-2.462681E+2,4.816063E+0,-2.467599E-1,6.792339E-3,
2.245025E+3,-2.731500E+2,-2.731500E+2,-2.731500E+2,0.000000E+0,0.000000E+0,0.000000E+0,-7.699977E+3,-7.699977E+3,-2.462597E+2,4.853266E+0,-2.467453E-1,6.844749E-3,
2.252485E+3,-2.731500E+2,-2.731500E+2,-2.731500E+2,0.000000E+0,0.000000E+0,0.000000E+0,-7.599848E+3,-7.599848E+3,-2.462190E+2,4.878068E+0,-2.466984E-1,6.879681E-3,
2.259947E+3,-2.731500E+2,-2.731500E+2,-2.731500E+2,0.000000E+0,0.000000E+0,0.000000E+0,-7.499933E+3,-7.499933E+3,-2.462190E+2,4.898736E+0,-2.466922E-1,6.908786E-3,
2.267407E+3,-2.731500E+2,-2.731500E+2,-2.731500E+2,0.000000E+0,0.000000E+0,0.000000E+0,-7.399946E+3,-7.399946E+3,-2.461774E+2,4.940080E+0,-2.466444E-1,6.967035E-3,
2.274869E+3,-2.731500E+2,-2.731500E+2,-2.731500E+2,0.000000E+0,0.000000E+0,0.000000E+0,-7.300049E+3,-7.300049E+3,-2.461566E+2,4.960749E+0,-2.466174E-1,6.996141E-3,
2.282329E+3,-2.731500E+2,-2.731500E+2,-2.731500E+2,0.000000E+0,0.000000E+0,0.000000E+0,-7.199776E+3,-7.199776E+3,-2.461150E+2,4.981417E+0,-2.465696E-1,7.025246E-3,
2.289793E+3,-2.731500E+2,-2.731500E+2,-2.731500E+2,0.000000E+0,0.000000E+0,0.000000E+0,-7.100005E+3,-7.100005E+3,-2.460742E+2,5.022753E+0,-2.465226E-1,7.083483E-3,
2.297256E+3,-2.731500E+2,-2.731500E+2,-2.731500E+2,0.000000E+0,0.000000E+0,0.000000E+0,-6.999929E+3,-6.999929E+3,-2.460659E+2,5.051697E+0,-2.465081E-1,7.124253E-3,
2.304721E+3,-2.731500E+2,-2.731500E+2,-2.731500E+2,0.000000E+0,0.000000E+0,0.000000E+0,-6.899817E+3,-6.899817E+3,-2.460118E+2,5.084766E+0,-2.464478E-1,7.170837E-3,
2.312184E+3,-2.731500E+2,-2.731500E+2,-2.731500E+2,0.000000E+0,0.000000E+0,0.000000E+0,-6.799848E+3,-6.799848E+3,-2.459711E+2,5.126102E+0,-2.464009E-1,7.229074E-3,
2.319646E+3,-2.731500E+2,-2.731500E+2,-2.731500E+2,0.000000E+0,0.000000E+0,0.000000E+0,-6.699951E+3,-6.699951E+3,-2.459294E+2,5.167447E+0,-2.463531E-1,7.287323E-3,
2.327107E+3,-2.731500E+2,-2.731500E+2,-2.731500E+2,0.000000E+0,0.000000E+0,0.000000E+0,-6.600000E+3,-6.600000E+3,-2.458670E+2,5.188115E+0,-2.462844E-1,7.316428E-3,
2.334568E+3,-2.731500E+2,-2.731500E+2,-2.731500E+2,0.000000E+0,0.000000E+0,0.000000E+0,-6.499781E+3,-6.499781E+3,-2.458263E+2,5.237722E+0,-2.462375E-1,7.386322E-3,
2.342028E+3,-2.731500E+2,-2.731500E+2,-2.731500E+2,0.000000E+0,0.000000E+0,0.000000E+0,-6.399938E+3,-6.399938E+3,-2.457639E+2,5.270796E+0,-2.461689E-1,7.432914E-3,
2.349491E+3,-2.731500E+2,-2.731500E+2,-2.731500E+2,0.000000E+0,0.000000E+0,0.000000E+0,-6.299862E+3,-6.299862E+3,-2.457222E+2,5.324555E+0,-2.461211E-1,7.508661E-3,
2.356951E+3,-2.731500E+2,-2.731500E+2,-2.731500E+2,0.000000E+0,0.000000E+0,0.000000E+0,-6.199929E+3,-6.199929E+3,-2.456399E+2,5.374162E+0,-2.460325E-1,7.578556E-3,
2.364416E+3,-2.731500E+2,-2.731500E+2,-2.731500E+2,0.000000E+0,0.000000E+0,0.000000E+0,-6.099889E+3,-6.099889E+3,-2.455783E+2,5.415499E+0,-2.459648E-1,7.636793E-3,
2.371877E+3,-2.731500E+2,-2.731500E+2,-2.731500E+2,0.000000E+0,0.000000E+0,0.000000E+0,-5.999956E+3,-5.999956E+3,-2.455159E+2,5.477511E+0,-2.458961E-1,7.724173E-3,
2.379330E+3,-2.731500E+2,-2.731500E+2,-2.731500E+2,0.000000E+0,0.000000E+0,0.000000E+0,-5.899898E+3,-5.899898E+3,-2.454335E+2,5.518848E+0,-2.458076E-1,7.782410E-3,
2.386841E+3,-2.731500E+2,-2.731500E+2,-2.731500E+2,0.000000E+0,0.000000E+0,0.000000E+0,-5.799983E+3,-5.799983E+3,-2.453503E+2,5.580861E+0,-2.457182E-1,7.869790E-3,
2.394302E+3,-2.731500E+2,-2.731500E+2,-2.731500E+2,0.000000E+0,0.000000E+0,0.000000E+0,-5.699854E+3,-5.699854E+3,-2.452472E+2,5.663542E+0,-2.456088E-1,7.986302E-3,
2.401764E+3,-2.731500E+2,-2.731500E+2,-2.731500E+2,0.000000E+0,0.000000E+0,0.000000E+0,-5.600100E+3,-5.600100E+3,-2.451440E+2,5.704878E+0,-2.454994E-1,8.044539E-3,
2.409226E+3,-2.731500E+2,-2.731500E+2,-2.731500E+2,0.000000E+0,0.000000E+0,0.000000E+0,-5.499773E+3,-5.499773E+3,-2.450200E+2,5.766882E+0,-2.453692E-1,8.131907E-3,
2.416689E+3,-2.731500E+2,-2.731500E+2,-2.731500E+2,0.000000E+0,0.000000E+0,0.000000E+0,-5.399858E+3,-5.399858E+3,-2.449168E+2,5.849563E+0,-2.452599E-1,8.248419E-3,
2.424151E+3,-2.731500E+2,-2.731500E+2,-2.731500E+2,0.000000E+0,0.000000E+0,0.000000E+0,-5.300104E+3,-5.300104E+3,-2.447721E+2,5.911576E+0,-2.451089E-1,8.335800E-3,
2.431614E+3,-2.731500E+2,-2.731500E+2,-2.731500E+2,0.000000E+0,0.000000E+0,0.000000E+0,-5.199832E+3,-5.199832E+3,-2.446231E+2,5.994257E+0,-2.449537E-1,8.452311E-3,
2.439079E+3,-2.731500E+2,-2.731500E+2,-2.731500E+2,0.000000E+0,0.000000E+0,0.000000E+0,-5.099899E+3,-5.099899E+3,-2.444617E+2,6.076929E+0,-2.447861E-1,8.568811E-3,
2.446541E+3,-2.731500E+2,-2.731500E+2,-2.731500E+2,0.000000E+0,0.000000E+0,0.000000E+0,-4.999984E+3,-4.999984E+3,-2.442720E+2,6.159610E+0,-2.445902E-1,8.685323E-3,
2.454002E+3,-2.731500E+2,-2.731500E+2,-2.731500E+2,0.000000E+0,0.000000E+0,0.000000E+0,-4.900069E+3,-4.900069E+3,-2.440565E+2,6.242291E+0,-2.443685E-1,8.801835E-3,
2.461463E+3,-2.731500E+2,-2.731500E+2,-2.731500E+2,0.000000E+0,0.000000E+0,0.000000E+0,-4.799903E+3,-4.799903E+3,-2.438418E+2,6.345641E+0,-2.441476E-1,8.947478E-3,
2.468935E+3,-2.731500E+2,-2.731500E+2,-2.731500E+2,0.000000E+0,0.000000E+0,0.000000E+0,-4.699899E+3,-4.699899E+3,-2.435731E+2,6.448990E+0,-2.438727E-1,9.093122E-3,
2.476395E+3,-2.731500E+2,-2.731500E+2,-2.731500E+2,0.000000E+0,0.000000E+0,0.000000E+0,-4.600056E+3,-4.600056E+3,-2.432627E+2,6.573007E+0,-2.435561E-1,9.267897E-3,
2.483856E+3,-2.731500E+2,-2.731500E+2,-2.731500E+2,0.000000E+0,0.000000E+0,0.000000E+0,-4.499890E+3,-4.499890E+3,-2.429449E+2,6.676356E+0,-2.432320E-1,9.413540E-3,
2.491321E+3,-2.731500E+2,-2.731500E+2,-2.731500E+2,0.000000E+0,0.000000E+0,0.000000E+0,-4.399850E+3,-4.399850E+3,-2.425605E+2,6.800373E+0,-2.428414E-1,9.588315E-3,
2.498781E+3,-2.731500E+2,-2.731500E+2,-2.731500E+2,0.000000E+0,0.000000E+0,0.000000E+0,-4.299971E+3,-4.299971E+3,-2.421261E+2,6.916123E+0,-2.424009E-1,9.751437E-3,
2.506246E+3,-2.731500E+2,-2.731500E+2,-2.731500E+2,0.000000E+0,0.000000E+0,0.000000E+0,-4.199949E+3,-4.199949E+3,-2.416178E+2,7.048408E+0,-2.418863E-1,9.937864E-3,
2.513709E+3,-2.731500E+2,-2.731500E+2,-2.731500E+2,0.000000E+0,0.000000E+0,0.000000E+0,-4.099962E+3,-4.099962E+3,-2.410511E+2,7.193093E+0,-2.413134E-1,1.014177E-2,
2.521178E+3,-2.731500E+2,-2.731500E+2,-2.731500E+2,0.000000E+0,0.000000E+0,0.000000E+0,-3.999922E+3,-3.999922E+3,-2.403896E+2,7.337787E+0,-2.406457E-1,1.034569E-2,
2.528641E+3,-2.731500E+2,-2.731500E+2,-2.731500E+2,0.000000E+0,0.000000E+0,0.000000E+0,-3.899989E+3,-3.899989E+3,-2.395834E+2,7.482472E+0,-2.398332E-1,1.054960E-2,
2.536103E+3,-2.731500E+2,-2.731500E+2,-2.731500E+2,0.000000E+0,0.000000E+0,0.000000E+0,-3.799716E+3,-3.799716E+3,-2.386739E+2,7.647825E+0,-2.389175E-1,1.078263E-2,
2.543564E+3,-2.731500E+2,-2.731500E+2,-2.731500E+2,0.000000E+0,0.000000E+0,0.000000E+0,-3.699962E+3,-3.699962E+3,-2.376197E+2,7.813187E+0,-2.378570E-1,1.101568E-2,
2.551025E+3,-2.731500E+2,-2.731500E+2,-2.731500E+2,0.000000E+0,0.000000E+0,0.000000E+0,-3.599869E+3,-3.599869E+3,-2.363384E+2,7.957873E+0,-2.365694E-1,1.121959E-2,
2.558487E+3,-2.731500E+2,-2.731500E+2,-2.731500E+2,0.000000E+0,0.000000E+0,0.000000E+0,-3.500007E+3,-3.500007E+3,-2.348299E+2,8.123235E+0,-2.350547E-1,1.145264E-2,
2.565950E+3,-2.731500E+2,-2.731500E+2,-2.731500E+2,0.000000E+0,0.000000E+0,0.000000E+0,-3.399806E+3,-3.399806E+3,-2.330518E+2,8.288588E+0,-2.332703E-1,1.168568E-2,
2.573412E+3,-2.731500E+2,-2.731500E+2,-2.731500E+2,0.000000E+0,0.000000E+0,0.000000E+0,-3.299891E+3,-3.299891E+3,-2.309850E+2,8.458084E+0,-2.311971E-1,1.192455E-2,
2.580874E+3,-2.731500E+2,-2.731500E+2,-2.731500E+2,0.000000E+0,0.000000E+0,0.000000E+0,-3.199922E+3,-3.199922E+3,-2.285462E+2,8.635838E+0,-2.287521E-1,1.217507E-2,
2.588336E+3,-2.731500E+2,-2.731500E+2,-2.731500E+2,0.000000E+0,0.000000E+0,0.000000E+0,-3.099829E+3,-3.099829E+3,-2.257347E+2,8.763998E+0,-2.259342E-1,1.235568E-2,
2.595800E+3,-2.731500E+2,-2.731500E+2,-2.731500E+2,0.000000E+0,0.000000E+0,0.000000E+0,-2.999842E+3,-2.999842E+3,-2.225355E+2,8.908692E+0,-2.227287E-1,1.255960E-2,
2.603261E+3,-2.731500E+2,-2.731500E+2,-2.731500E+2,0.000000E+0,0.000000E+0,0.000000E+0,-2.899945E+3,-2.899945E+3,-2.189344E+2,9.053385E+0,-2.191211E-1,1.276352E-2,
2.610725E+3,-2.731500E+2,-2.731500E+2,-2.731500E+2,0.000000E+0,0.000000E+0,0.000000E+0,-2.799941E+3,-2.799941E+3,-2.149247E+2,9.185647E+0,-2.151051E-1,1.294992E-2,
2.618187E+3,-2.731500E+2,-2.731500E+2,-2.731500E+2,0.000000E+0,0.000000E+0,0.000000E+0,-2.699740E+3,-2.699740E+3,-2.105015E+2,9.301420E+0,-2.106755E-1,1.311307E-2,
2.625649E+3,-2.731500E+2,-2.731500E+2,-2.731500E+2,0.000000E+0,0.000000E+0,0.000000E+0,-2.599896E+3,-2.599896E+3,-2.057231E+2,9.404760E+0,-2.058906E-1,1.325870E-2,
2.633111E+3,-2.731500E+2,-2.731500E+2,-2.731500E+2,0.000000E+0,0.000000E+0,0.000000E+0,-2.499999E+3,-2.499999E+3,-2.006010E+2,9.491594E+0,-2.007620E-1,1.338107E-2,
2.640571E+3,-2.731500E+2,-2.731500E+2,-2.731500E+2,0.000000E+0,0.000000E+0,0.000000E+0,-2.399744E+3,-2.399744E+3,-1.951643E+2,9.590808E+0,-1.953189E-1,1.352088E-2,
2.648031E+3,-2.731500E+2,-2.731500E+2,-2.731500E+2,0.000000E+0,0.000000E+0,0.000000E+0,-2.299919E+3,-2.299919E+3,-1.894390E+2,9.632161E+0,-1.895871E-1,1.357914E-2,
2.655493E+3,-2.731500E+2,-2.731500E+2,-2.731500E+2,0.000000E+0,0.000000E+0,0.000000E+0,-2.200075E+3,-2.200075E+3,-1.834657E+2,9.694148E+0,-1.836073E-1,1.366649E-2,
2.662955E+3,-2.731500E+2,-2.731500E+2,-2.731500E+2,0.000000E+0,0.000000E+0,0.000000E+0,-2.099910E+3,-2.099910E+3,-1.772237E+2,9.714782E+0,-1.773587E-1,1.369554E-2,
2.670418E+3,-2.731500E+2,-2.731500E+2,-2.731500E+2,0.000000E+0,0.000000E+0,0.000000E+0,-1.999834E+3,-1.999834E+3,-1.707744E+2,9.714782E+0,-1.709029E-1,1.369552E-2,
2.677880E+3,-2.731500E+2,-2.731500E+2,-2.731500E+2,0.000000E+0,0.000000E+0,0.000000E+0,-1.899973E+3,-1.899973E+3,-1.641180E+2,9.694148E+0,-1.642400E-1,1.366641E-2,
2.685343E+3,-2.731500E+2,-2.731500E+2,-2.731500E+2,0.000000E+0,0.000000E+0,0.000000E+0,-1.800058E+3,-1.800058E+3,-1.572968E+2,9.673428E+0,-1.574122E-1,1.363718E-2,
2.692804E+3,-2.731500E+2,-2.731500E+2,-2.731500E+2,0.000000E+0,0.000000E+0,0.000000E+0,-1.699767E+3,-1.699767E+3,-1.502485E+2,9.632161E+0,-1.503574E-1,1.357899E-2,
2.700267E+3,-2.731500E+2,-2.731500E+2,-2.731500E+2,0.000000E+0,0.000000E+0,0.000000E+0,-1.599906E+3,-1.599906E+3,-1.430554E+2,9.570088E+0,-1.431577E-1,1.349147E-2,
2.707728E+3,-2.731500E+2,-2.731500E+2,-2.731500E+2,0.000000E+0,0.000000E+0,0.000000E+0,-1.499973E+3,-1.499973E+3,-1.357016E+2,9.508101E+0,-1.357973E-1,1.340407E-2,
2.715190E+3,-2.731500E+2,-2.731500E+2,-2.731500E+2,0.000000E+0,0.000000E+0,0.000000E+0,-1.399969E+3,-1.399969E+3,-1.281942E+2,9.421267E+0,-1.282833E-1,1.328165E-2,
2.722652E+3,-2.731500E+2,-2.731500E+2,-2.731500E+2,0.000000E+0,0.000000E+0,0.000000E+0,-1.300000E+3,-1.300000E+3,-1.205459E+2,9.301420E+0,-1.206285E-1,1.311270E-2,
2.730115E+3,-2.731500E+2,-2.731500E+2,-2.731500E+2,0.000000E+0,0.000000E+0,0.000000E+0,-1.199906E+3,-1.199906E+3,-1.127122E+2,9.156726E+0,-1.127881E-1,1.290873E-2,
2.737577E+3,-2.731500E+2,-2.731500E+2,-2.731500E+2,0.000000E+0,0.000000E+0,0.000000E+0,-1.099973E+3,-1.099973E+3,-1.047752E+2,8.970678E+0,-1.048446E-1,1.264648E-2,
2.745039E+3,-2.731500E+2,-2.731500E+2,-2.731500E+2,0.000000E+0,0.000000E+0,0.000000E+0,-9.998079E+2,-9.998079E+2,-9.665192E+1,8.718517E+0,-9.671463E-2,1.229103E-2,
2.753590E+3,-2.731500E+2,-2.731500E+2,-2.731500E+2,0.000000E+0,0.000000E+0,0.000000E+0,-9.499845E+2,-9.499845E+2,-9.257986E+1,8.577967E+0,-9.263926E-2,1.209291E-2,
2.761104E+3,-2.731500E+2,-2.731500E+2,-2.731500E+2,0.000000E+0,0.000000E+0,0.000000E+0,-8.999287E+2,-8.999287E+2,-8.844624E+1,8.433273E+0,-8.850233E-2,1.188896E-2,
2.768564E+3,-2.731500E+2,-2.731500E+2,-2.731500E+2,0.000000E+0,0.000000E+0,0.000000E+0,-8.499265E+2,-8.499265E+2,-8.429138E+1,8.288588E+0,-8.434416E-2,1.168501E-2,
2.776025E+3,-2.731500E+2,-2.731500E+2,-2.731500E+2,0.000000E+0,0.000000E+0,0.000000E+0,-7.999064E+2,-7.999064E+2,-8.011606E+1,8.143903E+0,-8.016552E-2,1.148107E-2,
2.783486E+3,-2.731500E+2,-2.731500E+2,-2.731500E+2,0.000000E+0,0.000000E+0,0.000000E+0,-7.500830E+2,-7.500830E+2,-7.589948E+1,7.957873E+0,-7.594563E-2,1.121884E-2,
2.790950E+3,-2.731500E+2,-2.731500E+2,-2.731500E+2,0.000000E+0,0.000000E+0,0.000000E+0,-7.000272E+2,-7.000272E+2,-7.164979E+1,7.771851E+0,-7.169263E-2,1.095664E-2,
2.798411E+3,-2.731500E+2,-2.731500E+2,-2.731500E+2,0.000000E+0,0.000000E+0,0.000000E+0,-6.499356E+2,-6.499356E+2,-6.736288E+1,7.606489E+0,-6.740239E-2,1.072355E-2,
2.805874E+3,-2.731500E+2,-2.731500E+2,-2.731500E+2,0.000000E+0,0.000000E+0,0.000000E+0,-5.998797E+2,-5.998797E+2,-6.304287E+1,7.399791E+0,-6.307905E-2,1.043220E-2,
2.813334E+3,-2.731500E+2,-2.731500E+2,-2.731500E+2,0.000000E+0,0.000000E+0,0.000000E+0,-5.498954E+2,-5.498954E+2,-5.871880E+1,7.193093E+0,-5.875166E-2,1.014084E-2,
2.820796E+3,-2.731500E+2,-2.731500E+2,-2.731500E+2,0.000000E+0,0.000000E+0,0.000000E+0,-5.000542E+2,-5.000542E+2,-5.434095E+1,6.965727E+0,-5.437049E-2,9.820360E-3,
2.828259E+3,-2.731500E+2,-2.731500E+2,-2.731500E+2,0.000000E+0,0.000000E+0,0.000000E+0,-4.499983E+2,-4.499983E+2,-4.993831E+1,6.734227E+0,-4.996453E-2,9.494050E-3,
2.835720E+3,-2.731500E+2,-2.731500E+2,-2.731500E+2,0.000000E+0,0.000000E+0,0.000000E+0,-3.999425E+2,-3.999425E+2,-4.547369E+1,6.469658E+0,-4.549657E-2,9.121130E-3,
2.843195E+3,-2.731500E+2,-2.731500E+2,-2.731500E+2,0.000000E+0,0.000000E+0,0.000000E+0,-3.500476E+2,-3.500476E+2,-4.098818E+1,6.221623E+0,-4.100774E-2,8.771515E-3,
2.850660E+3,-2.731500E+2,-2.731500E+2,-2.731500E+2,0.000000E+0,0.000000E+0,0.000000E+0,-2.998665E+2,-2.998665E+2,-3.644086E+1,5.944645E+0,-3.645707E-2,8.381103E-3,
2.858124E+3,-2.731500E+2,-2.731500E+2,-2.731500E+2,0.000000E+0,0.000000E+0,0.000000E+0,-2.499538E+2,-2.499538E+2,-3.186043E+1,5.704878E+0,-3.187331E-2,8.043141E-3,
2.865587E+3,-2.731500E+2,-2.731500E+2,-2.731500E+2,0.000000E+0,0.000000E+0,0.000000E+0,-1.998085E+2,-1.998085E+2,-2.720151E+1,5.436175E+0,-2.721104E-2,7.664395E-3,
2.873046E+3,-2.731500E+2,-2.731500E+2,-2.731500E+2,0.000000E+0,0.000000E+0,0.000000E+0,-1.499136E+2,-1.499136E+2,-2.248877E+1,5.188115E+0,-2.249496E-2,7.314743E-3,
2.880508E+3,-2.731500E+2,-2.731500E+2,-2.731500E+2,0.000000E+0,0.000000E+0,0.000000E+0,-9.987563E+1,-9.987563E+1,-1.760656E+1,4.650701E+0,-1.760940E-2,6.557251E-3,
2.888959E+3,-2.731500E+2,-2.731500E+2,-2.731500E+2,0.000000E+0,0.000000E+0,0.000000E+0,-8.986089E+1,-8.986089E+1,-1.661848E+1,4.547352E+0,-1.662064E-2,6.411579E-3,
2.896323E+3,-2.731500E+2,-2.731500E+2,-2.731500E+2,0.000000E+0,0.000000E+0,0.000000E+0,-7.989979E+1,-7.989979E+1,-1.564706E+1,4.423335E+0,-1.564856E-2,6.236775E-3,
2.903696E+3,-2.731500E+2,-2.731500E+2,-2.731500E+2,0.000000E+0,0.000000E+0,0.000000E+0,-6.990293E+1,-6.990293E+1,-1.465492E+1,4.257982E+0,-1.465575E-2,6.003709E-3,
2.911065E+3,-2.731500E+2,-2.731500E+2,-2.731500E+2,0.000000E+0,0.000000E+0,0.000000E+0,-5.979877E+1,-5.979877E+1,-1.367517E+1,4.113288E+0,-1.367532E-2,5.799761E-3,
2.918427E+3,-2.731500E+2,-2.731500E+2,-2.731500E+2,0.000000E+0,0.000000E+0,0.000000E+0,-5.003439E+1,-5.003439E+1,-1.269128E+1,3.968602E+0,-1.269078E-2,5.595827E-3,
2.925841E+3,-2.731500E+2,-2.731500E+2,-2.731500E+2,0.000000E+0,0.000000E+0,0.000000E+0,-3.994811E+1,-3.994811E+1,-1.167842E+1,3.823917E+0,-1.167724E-2,5.391891E-3,
2.933205E+3,-2.731500E+2,-2.731500E+2,-2.731500E+2,0.000000E+0,0.000000E+0,0.000000E+0,-2.993336E+1,-2.993336E+1,-1.068629E+1,3.658555E+0,-1.068443E-2,5.158813E-3,
2.940567E+3,-2.731500E+2,-2.731500E+2,-2.731500E+2,0.000000E+0,0.000000E+0,0.000000E+0,-1.991862E+1,-1.991862E+1,-9.694148E+0,3.534538E+0,-9.691622E-3,4.984009E-3,
2.947928E+3,-2.731500E+2,-2.731500E+2,-2.731500E+2,0.000000E+0,0.000000E+0,0.000000E+0,-9.868102E+0,-9.868102E+0,-8.697867E+0,3.389853E+0,-8.694666E-3,4.780074E-3,
2.955290E+3,-2.731500E+2,-2.731500E+2,-2.731500E+2,0.000000E+0,0.000000E+0,0.000000E+0,-1.430680E-2,-1.430680E-2,-7.701571E+0,3.286503E+0,-7.697708E-3,4.634402E-3,
2.962695E+3,-2.731500E+2,-2.731500E+2,-2.731500E+2,0.000000E+0,0.000000E+0,0.000000E+0,1.010774E+1,1.010774E+1,-6.697024E+0,3.141818E+0,-6.692482E-3,4.430467E-3,
2.970054E+3,-2.731500E+2,-2.731500E+2,-2.731500E+2,0.000000E+0,0.000000E+0,0.000000E+0,1.997942E+1,1.997942E+1,-5.684210E+0,2.955788E+0,-5.679003E-3,4.168257E-3,
2.977465E+3,-2.731500E+2,-2.731500E+2,-2.731500E+2,0.000000E+0,0.000000E+0,0.000000E+0,3.006570E+1,3.006570E+1,-4.671369E+0,2.811103E+0,-4.665485E-3,3.964322E-3,
2.984826E+3,-2.731500E+2,-2.731500E+2,-2.731500E+2,0.000000E+0,0.000000E+0,0.000000E+0,4.015198E+1,4.015198E+1,-3.658555E+0,2.604396E+0,-3.651993E-3,3.672968E-3,
2.992188E+3,-2.731500E+2,-2.731500E+2,-2.731500E+2,0.000000E+0,0.000000E+0,0.000000E+0,5.022038E+1,5.022038E+1,-2.604396E+0,2.418366E+0,-2.597155E-3,3.410758E-3,
2.999551E+3,-2.731500E+2,-2.731500E+2,-2.731500E+2,0.000000E+0,0.000000E+0,0.000000E+0,5.991322E+1,5.991322E+1,-1.632918E+0,2.286081E+0,-1.625026E-3,3.224302E-3,
3.006964E+3,-2.731500E+2,-2.731500E+2,-2.731500E+2,0.000000E+0,0.000000E+0,0.000000E+0,6.999950E+1,6.999950E+1,-6.200938E-1,2.128986E+0,-6.115248E-4,3.002876E-3,
3.014278E+3,-2.731500E+2,-2.731500E+2,-2.731500E+2,0.000000E+0,0.000000E+0,0.000000E+0,8.005001E+1,8.005001E+1,3.927266E-1,1.984301E+0,4.019710E-4,2.798941E-3,
3.021640E+3,-2.731500E+2,-2.731500E+2,-2.731500E+2,0.000000E+0,0.000000E+0,0.000000E+0,8.995746E+1,8.995746E+1,1.405551E+0,1.798271E+0,1.415462E-3,2.536730E-3,
3.029049E+3,-2.731500E+2,-2.731500E+2,-2.731500E+2,0.000000E+0,0.000000E+0,0.000000E+0,1.000795E+2,1.000795E+2,2.439034E+0,1.612250E+0,2.449625E-3,2.274532E-3,
3.037601E+3,-2.731500E+2,-2.731500E+2,-2.731500E+2,0.000000E+0,0.000000E+0,0.000000E+0,1.499744E+2,1.499744E+2,7.813187E+0,2.893766E-1,7.827150E-3,4.099437E-4,
3.045063E+3,-2.731500E+2,-2.731500E+2,-2.731500E+2,0.000000E+0,0.000000E+0,0.000000E+0,2.001197E+2,2.001197E+2,1.351809E+1,-1.405551E+0,1.353546E-2,-1.979053E-3,
3.052526E+3,-2.731500E+2,-2.731500E+2,-2.731500E+2,0.000000E+0,0.000000E+0,0.000000E+0,2.500682E+2,2.500682E+2,1.936758E+1,-2.955788E+0,1.938834E-2,-4.164108E-3,
3.059987E+3,-2.731500E+2,-2.731500E+2,-2.731500E+2,0.000000E+0,0.000000E+0,0.000000E+0,3.000168E+2,3.000168E+2,2.513453E+1,-4.257982E+0,2.515869E-2,-5.999550E-3,
3.067449E+3,-2.731500E+2,-2.731500E+2,-2.731500E+2,0.000000E+0,0.000000E+0,0.000000E+0,3.501263E+2,3.501263E+2,3.096338E+1,-5.394830E+0,3.099095E-2,-7.601940E-3,
3.074911E+3,-2.731500E+2,-2.731500E+2,-2.731500E+2,0.000000E+0,0.000000E+0,0.000000E+0,4.001285E+2,4.001285E+2,3.673437E+1,-6.324972E+0,3.676534E-2,-8.912978E-3,
3.082374E+3,-2.731500E+2,-2.731500E+2,-2.731500E+2,0.000000E+0,0.000000E+0,0.000000E+0,4.500949E+2,4.500949E+2,4.241458E+1,-7.296442E+0,4.244893E-2,-1.028227E-2,
3.089843E+3,-2.731500E+2,-2.731500E+2,-2.731500E+2,0.000000E+0,0.000000E+0,0.000000E+0,5.001865E+2,5.001865E+2,4.780934E+1,-7.937205E+0,4.784708E-2,-1.118543E-2,
3.097307E+3,-2.731500E+2,-2.731500E+2,-2.731500E+2,0.000000E+0,0.000000E+0,0.000000E+0,5.500456E+2,5.500456E+2,5.293545E+1,-8.495286E+0,5.297654E-2,-1.197205E-2,
3.104769E+3,-2.731500E+2,-2.731500E+2,-2.731500E+2,0.000000E+0,0.000000E+0,0.000000E+0,6.000657E+2,6.000657E+2,5.787550E+1,-8.908692E+0,5.791995E-2,-1.255476E-2,
3.112232E+3,-2.731500E+2,-2.731500E+2,-2.731500E+2,0.000000E+0,0.000000E+0,0.000000E+0,6.499606E+2,6.499606E+2,6.262951E+1,-9.177359E+0,6.267730E-2,-1.293345E-2,
3.119692E+3,-2.731500E+2,-2.731500E+2,-2.731500E+2,0.000000E+0,0.000000E+0,0.000000E+0,7.001774E+2,7.001774E+2,6.730090E+1,-9.384127E+0,6.735204E-2,-1.322490E-2,
3.127161E+3,-2.731500E+2,-2.731500E+2,-2.731500E+2,0.000000E+0,0.000000E+0,0.000000E+0,7.501081E+2,7.501081E+2,7.184822E+1,-9.528734E+0,7.190269E-2,-1.342874E-2,
3.134623E+3,-2.731500E+2,-2.731500E+2,-2.731500E+2,0.000000E+0,0.000000E+0,0.000000E+0,8.002176E+2,8.002176E+2,7.631284E+1,-9.611441E+0,7.637065E-2,-1.354533E-2,
3.142087E+3,-2.731500E+2,-2.731500E+2,-2.731500E+2,0.000000E+0,0.000000E+0,0.000000E+0,8.500231E+2,8.500231E+2,8.069484E+1,-9.652795E+0,8.075596E-2,-1.360363E-2,
3.149547E+3,-2.731500E+2,-2.731500E+2,-2.731500E+2,0.000000E+0,0.000000E+0,0.000000E+0,9.000610E+2,9.000610E+2,8.501511E+1,-9.681716E+0,8.507956E-2,-1.364440E-2,
3.157011E+3,-2.731500E+2,-2.731500E+2,-2.731500E+2,0.000000E+0,0.000000E+0,0.000000E+0,9.500453E+2,9.500453E+2,8.927331E+1,-9.694148E+0,8.934108E-2,-1.366194E-2,
3.164473E+3,-2.731500E+2,-2.731500E+2,-2.731500E+2,0.000000E+0,0.000000E+0,0.000000E+0,1.000083E+3,1.000083E+3,9.348929E+1,-9.694148E+0,9.356037E-2,-1.366195E-2,
3.173072E+3,-2.731500E+2,-2.731500E+2,-2.731500E+2,0.000000E+0,0.000000E+0,0.000000E+0,1.100159E+3,1.100159E+3,1.018032E+2,-9.652795E+0,1.018809E-1,-1.360369E-2,
3.180534E+3,-2.731500E+2,-2.731500E+2,-2.731500E+2,0.000000E+0,0.000000E+0,0.000000E+0,1.200074E+3,1.200074E+3,1.099223E+2,-9.603188E+0,1.100067E-1,-1.353380E-2,
3.187995E+3,-2.731500E+2,-2.731500E+2,-2.731500E+2,0.000000E+0,0.000000E+0,0.000000E+0,1.300114E+3,1.300114E+3,1.179009E+2,-9.528734E+0,1.179918E-1,-1.342888E-2,
3.195459E+3,-2.731500E+2,-2.731500E+2,-2.731500E+2,0.000000E+0,0.000000E+0,0.000000E+0,1.400172E+3,1.400172E+3,1.257554E+2,-9.466747E+0,1.258530E-1,-1.334154E-2,
3.202926E+3,-2.731500E+2,-2.731500E+2,-2.731500E+2,0.000000E+0,0.000000E+0,0.000000E+0,1.500070E+3,1.500070E+3,1.334444E+2,-9.425394E+0,1.335486E-1,-1.328328E-2,
3.210391E+3,-2.731500E+2,-2.731500E+2,-2.731500E+2,0.000000E+0,0.000000E+0,0.000000E+0,1.600020E+3,1.600020E+3,1.410094E+2,-9.363407E+0,1.411201E-1,-1.319593E-2,
3.217851E+3,-2.731500E+2,-2.731500E+2,-2.731500E+2,0.000000E+0,0.000000E+0,0.000000E+0,1.700025E+3,1.700025E+3,1.484296E+2,-9.351027E+0,1.485470E-1,-1.317851E-2,
3.225313E+3,-2.731500E+2,-2.731500E+2,-2.731500E+2,0.000000E+0,0.000000E+0,0.000000E+0,1.800118E+3,1.800118E+3,1.556891E+2,-9.322053E+0,1.558130E-1,-1.313770E-2,
3.232773E+3,-2.731500E+2,-2.731500E+2,-2.731500E+2,0.000000E+0,0.000000E+0,0.000000E+0,1.900212E+3,1.900212E+3,1.627543E+2,-9.301420E+0,1.628847E-1,-1.310864E-2,
3.240234E+3,-2.731500E+2,-2.731500E+2,-2.731500E+2,0.000000E+0,0.000000E+0,0.000000E+0,1.999948E+3,1.999948E+3,1.696378E+2,-9.280700E+0,1.697748E-1,-1.307946E-2,
3.247695E+3,-2.731500E+2,-2.731500E+2,-2.731500E+2,0.000000E+0,0.000000E+0,0.000000E+0,2.100310E+3,2.100310E+3,1.763059E+2,-9.239433E+0,1.764495E-1,-1.302132E-2,
3.255157E+3,-2.731500E+2,-2.731500E+2,-2.731500E+2,0.000000E+0,0.000000E+0,0.000000E+0,2.200029E+3,2.200029E+3,1.827094E+2,-9.218713E+0,1.828594E-1,-1.299215E-2,
3.262619E+3,-2.731500E+2,-2.731500E+2,-2.731500E+2,0.000000E+0,0.000000E+0,0.000000E+0,2.300015E+3,2.300015E+3,1.888807E+2,-9.218713E+0,1.890372E-1,-1.299217E-2,
3.270080E+3,-2.731500E+2,-2.731500E+2,-2.731500E+2,0.000000E+0,0.000000E+0,0.000000E+0,2.400091E+3,2.400091E+3,1.947716E+2,-9.218713E+0,1.949347E-1,-1.299220E-2,
3.277542E+3,-2.731500E+2,-2.731500E+2,-2.731500E+2,0.000000E+0,0.000000E+0,0.000000E+0,2.500149E+3,2.500149E+3,2.003650E+2,-9.198079E+0,2.005346E-1,-1.296314E-2,
3.285003E+3,-2.731500E+2,-2.731500E+2,-2.731500E+2,0.000000E+0,0.000000E+0,0.000000E+0,2.600189E+3,2.600189E+3,2.056024E+2,-9.177359E+0,2.057784E-1,-1.293396E-2,
3.292464E+3,-2.731500E+2,-2.731500E+2,-2.731500E+2,0.000000E+0,0.000000E+0,0.000000E+0,2.699979E+3,2.699979E+3,2.104807E+2,-9.136006E+0,2.106632E-1,-1.287570E-2,
3.299925E+3,-2.731500E+2,-2.731500E+2,-2.731500E+2,0.000000E+0,0.000000E+0,0.000000E+0,2.800270E+3,2.800270E+3,2.149871E+2,-9.053385E+0,2.151761E-1,-1.275928E-2,
3.307387E+3,-2.731500E+2,-2.731500E+2,-2.731500E+2,0.000000E+0,0.000000E+0,0.000000E+0,2.900167E+3,2.900167E+3,2.190791E+2,-8.937613E+0,2.192745E-1,-1.259612E-2,
3.314850E+3,-2.731500E+2,-2.731500E+2,-2.731500E+2,0.000000E+0,0.000000E+0,0.000000E+0,3.000010E+3,3.000010E+3,2.227177E+2,-8.846705E+0,2.229194E-1,-1.246801E-2,
3.322315E+3,-2.731500E+2,-2.731500E+2,-2.731500E+2,0.000000E+0,0.000000E+0,0.000000E+0,3.099979E+3,3.099979E+3,2.259419E+2,-8.722644E+0,2.261500E-1,-1.229318E-2,
3.329775E+3,-2.731500E+2,-2.731500E+2,-2.731500E+2,0.000000E+0,0.000000E+0,0.000000E+0,3.200126E+3,3.200126E+3,2.287526E+2,-8.598636E+0,2.289670E-1,-1.211841E-2,
3.337237E+3,-2.731500E+2,-2.731500E+2,-2.731500E+2,0.000000E+0,0.000000E+0,0.000000E+0,3.300113E+3,3.300113E+3,2.311714E+2,-8.453950E+0,2.313921E-1,-1.191451E-2,
3.344698E+3,-2.731500E+2,-2.731500E+2,-2.731500E+2,0.000000E+0,0.000000E+0,0.000000E+0,3.400171E+3,3.400171E+3,2.332382E+2,-8.309256E+0,2.334652E-1,-1.171059E-2,
3.352161E+3,-2.731500E+2,-2.731500E+2,-2.731500E+2,0.000000E+0,0.000000E+0,0.000000E+0,3.500068E+3,3.500068E+3,2.349830E+2,-8.160437E+0,2.352163E-1,-1.150086E-2,
3.359624E+3,-2.731500E+2,-2.731500E+2,-2.731500E+2,0.000000E+0,0.000000E+0,0.000000E+0,3.600162E+3,3.600162E+3,2.364623E+2,-7.999218E+0,2.367020E-1,-1.127365E-2,
3.367095E+3,-2.731500E+2,-2.731500E+2,-2.731500E+2,0.000000E+0,0.000000E+0,0.000000E+0,3.700059E+3,3.700059E+3,2.377030E+2,-7.833856E+0,2.379488E-1,-1.104060E-2,
3.374560E+3,-2.731500E+2,-2.731500E+2,-2.731500E+2,0.000000E+0,0.000000E+0,0.000000E+0,3.800081E+3,3.800081E+3,2.387780E+2,-7.689170E+0,2.390301E-1,-1.083669E-2,
3.382025E+3,-2.731500E+2,-2.731500E+2,-2.731500E+2,0.000000E+0,0.000000E+0,0.000000E+0,3.900050E+3,3.900050E+3,2.396666E+2,-7.523808E+0,2.399250E-1,-1.060364E-2,
3.389484E+3,-2.731500E+2,-2.731500E+2,-2.731500E+2,0.000000E+0,0.000000E+0,0.000000E+0,4.000162E+3,4.000162E+3,2.404521E+2,-7.379123E+0,2.407167E-1,-1.039973E-2,
3.396946E+3,-2.731500E+2,-2.731500E+2,-2.731500E+2,0.000000E+0,0.000000E+0,0.000000E+0,4.100005E+3,4.100005E+3,2.410969E+2,-7.234438E+0,2.413677E-1,-1.019583E-2,
3.404409E+3,-2.731500E+2,-2.731500E+2,-2.731500E+2,0.000000E+0,0.000000E+0,0.000000E+0,4.200206E+3,4.200206E+3,2.416918E+2,-7.110420E+0,2.419688E-1,-1.002105E-2,
3.411884E+3,-2.731500E+2,-2.731500E+2,-2.731500E+2,0.000000E+0,0.000000E+0,0.000000E+0,4.300318E+3,4.300318E+3,2.421677E+2,-6.965727E+0,2.424510E-1,-9.817134E-3,
3.419344E+3,-2.731500E+2,-2.731500E+2,-2.731500E+2,0.000000E+0,0.000000E+0,0.000000E+0,4.400125E+3,4.400125E+3,2.425813E+2,-6.841709E+0,2.428708E-1,-9.642359E-3,
3.426806E+3,-2.731500E+2,-2.731500E+2,-2.731500E+2,0.000000E+0,0.000000E+0,0.000000E+0,4.499987E+3,4.499987E+3,2.429532E+2,-6.738360E+0,2.432489E-1,-9.496715E-3,
3.434267E+3,-2.731500E+2,-2.731500E+2,-2.731500E+2,0.000000E+0,0.000000E+0,0.000000E+0,4.600098E+3,4.600098E+3,2.432627E+2,-6.614343E+0,2.435646E-1,-9.321940E-3,
3.441728E+3,-2.731500E+2,-2.731500E+2,-2.731500E+2,0.000000E+0,0.000000E+0,0.000000E+0,4.700139E+3,4.700139E+3,2.435939E+2,-6.510994E+0,2.439020E-1,-9.176297E-3,
3.449190E+3,-2.731500E+2,-2.731500E+2,-2.731500E+2,0.000000E+0,0.000000E+0,0.000000E+0,4.800125E+3,4.800125E+3,2.438418E+2,-6.407645E+0,2.441562E-1,-9.030654E-3,
3.456652E+3,-2.731500E+2,-2.731500E+2,-2.731500E+2,0.000000E+0,0.000000E+0,0.000000E+0,4.900165E+3,4.900165E+3,2.440690E+2,-6.304296E+0,2.443895E-1,-8.885010E-3,
3.464111E+3,-2.731500E+2,-2.731500E+2,-2.731500E+2,0.000000E+0,0.000000E+0,0.000000E+0,5.000045E+3,5.000045E+3,2.442595E+2,-6.200947E+0,2.445863E-1,-8.739367E-3,
3.471574E+3,-2.731500E+2,-2.731500E+2,-2.731500E+2,0.000000E+0,0.000000E+0,0.000000E+0,5.100228E+3,5.100228E+3,2.444617E+2,-6.118274E+0,2.447947E-1,-8.622867E-3,
3.479033E+3,-2.731500E+2,-2.731500E+2,-2.731500E+2,0.000000E+0,0.000000E+0,0.000000E+0,5.200000E+3,5.200000E+3,2.446273E+2,-6.035593E+0,2.449664E-1,-8.506355E-3,
3.486496E+3,-2.731500E+2,-2.731500E+2,-2.731500E+2,0.000000E+0,0.000000E+0,0.000000E+0,5.300165E+3,5.300165E+3,2.447721E+2,-5.952912E+0,2.451174E-1,-8.389843E-3,
3.493956E+3,-2.731500E+2,-2.731500E+2,-2.731500E+2,0.000000E+0,0.000000E+0,0.000000E+0,5.400205E+3,5.400205E+3,2.449168E+2,-5.890908E+0,2.452684E-1,-8.302475E-3,
3.501418E+3,-2.731500E+2,-2.731500E+2,-2.731500E+2,0.000000E+0,0.000000E+0,0.000000E+0,5.499941E+3,5.499941E+3,2.450408E+2,-5.828895E+0,2.453986E-1,-8.215095E-3,
3.508877E+3,-2.731500E+2,-2.731500E+2,-2.731500E+2,0.000000E+0,0.000000E+0,0.000000E+0,5.600268E+3,5.600268E+3,2.451565E+2,-5.746214E+0,2.455204E-1,-8.098583E-3,
3.516340E+3,-2.731500E+2,-2.731500E+2,-2.731500E+2,0.000000E+0,0.000000E+0,0.000000E+0,5.700111E+3,5.700111E+3,2.452680E+2,-5.684210E+0,2.456381E-1,-8.011215E-3,
3.523801E+3,-2.731500E+2,-2.731500E+2,-2.731500E+2,0.000000E+0,0.000000E+0,0.000000E+0,5.800115E+3,5.800115E+3,2.453711E+2,-5.622197E+0,2.457475E-1,-7.923834E-3,
3.531273E+3,-2.731500E+2,-2.731500E+2,-2.731500E+2,0.000000E+0,0.000000E+0,0.000000E+0,5.900138E+3,5.900138E+3,2.454335E+2,-5.560192E+0,2.458161E-1,-7.836466E-3,
3.538734E+3,-2.731500E+2,-2.731500E+2,-2.731500E+2,0.000000E+0,0.000000E+0,0.000000E+0,6.000267E+3,6.000267E+3,2.455159E+2,-5.518848E+0,2.459047E-1,-7.778217E-3,
3.546200E+3,-2.731500E+2,-2.731500E+2,-2.731500E+2,0.000000E+0,0.000000E+0,0.000000E+0,6.100147E+3,6.100147E+3,2.455783E+2,-5.456843E+0,2.459733E-1,-7.690849E-3,
3.553663E+3,-2.731500E+2,-2.731500E+2,-2.731500E+2,0.000000E+0,0.000000E+0,0.000000E+0,6.200026E+3,6.200026E+3,2.456607E+2,-5.394830E+0,2.460619E-1,-7.603468E-3,
3.561126E+3,-2.731500E+2,-2.731500E+2,-2.731500E+2,0.000000E+0,0.000000E+0,0.000000E+0,6.300155E+3,6.300155E+3,2.457222E+2,-5.353494E+0,2.461296E-1,-7.545231E-3,
3.568588E+3,-2.731500E+2,-2.731500E+2,-2.731500E+2,0.000000E+0,0.000000E+0,0.000000E+0,6.400017E+3,6.400017E+3,2.457847E+2,-5.312149E+0,2.461982E-1,-7.486982E-3,
3.576051E+3,-2.731500E+2,-2.731500E+2,-2.731500E+2,0.000000E+0,0.000000E+0,0.000000E+0,6.500128E+3,6.500128E+3,2.458471E+2,-5.270796E+0,2.462668E-1,-7.428721E-3,
3.583514E+3,-2.731500E+2,-2.731500E+2,-2.731500E+2,0.000000E+0,0.000000E+0,0.000000E+0,6.600169E+3,6.600169E+3,2.459003E+2,-5.229451E+0,2.463263E-1,-7.370472E-3,
3.590974E+3,-2.731500E+2,-2.731500E+2,-2.731500E+2,0.000000E+0,0.000000E+0,0.000000E+0,6.700101E+3,6.700101E+3,2.459294E+2,-5.188115E+0,2.463616E-1,-7.312235E-3,
3.598436E+3,-2.731500E+2,-2.731500E+2,-2.731500E+2,0.000000E+0,0.000000E+0,0.000000E+0,6.800213E+3,6.800213E+3,2.459910E+2,-5.146779E+0,2.464294E-1,-7.253999E-3,
3.605897E+3,-2.731500E+2,-2.731500E+2,-2.731500E+2,0.000000E+0,0.000000E+0,0.000000E+0,6.899949E+3,6.899949E+3,2.460201E+2,-5.105434E+0,2.464647E-1,-7.195750E-3,
3.613361E+3,-2.731500E+2,-2.731500E+2,-2.731500E+2,0.000000E+0,0.000000E+0,0.000000E+0,7.000168E+3,7.000168E+3,2.460534E+2,-5.064098E+0,2.465042E-1,-7.137513E-3,
3.620823E+3,-2.731500E+2,-2.731500E+2,-2.731500E+2,0.000000E+0,0.000000E+0,0.000000E+0,7.100065E+3,7.100065E+3,2.460990E+2,-5.043430E+0,2.465560E-1,-7.108408E-3,
3.628286E+3,-2.731500E+2,-2.731500E+2,-2.731500E+2,0.000000E+0,0.000000E+0,0.000000E+0,7.199980E+3,7.199980E+3,2.461150E+2,-5.002085E+0,2.465781E-1,-7.050158E-3,
3.635746E+3,-2.731500E+2,-2.731500E+2,-2.731500E+2,0.000000E+0,0.000000E+0,0.000000E+0,7.300289E+3,7.300289E+3,2.461607E+2,-4.981417E+0,2.466301E-1,-7.021053E-3,
3.643209E+3,-2.731500E+2,-2.731500E+2,-2.731500E+2,0.000000E+0,0.000000E+0,0.000000E+0,7.400222E+3,7.400222E+3,2.461982E+2,-4.960749E+0,2.466737E-1,-6.991948E-3,
3.650670E+3,-2.731500E+2,-2.731500E+2,-2.731500E+2,0.000000E+0,0.000000E+0,0.000000E+0,7.500137E+3,7.500137E+3,2.462315E+2,-4.919412E+0,2.467132E-1,-6.933711E-3,
3.658132E+3,-2.731500E+2,-2.731500E+2,-2.731500E+2,0.000000E+0,0.000000E+0,0.000000E+0,7.600052E+3,7.600052E+3,2.462597E+2,-4.898736E+0,2.467477E-1,-6.904594E-3,
3.665592E+3,-2.731500E+2,-2.731500E+2,-2.731500E+2,0.000000E+0,0.000000E+0,0.000000E+0,7.700056E+3,7.700056E+3,2.462806E+2,-4.857399E+0,2.467747E-1,-6.846357E-3,
3.673054E+3,-2.731500E+2,-2.731500E+2,-2.731500E+2,0.000000E+0,0.000000E+0,0.000000E+0,7.800150E+3,7.800150E+3,2.463014E+2,-4.836731E+0,2.468017E-1,-6.817251E-3,
3.680516E+3,-2.731500E+2,-2.731500E+2,-2.731500E+2,0.000000E+0,0.000000E+0,0.000000E+0,7.900136E+3,7.900136E+3,2.463430E+2,-4.816063E+0,2.468495E-1,-6.788146E-3,
3.687979E+3,-2.731500E+2,-2.731500E+2,-2.731500E+2,0.000000E+0,0.000000E+0,0.000000E+0,8.000087E+3,8.000087E+3,2.463430E+2,-4.795387E+0,2.468557E-1,-6.759029E-3,
