Time_since_start   Raw_Temperature   Temperature   Temperature_2   Raw_Applied_Field   Applied_Field   Field_Angle   Raw_Applied_Field_For_Plot_   Applied_Field_For_Plot_   Raw_Signal_Mx   Signal_X_direction      
9.204000E+0   -2.731500E+2   -2.731500E+2   -2.731500E+2   0.000000E+0   0.000000E+0   0.000000E+0   4.649700E-3   4.649700E-3   -2.043033E-1   -2.002852E-4   
1.700700E+1   -2.731500E+2   -2.731500E+2   -2.731500E+2   0.000000E+0   0.000000E+0   0.000000E+0   1.001777E+1   1.001777E+1   2.993049E+0   3.001547E-3   
2.500600E+1   -2.731500E+2   -2.731500E+2   -2.731500E+2   0.000000E+0   0.000000E+0   0.000000E+0   2.001820E+1   2.001820E+1   9.244720E+0   9.261383E-3   
3.280200E+1   -2.731500E+2   -2.731500E+2   -2.731500E+2   0.000000E+0   0.000000E+0   0.000000E+0   3.001165E+1   3.001165E+1   2.146213E+1   2.149416E-2   
4.079700E+1   -2.731500E+2   -2.731500E+2   -2.731500E+2   0.000000E+0   0.000000E+0   0.000000E+0   4.001913E+1   4.001913E+1   3.630467E+1   3.635523E-2   
4.884700E+1   -2.731500E+2   -2.731500E+2   -2.731500E+2   0.000000E+0   0.000000E+0   0.000000E+0   5.001482E+1   5.001482E+1   4.930863E+1   4.937551E-2   
5.664400E+1   -2.731500E+2   -2.731500E+2   -2.731500E+2   0.000000E+0   0.000000E+0   0.000000E+0   6.002123E+1   6.002123E+1   5.895784E+1   5.903699E-2   
6.438900E+1   -2.731500E+2   -2.731500E+2   -2.731500E+2   0.000000E+0   0.000000E+0   0.000000E+0   7.001799E+1   7.001799E+1   6.644956E+1   6.653836E-2   
7.238300E+1   -2.731500E+2   -2.731500E+2   -2.731500E+2   0.000000E+0   0.000000E+0   0.000000E+0   8.001761E+1   8.001761E+1   7.202698E+1   7.212314E-2   
8.042700E+1   -2.731500E+2   -2.731500E+2   -2.731500E+2   0.000000E+0   0.000000E+0   0.000000E+0   9.001660E+1   9.001660E+1   7.618460E+1   7.628639E-2   
8.847200E+1   -2.731500E+2   -2.731500E+2   -2.731500E+2   0.000000E+0   0.000000E+0   0.000000E+0   1.000199E+2   1.000199E+2   7.956577E+1   7.967227E-2   
9.811800E+1   -2.731500E+2   -2.731500E+2   -2.731500E+2   0.000000E+0   0.000000E+0   0.000000E+0   1.501315E+2   1.501315E+2   9.031265E+1   9.043522E-2   
1.050600E+2   -2.731500E+2   -2.731500E+2   -2.731500E+2   0.000000E+0   0.000000E+0   0.000000E+0   2.001337E+2   2.001337E+2   9.639890E+1   9.653192E-2   
1.120010E+2   -2.731500E+2   -2.731500E+2   -2.731500E+2   0.000000E+0   0.000000E+0   0.000000E+0   2.501179E+2   2.501179E+2   1.004053E+2   1.005462E-1   
1.189520E+2   -2.731500E+2   -2.731500E+2   -2.731500E+2   0.000000E+0   0.000000E+0   0.000000E+0   3.000306E+2   3.000306E+2   1.032648E+2   1.034123E-1   
1.258950E+2   -2.731500E+2   -2.731500E+2   -2.731500E+2   0.000000E+0   0.000000E+0   0.000000E+0   3.501579E+2   3.501579E+2   1.054413E+2   1.055945E-1   
1.328370E+2   -2.731500E+2   -2.731500E+2   -2.731500E+2   0.000000E+0   0.000000E+0   0.000000E+0   4.003210E+2   4.003210E+2   1.071363E+2   1.072946E-1   
1.397780E+2   -2.731500E+2   -2.731500E+2   -2.731500E+2   0.000000E+0   0.000000E+0   0.000000E+0   4.502873E+2   4.502873E+2   1.085056E+2   1.086687E-1   
1.467180E+2   -2.731500E+2   -2.731500E+2   -2.731500E+2   0.000000E+0   0.000000E+0   0.000000E+0   5.002358E+2   5.002358E+2   1.096290E+2   1.097966E-1   
1.536640E+2   -2.731500E+2   -2.731500E+2   -2.731500E+2   0.000000E+0   0.000000E+0   0.000000E+0   5.502022E+2   5.502022E+2   1.105793E+2   1.107511E-1   
1.606110E+2   -2.731500E+2   -2.731500E+2   -2.731500E+2   0.000000E+0   0.000000E+0   0.000000E+0   6.001328E+2   6.001328E+2   1.113865E+2   1.115624E-1   
1.675530E+2   -2.731500E+2   -2.731500E+2   -2.731500E+2   0.000000E+0   0.000000E+0   0.000000E+0   6.500455E+2   6.500455E+2   1.120703E+2   1.122501E-1   
1.744540E+2   -2.731500E+2   -2.731500E+2   -2.731500E+2   0.000000E+0   0.000000E+0   0.000000E+0   7.002622E+2   7.002622E+2   1.126633E+2   1.128469E-1   
1.813960E+2   -2.731500E+2   -2.731500E+2   -2.731500E+2   0.000000E+0   0.000000E+0   0.000000E+0   7.502285E+2   7.502285E+2   1.131843E+2   1.133717E-1   
1.883370E+2   -2.731500E+2   -2.731500E+2   -2.731500E+2   0.000000E+0   0.000000E+0   0.000000E+0   8.001770E+2   8.001770E+2   1.136313E+2   1.138223E-1   
1.952770E+2   -2.731500E+2   -2.731500E+2   -2.731500E+2   0.000000E+0   0.000000E+0   0.000000E+0   8.501791E+2   8.501791E+2   1.140256E+2   1.142202E-1   
2.022190E+2   -2.731500E+2   -2.731500E+2   -2.731500E+2   0.000000E+0   0.000000E+0   0.000000E+0   9.001634E+2   9.001634E+2   1.143788E+2   1.145769E-1   
2.091620E+2   -2.731500E+2   -2.731500E+2   -2.731500E+2   0.000000E+0   0.000000E+0   0.000000E+0   9.501118E+2   9.501118E+2   1.146877E+2   1.148892E-1   
2.161130E+2   -2.731500E+2   -2.731500E+2   -2.731500E+2   0.000000E+0   0.000000E+0   0.000000E+0   1.000114E+3   1.000114E+3   1.149718E+2   1.151768E-1   
2.235740E+2   -2.731500E+2   -2.731500E+2   -2.731500E+2   0.000000E+0   0.000000E+0   0.000000E+0   1.100243E+3   1.100243E+3   1.154517E+2   1.156634E-1   
2.305150E+2   -2.731500E+2   -2.731500E+2   -2.731500E+2   0.000000E+0   0.000000E+0   0.000000E+0   1.200212E+3   1.200212E+3   1.158296E+2   1.160480E-1   
2.374560E+2   -2.731500E+2   -2.731500E+2   -2.731500E+2   0.000000E+0   0.000000E+0   0.000000E+0   1.300145E+3   1.300145E+3   1.161466E+2   1.163716E-1   
2.443970E+2   -2.731500E+2   -2.731500E+2   -2.731500E+2   0.000000E+0   0.000000E+0   0.000000E+0   1.400310E+3   1.400310E+3   1.164123E+2   1.166438E-1   
2.513400E+2   -2.731500E+2   -2.731500E+2   -2.731500E+2   0.000000E+0   0.000000E+0   0.000000E+0   1.500242E+3   1.500242E+3   1.166265E+2   1.168645E-1   
2.582820E+2   -2.731500E+2   -2.731500E+2   -2.731500E+2   0.000000E+0   0.000000E+0   0.000000E+0   1.600068E+3   1.600068E+3   1.168107E+2   1.170551E-1   
2.652230E+2   -2.731500E+2   -2.731500E+2   -2.731500E+2   0.000000E+0   0.000000E+0   0.000000E+0   1.700072E+3   1.700072E+3   1.169632E+2   1.172140E-1   
2.721660E+2   -2.731500E+2   -2.731500E+2   -2.731500E+2   0.000000E+0   0.000000E+0   0.000000E+0   1.800219E+3   1.800219E+3   1.171064E+2   1.173635E-1   
2.791110E+2   -2.731500E+2   -2.731500E+2   -2.731500E+2   0.000000E+0   0.000000E+0   0.000000E+0   1.900098E+3   1.900098E+3   1.172248E+2   1.174883E-1   
2.860520E+2   -2.731500E+2   -2.731500E+2   -2.731500E+2   0.000000E+0   0.000000E+0   0.000000E+0   2.000210E+3   2.000210E+3   1.173317E+2   1.176015E-1   
2.929930E+2   -2.731500E+2   -2.731500E+2   -2.731500E+2   0.000000E+0   0.000000E+0   0.000000E+0   2.100339E+3   2.100339E+3   1.174131E+2   1.176892E-1   
2.999340E+2   -2.731500E+2   -2.731500E+2   -2.731500E+2   0.000000E+0   0.000000E+0   0.000000E+0   2.200326E+3   2.200326E+3   1.174945E+2   1.177769E-1   
3.068740E+2   -2.731500E+2   -2.731500E+2   -2.731500E+2   0.000000E+0   0.000000E+0   0.000000E+0   2.300223E+3   2.300223E+3   1.175583E+2   1.178470E-1   
3.138160E+2   -2.731500E+2   -2.731500E+2   -2.731500E+2   0.000000E+0   0.000000E+0   0.000000E+0   2.400173E+3   2.400173E+3   1.176273E+2   1.179223E-1   
3.207560E+2   -2.731500E+2   -2.731500E+2   -2.731500E+2   0.000000E+0   0.000000E+0   0.000000E+0   2.500285E+3   2.500285E+3   1.176890E+2   1.179903E-1   
3.276990E+2   -2.731500E+2   -2.731500E+2   -2.731500E+2   0.000000E+0   0.000000E+0   0.000000E+0   2.600182E+3   2.600182E+3   1.177314E+2   1.180388E-1   
3.346410E+2   -2.731500E+2   -2.731500E+2   -2.731500E+2   0.000000E+0   0.000000E+0   0.000000E+0   2.700132E+3   2.700132E+3   1.177807E+2   1.180944E-1   
3.415850E+2   -2.731500E+2   -2.731500E+2   -2.731500E+2   0.000000E+0   0.000000E+0   0.000000E+0   2.800369E+3   2.800369E+3   1.178178E+2   1.181377E-1   
3.485270E+2   -2.731500E+2   -2.731500E+2   -2.731500E+2   0.000000E+0   0.000000E+0   0.000000E+0   2.900302E+3   2.900302E+3   1.178527E+2   1.181789E-1   
3.554680E+2   -2.731500E+2   -2.731500E+2   -2.731500E+2   0.000000E+0   0.000000E+0   0.000000E+0   3.000217E+3   3.000217E+3   1.178827E+2   1.182151E-1   
3.629320E+2   -2.731500E+2   -2.731500E+2   -2.731500E+2   0.000000E+0   0.000000E+0   0.000000E+0   2.899980E+3   2.899980E+3   1.178527E+2   1.181789E-1   
3.698730E+2   -2.731500E+2   -2.731500E+2   -2.731500E+2   0.000000E+0   0.000000E+0   0.000000E+0   2.800262E+3   2.800262E+3   1.178219E+2   1.181418E-1   
3.768140E+2   -2.731500E+2   -2.731500E+2   -2.731500E+2   0.000000E+0   0.000000E+0   0.000000E+0   2.700097E+3   2.700097E+3   1.177725E+2   1.180862E-1   
3.837550E+2   -2.731500E+2   -2.731500E+2   -2.731500E+2   0.000000E+0   0.000000E+0   0.000000E+0   2.600092E+3   2.600092E+3   1.177293E+2   1.180368E-1   
3.906990E+2   -2.731500E+2   -2.731500E+2   -2.731500E+2   0.000000E+0   0.000000E+0   0.000000E+0   2.500178E+3   2.500178E+3   1.176890E+2   1.179903E-1   
3.976400E+2   -2.731500E+2   -2.731500E+2   -2.731500E+2   0.000000E+0   0.000000E+0   0.000000E+0   2.399977E+3   2.399977E+3   1.176273E+2   1.179223E-1   
4.045820E+2   -2.731500E+2   -2.731500E+2   -2.731500E+2   0.000000E+0   0.000000E+0   0.000000E+0   2.300026E+3   2.300026E+3   1.175706E+2   1.178593E-1   
4.115240E+2   -2.731500E+2   -2.731500E+2   -2.731500E+2   0.000000E+0   0.000000E+0   0.000000E+0   2.200093E+3   2.200093E+3   1.174966E+2   1.177790E-1   
4.184650E+2   -2.731500E+2   -2.731500E+2   -2.731500E+2   0.000000E+0   0.000000E+0   0.000000E+0   2.100125E+3   2.100125E+3   1.174255E+2   1.177016E-1   
4.254070E+2   -2.731500E+2   -2.731500E+2   -2.731500E+2   0.000000E+0   0.000000E+0   0.000000E+0   1.999978E+3   1.999978E+3   1.173393E+2   1.176091E-1   
4.323480E+2   -2.731500E+2   -2.731500E+2   -2.731500E+2   0.000000E+0   0.000000E+0   0.000000E+0   1.899973E+3   1.899973E+3   1.172392E+2   1.175027E-1   
4.392890E+2   -2.731500E+2   -2.731500E+2   -2.731500E+2   0.000000E+0   0.000000E+0   0.000000E+0   1.800023E+3   1.800023E+3   1.171166E+2   1.173738E-1   
4.462310E+2   -2.731500E+2   -2.731500E+2   -2.731500E+2   0.000000E+0   0.000000E+0   0.000000E+0   1.699875E+3   1.699875E+3   1.169838E+2   1.172346E-1   
4.531730E+2   -2.731500E+2   -2.731500E+2   -2.731500E+2   0.000000E+0   0.000000E+0   0.000000E+0   1.600139E+3   1.600139E+3   1.168243E+2   1.170687E-1   
4.600720E+2   -2.731500E+2   -2.731500E+2   -2.731500E+2   0.000000E+0   0.000000E+0   0.000000E+0   1.500225E+3   1.500225E+3   1.166450E+2   1.168830E-1   
4.670150E+2   -2.731500E+2   -2.731500E+2   -2.731500E+2   0.000000E+0   0.000000E+0   0.000000E+0   1.400131E+3   1.400131E+3   1.164320E+2   1.166635E-1   
4.739560E+2   -2.731500E+2   -2.731500E+2   -2.731500E+2   0.000000E+0   0.000000E+0   0.000000E+0   1.300001E+3   1.300001E+3   1.161766E+2   1.164016E-1   
4.808960E+2   -2.731500E+2   -2.731500E+2   -2.731500E+2   0.000000E+0   0.000000E+0   0.000000E+0   1.200069E+3   1.200069E+3   1.158604E+2   1.160789E-1   
4.878370E+2   -2.731500E+2   -2.731500E+2   -2.731500E+2   0.000000E+0   0.000000E+0   0.000000E+0   1.100082E+3   1.100082E+3   1.154928E+2   1.157046E-1   
4.947790E+2   -2.731500E+2   -2.731500E+2   -2.731500E+2   0.000000E+0   0.000000E+0   0.000000E+0   9.999530E+2   9.999530E+2   1.150306E+2   1.152356E-1   
5.022410E+2   -2.731500E+2   -2.731500E+2   -2.731500E+2   0.000000E+0   0.000000E+0   0.000000E+0   9.500403E+2   9.500403E+2   1.147567E+2   1.149584E-1   
5.091830E+2   -2.731500E+2   -2.731500E+2   -2.731500E+2   0.000000E+0   0.000000E+0   0.000000E+0   9.000918E+2   9.000918E+2   1.144611E+2   1.146593E-1   
5.160850E+2   -2.731500E+2   -2.731500E+2   -2.731500E+2   0.000000E+0   0.000000E+0   0.000000E+0   8.500539E+2   8.500539E+2   1.141132E+2   1.143078E-1   
5.230230E+2   -2.731500E+2   -2.731500E+2   -2.731500E+2   0.000000E+0   0.000000E+0   0.000000E+0   8.000697E+2   8.000697E+2   1.137353E+2   1.139264E-1   
5.299620E+2   -2.731500E+2   -2.731500E+2   -2.731500E+2   0.000000E+0   0.000000E+0   0.000000E+0   7.501749E+2   7.501749E+2   1.132966E+2   1.134840E-1   
5.369020E+2   -2.731500E+2   -2.731500E+2   -2.731500E+2   0.000000E+0   0.000000E+0   0.000000E+0   7.002264E+2   7.002264E+2   1.128064E+2   1.129902E-1   
5.438430E+2   -2.731500E+2   -2.731500E+2   -2.731500E+2   0.000000E+0   0.000000E+0   0.000000E+0   6.501349E+2   6.501349E+2   1.122258E+2   1.124058E-1   
5.507830E+2   -2.731500E+2   -2.731500E+2   -2.731500E+2   0.000000E+0   0.000000E+0   0.000000E+0   6.001149E+2   6.001149E+2   1.115699E+2   1.117460E-1   
5.577240E+2   -2.731500E+2   -2.731500E+2   -2.731500E+2   0.000000E+0   0.000000E+0   0.000000E+0   5.500949E+2   5.500949E+2   1.107997E+2   1.109718E-1   
5.646190E+2   -2.731500E+2   -2.731500E+2   -2.731500E+2   0.000000E+0   0.000000E+0   0.000000E+0   5.000927E+2   5.000927E+2   1.099049E+2   1.100728E-1   
5.715610E+2   -2.731500E+2   -2.731500E+2   -2.731500E+2   0.000000E+0   0.000000E+0   0.000000E+0   4.501443E+2   4.501443E+2   1.088321E+2   1.089956E-1   
5.785020E+2   -2.731500E+2   -2.731500E+2   -2.731500E+2   0.000000E+0   0.000000E+0   0.000000E+0   4.001064E+2   4.001064E+2   1.075450E+2   1.077039E-1   
5.854430E+2   -2.731500E+2   -2.731500E+2   -2.731500E+2   0.000000E+0   0.000000E+0   0.000000E+0   3.501937E+2   3.501937E+2   1.059717E+2   1.061256E-1   
5.923840E+2   -2.731500E+2   -2.731500E+2   -2.731500E+2   0.000000E+0   0.000000E+0   0.000000E+0   2.999233E+2   2.999233E+2   1.039906E+2   1.041389E-1   
5.993250E+2   -2.731500E+2   -2.731500E+2   -2.731500E+2   0.000000E+0   0.000000E+0   0.000000E+0   2.500821E+2   2.500821E+2   1.014567E+2   1.015989E-1   
6.062640E+2   -2.731500E+2   -2.731500E+2   -2.731500E+2   0.000000E+0   0.000000E+0   0.000000E+0   2.001158E+2   2.001158E+2   9.805770E+1   9.819271E-2   
6.132070E+2   -2.731500E+2   -2.731500E+2   -2.731500E+2   0.000000E+0   0.000000E+0   0.000000E+0   1.500779E+2   1.500779E+2   9.329142E+1   9.341758E-2   
6.201480E+2   -2.731500E+2   -2.731500E+2   -2.731500E+2   0.000000E+0   0.000000E+0   0.000000E+0   1.000758E+2   1.000758E+2   8.613438E+1   8.624881E-2   
6.275100E+2   -2.731500E+2   -2.731500E+2   -2.731500E+2   0.000000E+0   0.000000E+0   0.000000E+0   8.990009E+1   8.990009E+1   8.428543E+1   8.439700E-2   
6.343510E+2   -2.731500E+2   -2.731500E+2   -2.731500E+2   0.000000E+0   0.000000E+0   0.000000E+0   8.004631E+1   8.004631E+1   8.220127E+1   8.230971E-2   
6.411920E+2   -2.731500E+2   -2.731500E+2   -2.731500E+2   0.000000E+0   0.000000E+0   0.000000E+0   7.017465E+1   7.017465E+1   7.983133E+1   7.993629E-2   
6.480350E+2   -2.731500E+2   -2.731500E+2   -2.731500E+2   0.000000E+0   0.000000E+0   0.000000E+0   6.008839E+1   6.008839E+1   7.711417E+1   7.721523E-2   
6.549250E+2   -2.731500E+2   -2.731500E+2   -2.731500E+2   0.000000E+0   0.000000E+0   0.000000E+0   5.019884E+1   5.019884E+1   7.402914E+1   7.412586E-2   
6.618170E+2   -2.731500E+2   -2.731500E+2   -2.731500E+2   0.000000E+0   0.000000E+0   0.000000E+0   4.002316E+1   4.002316E+1   7.034153E+1   7.043318E-2   
6.687090E+2   -2.731500E+2   -2.731500E+2   -2.731500E+2   0.000000E+0   0.000000E+0   0.000000E+0   3.024091E+1   3.024091E+1   6.607569E+1   6.616158E-2   
6.756010E+2   -2.731500E+2   -2.731500E+2   -2.731500E+2   0.000000E+0   0.000000E+0   0.000000E+0   1.997581E+1   1.997581E+1   6.080469E+1   6.088359E-2   
6.824430E+2   -2.731500E+2   -2.731500E+2   -2.731500E+2   0.000000E+0   0.000000E+0   0.000000E+0   1.019357E+1   1.019357E+1   5.441004E+1   5.448061E-2   
6.892340E+2   -2.731500E+2   -2.731500E+2   -2.731500E+2   0.000000E+0   0.000000E+0   0.000000E+0   5.365030E-2   5.365030E-2   4.566181E+1   4.572119E-2   
6.961250E+2   -2.731500E+2   -2.731500E+2   -2.731500E+2   0.000000E+0   0.000000E+0   0.000000E+0   -9.889547E+0   -9.889547E+0   2.967505E+1   2.971452E-2   
7.030150E+2   -2.731500E+2   -2.731500E+2   -2.731500E+2   0.000000E+0   0.000000E+0   0.000000E+0   -1.974333E+1   -1.974333E+1   1.112842E+1   1.114489E-2   
7.099080E+2   -2.731500E+2   -2.731500E+2   -2.731500E+2   0.000000E+0   0.000000E+0   0.000000E+0   -3.000843E+1   -3.000843E+1   -8.640002E+0   -8.648025E-3   
7.167500E+2   -2.731500E+2   -2.731500E+2   -2.731500E+2   0.000000E+0   0.000000E+0   0.000000E+0   -3.991586E+1   -3.991586E+1   -2.631019E+1   -2.634015E-2   
7.236440E+2   -2.731500E+2   -2.731500E+2   -2.731500E+2   0.000000E+0   0.000000E+0   0.000000E+0   -4.987694E+1   -4.987694E+1   -4.249512E+1   -4.254524E-2   
7.305360E+2   -2.731500E+2   -2.731500E+2   -2.731500E+2   0.000000E+0   0.000000E+0   0.000000E+0   -5.987378E+1   -5.987378E+1   -5.443660E+1   -5.450175E-2   
7.374270E+2   -2.731500E+2   -2.731500E+2   -2.731500E+2   0.000000E+0   0.000000E+0   0.000000E+0   -6.999582E+1   -6.999582E+1   -6.355258E+1   -6.362936E-2   
7.442680E+2   -2.731500E+2   -2.731500E+2   -2.731500E+2   0.000000E+0   0.000000E+0   0.000000E+0   -7.992113E+1   -7.992113E+1   -7.016784E+1   -7.025322E-2   
7.511590E+2   -2.731500E+2   -2.731500E+2   -2.731500E+2   0.000000E+0   0.000000E+0   0.000000E+0   -8.972126E+1   -8.972126E+1   -7.496899E+1   -7.506077E-2   
7.580490E+2   -2.731500E+2   -2.731500E+2   -2.731500E+2   0.000000E+0   0.000000E+0   0.000000E+0   -9.982541E+1   -9.982541E+1   -7.874854E+1   -7.884551E-2   
7.655110E+2   -2.731500E+2   -2.731500E+2   -2.731500E+2   0.000000E+0   0.000000E+0   0.000000E+0   -1.499706E+2   -1.499706E+2   -9.014898E+1   -9.026281E-2   
7.724530E+2   -2.731500E+2   -2.731500E+2   -2.731500E+2   0.000000E+0   0.000000E+0   0.000000E+0   -1.999906E+2   -1.999906E+2   -9.635982E+1   -9.648426E-2   
7.793950E+2   -2.731500E+2   -2.731500E+2   -2.731500E+2   0.000000E+0   0.000000E+0   0.000000E+0   -2.498139E+2   -2.498139E+2   -1.003909E+2   -1.005233E-1   
7.863460E+2   -2.731500E+2   -2.731500E+2   -2.731500E+2   0.000000E+0   0.000000E+0   0.000000E+0   -2.998518E+2   -2.998518E+2   -1.032750E+2   -1.034140E-1   
7.932880E+2   -2.731500E+2   -2.731500E+2   -2.731500E+2   0.000000E+0   0.000000E+0   0.000000E+0   -3.499612E+2   -3.499612E+2   -1.054507E+2   -1.055954E-1   
8.002300E+2   -2.731500E+2   -2.731500E+2   -2.731500E+2   0.000000E+0   0.000000E+0   0.000000E+0   -3.999097E+2   -3.999097E+2   -1.071465E+2   -1.072964E-1   
8.071710E+2   -2.731500E+2   -2.731500E+2   -2.731500E+2   0.000000E+0   0.000000E+0   0.000000E+0   -4.498581E+2   -4.498581E+2   -1.085220E+2   -1.086766E-1   
8.141120E+2   -2.731500E+2   -2.731500E+2   -2.731500E+2   0.000000E+0   0.000000E+0   0.000000E+0   -4.999139E+2   -4.999139E+2   -1.096496E+2   -1.098086E-1   
8.210550E+2   -2.731500E+2   -2.731500E+2   -2.731500E+2   0.000000E+0   0.000000E+0   0.000000E+0   -5.499518E+2   -5.499518E+2   -1.105999E+2   -1.107632E-1   
8.279960E+2   -2.731500E+2   -2.731500E+2   -2.731500E+2   0.000000E+0   0.000000E+0   0.000000E+0   -5.999003E+2   -5.999003E+2   -1.114062E+2   -1.115736E-1   
8.349390E+2   -2.731500E+2   -2.731500E+2   -2.731500E+2   0.000000E+0   0.000000E+0   0.000000E+0   -6.498487E+2   -6.498487E+2   -1.120909E+2   -1.122622E-1   
8.418810E+2   -2.731500E+2   -2.731500E+2   -2.731500E+2   0.000000E+0   0.000000E+0   0.000000E+0   -7.000476E+2   -7.000476E+2   -1.126857E+2   -1.128609E-1   
8.488220E+2   -2.731500E+2   -2.731500E+2   -2.731500E+2   0.000000E+0   0.000000E+0   0.000000E+0   -7.500139E+2   -7.500139E+2   -1.132040E+2   -1.133828E-1   
8.557640E+2   -2.731500E+2   -2.731500E+2   -2.731500E+2   0.000000E+0   0.000000E+0   0.000000E+0   -7.999982E+2   -7.999982E+2   -1.136539E+2   -1.138364E-1   
8.627050E+2   -2.731500E+2   -2.731500E+2   -2.731500E+2   0.000000E+0   0.000000E+0   0.000000E+0   -8.499466E+2   -8.499466E+2   -1.140606E+2   -1.142466E-1   
8.696460E+2   -2.731500E+2   -2.731500E+2   -2.731500E+2   0.000000E+0   0.000000E+0   0.000000E+0   -8.999666E+2   -8.999666E+2   -1.144097E+2   -1.145993E-1   
8.765870E+2   -2.731500E+2   -2.731500E+2   -2.731500E+2   0.000000E+0   0.000000E+0   0.000000E+0   -9.498615E+2   -9.498615E+2   -1.147164E+2   -1.149095E-1   
8.835290E+2   -2.731500E+2   -2.731500E+2   -2.731500E+2   0.000000E+0   0.000000E+0   0.000000E+0   -9.998636E+2   -9.998636E+2   -1.150026E+2   -1.151991E-1   
8.910430E+2   -2.731500E+2   -2.731500E+2   -2.731500E+2   0.000000E+0   0.000000E+0   0.000000E+0   -1.099993E+3   -1.099993E+3   -1.154722E+2   -1.156755E-1   
8.979840E+2   -2.731500E+2   -2.731500E+2   -2.731500E+2   0.000000E+0   0.000000E+0   0.000000E+0   -1.200015E+3   -1.200015E+3   -1.158604E+2   -1.160703E-1   
9.049280E+2   -2.731500E+2   -2.731500E+2   -2.731500E+2   0.000000E+0   0.000000E+0   0.000000E+0   -1.299930E+3   -1.299930E+3   -1.161672E+2   -1.163837E-1   
9.118680E+2   -2.731500E+2   -2.731500E+2   -2.731500E+2   0.000000E+0   0.000000E+0   0.000000E+0   -1.400113E+3   -1.400113E+3   -1.164320E+2   -1.166550E-1   
9.188080E+2   -2.731500E+2   -2.731500E+2   -2.731500E+2   0.000000E+0   0.000000E+0   0.000000E+0   -1.500064E+3   -1.500064E+3   -1.166471E+2   -1.168765E-1   
9.257530E+2   -2.731500E+2   -2.731500E+2   -2.731500E+2   0.000000E+0   0.000000E+0   0.000000E+0   -1.600068E+3   -1.600068E+3   -1.168304E+2   -1.170663E-1   
9.326940E+2   -2.731500E+2   -2.731500E+2   -2.731500E+2   0.000000E+0   0.000000E+0   0.000000E+0   -1.699965E+3   -1.699965E+3   -1.169900E+2   -1.172322E-1   
9.396370E+2   -2.731500E+2   -2.731500E+2   -2.731500E+2   0.000000E+0   0.000000E+0   0.000000E+0   -1.800041E+3   -1.800041E+3   -1.171331E+2   -1.173817E-1   
9.465800E+2   -2.731500E+2   -2.731500E+2   -2.731500E+2   0.000000E+0   0.000000E+0   0.000000E+0   -1.899938E+3   -1.899938E+3   -1.172597E+2   -1.175147E-1   
9.535210E+2   -2.731500E+2   -2.731500E+2   -2.731500E+2   0.000000E+0   0.000000E+0   0.000000E+0   -1.999960E+3   -1.999960E+3   -1.173555E+2   -1.176168E-1   
9.604710E+2   -2.731500E+2   -2.731500E+2   -2.731500E+2   0.000000E+0   0.000000E+0   0.000000E+0   -2.100071E+3   -2.100071E+3   -1.174543E+2   -1.177219E-1   
9.674130E+2   -2.731500E+2   -2.731500E+2   -2.731500E+2   0.000000E+0   0.000000E+0   0.000000E+0   -2.200004E+3   -2.200004E+3   -1.175192E+2   -1.177931E-1   
9.743530E+2   -2.731500E+2   -2.731500E+2   -2.731500E+2   0.000000E+0   0.000000E+0   0.000000E+0   -2.299937E+3   -2.299937E+3   -1.175965E+2   -1.178767E-1   
9.812960E+2   -2.731500E+2   -2.731500E+2   -2.731500E+2   0.000000E+0   0.000000E+0   0.000000E+0   -2.399780E+3   -2.399780E+3   -1.176582E+2   -1.179446E-1   
9.882370E+2   -2.731500E+2   -2.731500E+2   -2.731500E+2   0.000000E+0   0.000000E+0   0.000000E+0   -2.499945E+3   -2.499945E+3   -1.177096E+2   -1.180023E-1   
9.951770E+2   -2.731500E+2   -2.731500E+2   -2.731500E+2   0.000000E+0   0.000000E+0   0.000000E+0   -2.599985E+3   -2.599985E+3   -1.177602E+2   -1.180591E-1   
1.002119E+3   -2.731500E+2   -2.731500E+2   -2.731500E+2   0.000000E+0   0.000000E+0   0.000000E+0   -2.699989E+3   -2.699989E+3   -1.178013E+2   -1.181065E-1   
1.009061E+3   -2.731500E+2   -2.731500E+2   -2.731500E+2   0.000000E+0   0.000000E+0   0.000000E+0   -2.800172E+3   -2.800172E+3   -1.178424E+2   -1.181539E-1   
1.015663E+3   -2.731500E+2   -2.731500E+2   -2.731500E+2   0.000000E+0   0.000000E+0   0.000000E+0   -2.900016E+3   -2.900016E+3   -1.178724E+2   -1.181901E-1   
1.022504E+3   -2.731500E+2   -2.731500E+2   -2.731500E+2   0.000000E+0   0.000000E+0   0.000000E+0   -2.999984E+3   -2.999984E+3   -1.179033E+2   -1.182272E-1   
1.030241E+3   -2.731500E+2   -2.731500E+2   -2.731500E+2   0.000000E+0   0.000000E+0   0.000000E+0   -2.899891E+3   -2.899891E+3   -1.178786E+2   -1.181963E-1   
1.038131E+3   -2.731500E+2   -2.731500E+2   -2.731500E+2   0.000000E+0   0.000000E+0   0.000000E+0   -2.799940E+3   -2.799940E+3   -1.178424E+2   -1.181539E-1   
1.045121E+3   -2.731500E+2   -2.731500E+2   -2.731500E+2   0.000000E+0   0.000000E+0   0.000000E+0   -2.699793E+3   -2.699793E+3   -1.178013E+2   -1.181065E-1   
1.052062E+3   -2.731500E+2   -2.731500E+2   -2.731500E+2   0.000000E+0   0.000000E+0   0.000000E+0   -2.599771E+3   -2.599771E+3   -1.177602E+2   -1.180591E-1   
1.059001E+3   -2.731500E+2   -2.731500E+2   -2.731500E+2   0.000000E+0   0.000000E+0   0.000000E+0   -2.499820E+3   -2.499820E+3   -1.177158E+2   -1.180085E-1   
1.065942E+3   -2.731500E+2   -2.731500E+2   -2.731500E+2   0.000000E+0   0.000000E+0   0.000000E+0   -2.399655E+3   -2.399655E+3   -1.176644E+2   -1.179508E-1   
1.072884E+3   -2.731500E+2   -2.731500E+2   -2.731500E+2   0.000000E+0   0.000000E+0   0.000000E+0   -2.299758E+3   -2.299758E+3   -1.176068E+2   -1.178870E-1   
1.079825E+3   -2.731500E+2   -2.731500E+2   -2.731500E+2   0.000000E+0   0.000000E+0   0.000000E+0   -2.199825E+3   -2.199825E+3   -1.175459E+2   -1.178198E-1   
1.086767E+3   -2.731500E+2   -2.731500E+2   -2.731500E+2   0.000000E+0   0.000000E+0   0.000000E+0   -2.099928E+3   -2.099928E+3   -1.174645E+2   -1.177322E-1   
1.093710E+3   -2.731500E+2   -2.731500E+2   -2.731500E+2   0.000000E+0   0.000000E+0   0.000000E+0   -1.999817E+3   -1.999817E+3   -1.173720E+2   -1.176333E-1   
1.100654E+3   -2.731500E+2   -2.731500E+2   -2.731500E+2   0.000000E+0   0.000000E+0   0.000000E+0   -1.899848E+3   -1.899848E+3   -1.172700E+2   -1.175250E-1   
1.107596E+3   -2.731500E+2   -2.731500E+2   -2.731500E+2   0.000000E+0   0.000000E+0   0.000000E+0   -1.799898E+3   -1.799898E+3   -1.171578E+2   -1.174064E-1   
1.114538E+3   -2.731500E+2   -2.731500E+2   -2.731500E+2   0.000000E+0   0.000000E+0   0.000000E+0   -1.699732E+3   -1.699732E+3   -1.170147E+2   -1.172569E-1   
1.121479E+3   -2.731500E+2   -2.731500E+2   -2.731500E+2   0.000000E+0   0.000000E+0   0.000000E+0   -1.599782E+3   -1.599782E+3   -1.168613E+2   -1.170972E-1   
1.128419E+3   -2.731500E+2   -2.731500E+2   -2.731500E+2   0.000000E+0   0.000000E+0   0.000000E+0   -1.499795E+3   -1.499795E+3   -1.166779E+2   -1.169074E-1   
1.135361E+3   -2.731500E+2   -2.731500E+2   -2.731500E+2   0.000000E+0   0.000000E+0   0.000000E+0   -1.399881E+3   -1.399881E+3   -1.164710E+2   -1.166941E-1   
1.142305E+3   -2.731500E+2   -2.731500E+2   -2.731500E+2   0.000000E+0   0.000000E+0   0.000000E+0   -1.299894E+3   -1.299894E+3   -1.162075E+2   -1.164240E-1   
1.149247E+3   -2.731500E+2   -2.731500E+2   -2.731500E+2   0.000000E+0   0.000000E+0   0.000000E+0   -1.199944E+3   -1.199944E+3   -1.159015E+2   -1.161115E-1   
1.156191E+3   -2.731500E+2   -2.731500E+2   -2.731500E+2   0.000000E+0   0.000000E+0   0.000000E+0   -1.099939E+3   -1.099939E+3   -1.155255E+2   -1.157289E-1   
1.163132E+3   -2.731500E+2   -2.731500E+2   -2.731500E+2   0.000000E+0   0.000000E+0   0.000000E+0   -9.997563E+2   -9.997563E+2   -1.150738E+2   -1.152703E-1   
1.170601E+3   -2.731500E+2   -2.731500E+2   -2.731500E+2   0.000000E+0   0.000000E+0   0.000000E+0   -9.498615E+2   -9.498615E+2   -1.147896E+2   -1.149828E-1   
1.177543E+3   -2.731500E+2   -2.731500E+2   -2.731500E+2   0.000000E+0   0.000000E+0   0.000000E+0   -8.998951E+2   -8.998951E+2   -1.144919E+2   -1.146816E-1   
1.184485E+3   -2.731500E+2   -2.731500E+2   -2.731500E+2   0.000000E+0   0.000000E+0   0.000000E+0   -8.498751E+2   -8.498751E+2   -1.141543E+2   -1.143405E-1   
1.191433E+3   -2.731500E+2   -2.731500E+2   -2.731500E+2   0.000000E+0   0.000000E+0   0.000000E+0   -7.999088E+2   -7.999088E+2   -1.137661E+2   -1.139487E-1   
1.198337E+3   -2.731500E+2   -2.731500E+2   -2.731500E+2   0.000000E+0   0.000000E+0   0.000000E+0   -7.498709E+2   -7.498709E+2   -1.133233E+2   -1.135023E-1   
1.205279E+3   -2.731500E+2   -2.731500E+2   -2.731500E+2   0.000000E+0   0.000000E+0   0.000000E+0   -7.000118E+2   -7.000118E+2   -1.128261E+2   -1.130014E-1   
1.212222E+3   -2.731500E+2   -2.731500E+2   -2.731500E+2   0.000000E+0   0.000000E+0   0.000000E+0   -6.497593E+2   -6.497593E+2   -1.122546E+2   -1.124260E-1   
1.219171E+3   -2.731500E+2   -2.731500E+2   -2.731500E+2   0.000000E+0   0.000000E+0   0.000000E+0   -5.998645E+2   -5.998645E+2   -1.116007E+2   -1.117683E-1   
1.226113E+3   -2.731500E+2   -2.731500E+2   -2.731500E+2   0.000000E+0   0.000000E+0   0.000000E+0   -5.498087E+2   -5.498087E+2   -1.108347E+2   -1.109982E-1   
1.233076E+3   -2.731500E+2   -2.731500E+2   -2.731500E+2   0.000000E+0   0.000000E+0   0.000000E+0   -4.997887E+2   -4.997887E+2   -1.099255E+2   -1.100849E-1   
1.240021E+3   -2.731500E+2   -2.731500E+2   -2.731500E+2   0.000000E+0   0.000000E+0   0.000000E+0   -4.499476E+2   -4.499476E+2   -1.088609E+2   -1.090159E-1   
1.246968E+3   -2.731500E+2   -2.731500E+2   -2.731500E+2   0.000000E+0   0.000000E+0   0.000000E+0   -3.998918E+2   -3.998918E+2   -1.075759E+2   -1.077262E-1   
1.253912E+3   -2.731500E+2   -2.731500E+2   -2.731500E+2   0.000000E+0   0.000000E+0   0.000000E+0   -3.499433E+2   -3.499433E+2   -1.060005E+2   -1.061459E-1   
1.260853E+3   -2.731500E+2   -2.731500E+2   -2.731500E+2   0.000000E+0   0.000000E+0   0.000000E+0   -2.997445E+2   -2.997445E+2   -1.040111E+2   -1.041510E-1   
1.267793E+3   -2.731500E+2   -2.731500E+2   -2.731500E+2   0.000000E+0   0.000000E+0   0.000000E+0   -2.497245E+2   -2.497245E+2   -1.014731E+2   -1.016068E-1   
1.274735E+3   -2.731500E+2   -2.731500E+2   -2.731500E+2   0.000000E+0   0.000000E+0   0.000000E+0   -1.997581E+2   -1.997581E+2   -9.806592E+1   -9.819240E-2   
1.281679E+3   -2.731500E+2   -2.731500E+2   -2.731500E+2   0.000000E+0   0.000000E+0   0.000000E+0   -1.497739E+2   -1.497739E+2   -9.329759E+1   -9.341521E-2   
1.288621E+3   -2.731500E+2   -2.731500E+2   -2.731500E+2   0.000000E+0   0.000000E+0   0.000000E+0   -9.998636E+1   -9.998636E+1   -8.614466E+1   -8.625057E-2   
1.295984E+3   -2.731500E+2   -2.731500E+2   -2.731500E+2   0.000000E+0   0.000000E+0   0.000000E+0   -8.973914E+1   -8.973914E+1   -8.428339E+1   -8.438642E-2   
1.302825E+3   -2.731500E+2   -2.731500E+2   -2.731500E+2   0.000000E+0   0.000000E+0   0.000000E+0   -7.988536E+1   -7.988536E+1   -8.220127E+1   -8.230117E-2   
1.309672E+3   -2.731500E+2   -2.731500E+2   -2.731500E+2   0.000000E+0   0.000000E+0   0.000000E+0   -7.001370E+1   -7.001370E+1   -7.983133E+1   -7.992776E-2   
1.316570E+3   -2.731500E+2   -2.731500E+2   -2.731500E+2   0.000000E+0   0.000000E+0   0.000000E+0   -5.974860E+1   -5.974860E+1   -7.707329E+1   -7.716576E-2   
1.323362E+3   -2.731500E+2   -2.731500E+2   -2.731500E+2   0.000000E+0   0.000000E+0   0.000000E+0   -4.998424E+1   -4.998424E+1   -7.399855E+1   -7.408669E-2   
1.330218E+3   -2.731500E+2   -2.731500E+2   -2.731500E+2   0.000000E+0   0.000000E+0   0.000000E+0   -3.993374E+1   -3.993374E+1   -7.030066E+1   -7.038372E-2   
1.337015E+3   -2.731500E+2   -2.731500E+2   -2.731500E+2   0.000000E+0   0.000000E+0   0.000000E+0   -2.981171E+1   -2.981171E+1   -6.597971E+1   -6.605693E-2   
1.343856E+3   -2.731500E+2   -2.731500E+2   -2.731500E+2   0.000000E+0   0.000000E+0   0.000000E+0   -1.977909E+1   -1.977909E+1   -6.071892E+1   -6.078917E-2   
1.350697E+3   -2.731500E+2   -2.731500E+2   -2.731500E+2   0.000000E+0   0.000000E+0   0.000000E+0   -9.782246E+0   -9.782246E+0   -5.424251E+1   -5.430433E-2   
1.357538E+3   -2.731500E+2   -2.731500E+2   -2.731500E+2   0.000000E+0   0.000000E+0   0.000000E+0   -1.788340E-2   -1.788340E-2   -4.558015E+1   -4.563090E-2   
1.364377E+3   -2.731500E+2   -2.731500E+2   -2.731500E+2   0.000000E+0   0.000000E+0   0.000000E+0   1.017568E+1   1.017568E+1   -2.915609E+1   -2.918639E-2   
1.371140E+3   -2.731500E+2   -2.731500E+2   -2.731500E+2   0.000000E+0   0.000000E+0   0.000000E+0   1.995793E+1   1.995793E+1   -1.036838E+1   -1.037539E-2   
1.377981E+3   -2.731500E+2   -2.731500E+2   -2.731500E+2   0.000000E+0   0.000000E+0   0.000000E+0   3.018726E+1   3.018726E+1   8.905574E+0   8.922457E-3   
1.384822E+3   -2.731500E+2   -2.731500E+2   -2.731500E+2   0.000000E+0   0.000000E+0   0.000000E+0   4.000527E+1   4.000527E+1   2.671264E+1   2.675163E-2   
1.391662E+3   -2.731500E+2   -2.731500E+2   -2.731500E+2   0.000000E+0   0.000000E+0   0.000000E+0   5.021672E+1   5.021672E+1   4.280163E+1   4.286067E-2   
1.398503E+3   -2.731500E+2   -2.731500E+2   -2.731500E+2   0.000000E+0   0.000000E+0   0.000000E+0   5.999897E+1   5.999897E+1   5.469196E+1   5.476596E-2   
1.405297E+3   -2.731500E+2   -2.731500E+2   -2.731500E+2   0.000000E+0   0.000000E+0   0.000000E+0   7.008523E+1   7.008523E+1   6.378755E+1   6.387314E-2   
1.412140E+3   -2.731500E+2   -2.731500E+2   -2.731500E+2   0.000000E+0   0.000000E+0   0.000000E+0   8.002843E+1   8.002843E+1   7.031085E+1   7.040494E-2   
1.418983E+3   -2.731500E+2   -2.731500E+2   -2.731500E+2   0.000000E+0   0.000000E+0   0.000000E+0   9.007893E+1   9.007893E+1   7.506502E+1   7.516546E-2   
1.425824E+3   -2.731500E+2   -2.731500E+2   -2.731500E+2   0.000000E+0   0.000000E+0   0.000000E+0   1.002546E+2   1.002546E+2   7.883029E+1   7.893591E-2   
1.433289E+3   -2.731500E+2   -2.731500E+2   -2.731500E+2   0.000000E+0   0.000000E+0   0.000000E+0   1.501673E+2   1.501673E+2   9.016954E+1   9.029195E-2   
1.440240E+3   -2.731500E+2   -2.731500E+2   -2.731500E+2   0.000000E+0   0.000000E+0   0.000000E+0   2.001694E+2   2.001694E+2   9.637011E+1   9.650309E-2   
1.447184E+3   -2.731500E+2   -2.731500E+2   -2.731500E+2   0.000000E+0   0.000000E+0   0.000000E+0   2.500464E+2   2.500464E+2   1.003950E+2   1.005359E-1   
1.454125E+3   -2.731500E+2   -2.731500E+2   -2.731500E+2   0.000000E+0   0.000000E+0   0.000000E+0   3.001021E+2   3.001021E+2   1.032750E+2   1.034226E-1   
1.461067E+3   -2.731500E+2   -2.731500E+2   -2.731500E+2   0.000000E+0   0.000000E+0   0.000000E+0   3.503010E+2   3.503010E+2   1.054507E+2   1.056040E-1   
1.468008E+3   -2.731500E+2   -2.731500E+2   -2.731500E+2   0.000000E+0   0.000000E+0   0.000000E+0   4.003210E+2   4.003210E+2   1.071568E+2   1.073152E-1   
1.474966E+3   -2.731500E+2   -2.731500E+2   -2.731500E+2   0.000000E+0   0.000000E+0   0.000000E+0   4.502158E+2   4.502158E+2   1.085159E+2   1.086790E-1   
1.481858E+3   -2.731500E+2   -2.731500E+2   -2.731500E+2   0.000000E+0   0.000000E+0   0.000000E+0   5.002000E+2   5.002000E+2   1.096598E+2   1.098275E-1   
1.488798E+3   -2.731500E+2   -2.731500E+2   -2.731500E+2   0.000000E+0   0.000000E+0   0.000000E+0   5.502022E+2   5.502022E+2   1.105999E+2   1.107717E-1   
1.495739E+3   -2.731500E+2   -2.731500E+2   -2.731500E+2   0.000000E+0   0.000000E+0   0.000000E+0   6.001506E+2   6.001506E+2   1.114062E+2   1.115821E-1   
1.502690E+3   -2.731500E+2   -2.731500E+2   -2.731500E+2   0.000000E+0   0.000000E+0   0.000000E+0   6.501885E+2   6.501885E+2   1.120991E+2   1.122790E-1   
1.509630E+3   -2.731500E+2   -2.731500E+2   -2.731500E+2   0.000000E+0   0.000000E+0   0.000000E+0   7.001370E+2   7.001370E+2   1.126839E+2   1.128675E-1   
1.516571E+3   -2.731500E+2   -2.731500E+2   -2.731500E+2   0.000000E+0   0.000000E+0   0.000000E+0   7.502285E+2   7.502285E+2   1.132081E+2   1.133955E-1   
1.523512E+3   -2.731500E+2   -2.731500E+2   -2.731500E+2   0.000000E+0   0.000000E+0   0.000000E+0   8.001055E+2   8.001055E+2   1.136642E+2   1.138552E-1   
1.530453E+3   -2.731500E+2   -2.731500E+2   -2.731500E+2   0.000000E+0   0.000000E+0   0.000000E+0   8.502328E+2   8.502328E+2   1.140585E+2   1.142531E-1   
1.537396E+3   -2.731500E+2   -2.731500E+2   -2.731500E+2   0.000000E+0   0.000000E+0   0.000000E+0   9.001812E+2   9.001812E+2   1.144097E+2   1.146078E-1   
1.544357E+3   -2.731500E+2   -2.731500E+2   -2.731500E+2   0.000000E+0   0.000000E+0   0.000000E+0   9.500939E+2   9.500939E+2   1.147267E+2   1.149283E-1   
1.551307E+3   -2.731500E+2   -2.731500E+2   -2.731500E+2   0.000000E+0   0.000000E+0   0.000000E+0   1.000096E+3   1.000096E+3   1.149965E+2   1.152015E-1   
1.558773E+3   -2.731500E+2   -2.731500E+2   -2.731500E+2   0.000000E+0   0.000000E+0   0.000000E+0   1.100208E+3   1.100208E+3   1.154743E+2   1.156861E-1   
1.565729E+3   -2.731500E+2   -2.731500E+2   -2.731500E+2   0.000000E+0   0.000000E+0   0.000000E+0   1.200122E+3   1.200122E+3   1.158542E+2   1.160727E-1   
1.572671E+3   -2.731500E+2   -2.731500E+2   -2.731500E+2   0.000000E+0   0.000000E+0   0.000000E+0   1.300180E+3   1.300180E+3   1.161672E+2   1.163922E-1   
1.579615E+3   -2.731500E+2   -2.731500E+2   -2.731500E+2   0.000000E+0   0.000000E+0   0.000000E+0   1.400363E+3   1.400363E+3   1.164301E+2   1.166616E-1   
1.586557E+3   -2.731500E+2   -2.731500E+2   -2.731500E+2   0.000000E+0   0.000000E+0   0.000000E+0   1.500296E+3   1.500296E+3   1.166573E+2   1.168954E-1   
1.593494E+3   -2.731500E+2   -2.731500E+2   -2.731500E+2   0.000000E+0   0.000000E+0   0.000000E+0   1.600247E+3   1.600247E+3   1.168304E+2   1.170749E-1   
1.600452E+3   -2.731500E+2   -2.731500E+2   -2.731500E+2   0.000000E+0   0.000000E+0   0.000000E+0   1.700090E+3   1.700090E+3   1.169982E+2   1.172490E-1   
1.607402E+3   -2.731500E+2   -2.731500E+2   -2.731500E+2   0.000000E+0   0.000000E+0   0.000000E+0   1.800362E+3   1.800362E+3   1.171372E+2   1.173944E-1   
1.614343E+3   -2.731500E+2   -2.731500E+2   -2.731500E+2   0.000000E+0   0.000000E+0   0.000000E+0   1.900242E+3   1.900242E+3   1.172536E+2   1.175171E-1   
1.621290E+3   -2.731500E+2   -2.731500E+2   -2.731500E+2   0.000000E+0   0.000000E+0   0.000000E+0   2.000264E+3   2.000264E+3   1.173617E+2   1.176316E-1   
1.628180E+3   -2.731500E+2   -2.731500E+2   -2.731500E+2   0.000000E+0   0.000000E+0   0.000000E+0   2.100125E+3   2.100125E+3   1.174543E+2   1.177304E-1   
1.635136E+3   -2.731500E+2   -2.731500E+2   -2.731500E+2   0.000000E+0   0.000000E+0   0.000000E+0   2.200165E+3   2.200165E+3   1.175357E+2   1.178181E-1   
1.642076E+3   -2.731500E+2   -2.731500E+2   -2.731500E+2   0.000000E+0   0.000000E+0   0.000000E+0   2.300133E+3   2.300133E+3   1.176068E+2   1.178955E-1   
1.649019E+3   -2.731500E+2   -2.731500E+2   -2.731500E+2   0.000000E+0   0.000000E+0   0.000000E+0   2.400120E+3   2.400120E+3   1.176685E+2   1.179635E-1   
1.655985E+3   -2.731500E+2   -2.731500E+2   -2.731500E+2   0.000000E+0   0.000000E+0   0.000000E+0   2.500267E+3   2.500267E+3   1.177199E+2   1.180212E-1   
1.662845E+3   -2.731500E+2   -2.731500E+2   -2.731500E+2   0.000000E+0   0.000000E+0   0.000000E+0   2.600128E+3   2.600128E+3   1.177622E+2   1.180697E-1   
1.669801E+3   -2.731500E+2   -2.731500E+2   -2.731500E+2   0.000000E+0   0.000000E+0   0.000000E+0   2.700150E+3   2.700150E+3   1.178116E+2   1.181253E-1   
1.676744E+3   -2.731500E+2   -2.731500E+2   -2.731500E+2   0.000000E+0   0.000000E+0   0.000000E+0   2.800333E+3   2.800333E+3   1.178527E+2   1.181727E-1   
1.683686E+3   -2.731500E+2   -2.731500E+2   -2.731500E+2   0.000000E+0   0.000000E+0   0.000000E+0   2.900302E+3   2.900302E+3   1.178827E+2   1.182089E-1   
1.690629E+3   -2.731500E+2   -2.731500E+2   -2.731500E+2   0.000000E+0   0.000000E+0   0.000000E+0   3.000217E+3   3.000217E+3   1.179136E+2   1.182460E-1   
