Time_since_start   Raw_Temperature   Temperature   Temperature_2   Raw_Applied_Field   Applied_Field   Field_Angle   Raw_Applied_Field_For_Plot_   Applied_Field_For_Plot_   Raw_Signal_Mx   Raw_Signal_My   Signal_X_direction   Signal_Y_direction      
1.059000E+1   -2.731500E+2   -2.731500E+2   -2.731500E+2   0.000000E+0   0.000000E+0   0.000000E+0   6.670550E-3   6.670550E-3   -1.240189E-1   -8.267946E-2   -1.197606E-4   -1.144263E-4   
1.915700E+1   -2.731500E+2   -2.731500E+2   -2.731500E+2   0.000000E+0   0.000000E+0   0.000000E+0   1.001210E+1   1.001210E+1   1.529569E+0   1.653586E-1   1.534533E-3   2.351781E-4   
2.747500E+1   -2.731500E+2   -2.731500E+2   -2.731500E+2   0.000000E+0   0.000000E+0   0.000000E+0   2.001395E+1   2.001395E+1   3.224490E+0   3.720568E-1   3.230163E-3   5.265145E-4   
3.579200E+1   -2.731500E+2   -2.731500E+2   -2.731500E+2   0.000000E+0   0.000000E+0   0.000000E+0   3.001938E+1   3.001938E+1   4.919412E+0   6.200938E-1   4.925792E-3   8.761174E-4   
4.410800E+1   -2.731500E+2   -2.731500E+2   -2.731500E+2   0.000000E+0   0.000000E+0   0.000000E+0   4.001989E+1   4.001989E+1   6.614343E+0   8.681291E-1   6.621431E-3   1.225718E-3   
5.238900E+1   -2.731500E+2   -2.731500E+2   -2.731500E+2   0.000000E+0   0.000000E+0   0.000000E+0   5.001987E+1   5.001987E+1   8.350601E+0   1.116172E+0   8.358399E-3   1.575329E-3   
6.070700E+1   -2.731500E+2   -2.731500E+2   -2.731500E+2   0.000000E+0   0.000000E+0   0.000000E+0   6.001752E+1   6.001752E+1   1.004552E+1   1.405551E+0   1.005403E-2   1.983204E-3   
6.902300E+1   -2.731500E+2   -2.731500E+2   -2.731500E+2   0.000000E+0   0.000000E+0   0.000000E+0   7.002098E+1   7.002098E+1   1.178185E+1   1.694922E+0   1.179107E-2   2.391066E-3   
7.734100E+1   -2.731500E+2   -2.731500E+2   -2.731500E+2   0.000000E+0   0.000000E+0   0.000000E+0   8.001801E+1   8.001801E+1   1.355944E+1   2.025637E+0   1.356937E-2   2.857203E-3   
8.565800E+1   -2.731500E+2   -2.731500E+2   -2.731500E+2   0.000000E+0   0.000000E+0   0.000000E+0   9.001611E+1   9.001611E+1   1.533704E+1   2.439034E+0   1.534768E-2   3.439879E-3   
9.397400E+1   -2.731500E+2   -2.731500E+2   -2.731500E+2   0.000000E+0   0.000000E+0   0.000000E+0   1.000234E+2   1.000234E+2   1.715590E+1   2.893775E+0   1.716725E-2   4.080829E-3   
1.046620E+2   -2.731500E+2   -2.731500E+2   -2.731500E+2   0.000000E+0   0.000000E+0   0.000000E+0   1.501101E+2   1.501101E+2   2.703610E+1   6.986395E+0   2.705107E-2   9.849321E-3   
1.120910E+2   -2.731500E+2   -2.731500E+2   -2.731500E+2   0.000000E+0   0.000000E+0   0.000000E+0   2.000406E+2   2.000406E+2   3.799105E+1   1.318735E+1   3.800968E-2   1.858949E-2   
1.195650E+2   -2.731500E+2   -2.731500E+2   -2.731500E+2   0.000000E+0   0.000000E+0   0.000000E+0   2.500785E+2   2.500785E+2   4.935954E+1   1.926424E+1   4.938186E-2   2.715479E-2   
1.270290E+2   -2.731500E+2   -2.731500E+2   -2.731500E+2   0.000000E+0   0.000000E+0   0.000000E+0   3.000627E+2   3.000627E+2   6.101724E+1   2.447304E+1   6.104327E-2   3.449653E-2   
1.344920E+2   -2.731500E+2   -2.731500E+2   -2.731500E+2   0.000000E+0   0.000000E+0   0.000000E+0   3.502258E+2   3.502258E+2   7.242691E+1   2.837552E+1   7.245664E-2   3.999701E-2   
1.419550E+2   -2.731500E+2   -2.731500E+2   -2.731500E+2   0.000000E+0   0.000000E+0   0.000000E+0   4.001564E+2   4.001564E+2   8.346457E+1   3.133539E+1   8.349797E-2   4.416891E-2   
1.494160E+2   -2.731500E+2   -2.731500E+2   -2.731500E+2   0.000000E+0   0.000000E+0   0.000000E+0   4.502658E+2   4.502658E+2   9.417158E+1   3.381582E+1   9.420863E-2   4.766504E-2   
1.568780E+2   -2.731500E+2   -2.731500E+2   -2.731500E+2   0.000000E+0   0.000000E+0   0.000000E+0   5.001964E+2   5.001964E+2   1.042918E+2   3.567603E+1   1.043325E-1   5.028698E-2   
1.643410E+2   -2.731500E+2   -2.731500E+2   -2.731500E+2   0.000000E+0   0.000000E+0   0.000000E+0   5.500733E+2   5.500733E+2   1.141799E+2   3.741227E+1   1.142242E-1   5.273418E-2   
1.718030E+2   -2.731500E+2   -2.731500E+2   -2.731500E+2   0.000000E+0   0.000000E+0   0.000000E+0   6.001291E+2   6.001291E+2   1.238117E+2   3.881786E+1   1.238596E-1   5.471532E-2   
1.792660E+2   -2.731500E+2   -2.731500E+2   -2.731500E+2   0.000000E+0   0.000000E+0   0.000000E+0   6.500418E+2   6.500418E+2   1.332788E+2   4.009939E+1   1.333303E-1   5.652161E-2   
1.867290E+2   -2.731500E+2   -2.731500E+2   -2.731500E+2   0.000000E+0   0.000000E+0   0.000000E+0   7.001869E+2   7.001869E+2   1.426219E+2   4.117423E+1   1.426770E-1   5.803658E-2   
1.941910E+2   -2.731500E+2   -2.731500E+2   -2.731500E+2   0.000000E+0   0.000000E+0   0.000000E+0   7.500996E+2   7.500996E+2   1.518069E+2   4.212501E+1   1.518656E-1   5.937668E-2   
2.016530E+2   -2.731500E+2   -2.731500E+2   -2.731500E+2   0.000000E+0   0.000000E+0   0.000000E+0   8.002269E+2   8.002269E+2   1.608938E+2   4.299326E+1   1.609560E-1   6.060046E-2   
2.091150E+2   -2.731500E+2   -2.731500E+2   -2.731500E+2   0.000000E+0   0.000000E+0   0.000000E+0   8.500502E+2   8.500502E+2   1.698816E+2   4.373737E+1   1.699474E-1   6.164925E-2   
2.165460E+2   -2.731500E+2   -2.731500E+2   -2.731500E+2   0.000000E+0   0.000000E+0   0.000000E+0   9.001417E+2   9.001417E+2   1.787696E+2   4.444020E+1   1.788389E-1   6.263988E-2   
2.240070E+2   -2.731500E+2   -2.731500E+2   -2.731500E+2   0.000000E+0   0.000000E+0   0.000000E+0   9.500723E+2   9.500723E+2   1.875586E+2   4.506025E+1   1.876314E-1   6.351381E-2   
2.314810E+2   -2.731500E+2   -2.731500E+2   -2.731500E+2   0.000000E+0   0.000000E+0   0.000000E+0   1.000074E+3   1.000074E+3   1.963217E+2   4.565556E+1   1.963981E-1   6.435289E-2   
2.400330E+2   -2.731500E+2   -2.731500E+2   -2.731500E+2   0.000000E+0   0.000000E+0   0.000000E+0   1.100114E+3   1.100114E+3   2.135194E+2   4.673041E+1   2.136029E-1   6.586785E-2   
2.474930E+2   -2.731500E+2   -2.731500E+2   -2.731500E+2   0.000000E+0   0.000000E+0   0.000000E+0   1.200190E+3   1.200190E+3   2.303859E+2   4.781344E+1   2.304765E-1   6.739434E-2   
2.549550E+2   -2.731500E+2   -2.731500E+2   -2.731500E+2   0.000000E+0   0.000000E+0   0.000000E+0   1.300230E+3   1.300230E+3   2.469628E+2   4.894618E+1   2.470605E-1   6.899090E-2   
2.624170E+2   -2.731500E+2   -2.731500E+2   -2.731500E+2   0.000000E+0   0.000000E+0   0.000000E+0   1.400288E+3   1.400288E+3   2.632095E+2   5.018635E+1   2.633142E-1   7.073888E-2   
2.698780E+2   -2.731500E+2   -2.731500E+2   -2.731500E+2   0.000000E+0   0.000000E+0   0.000000E+0   1.500149E+3   1.500149E+3   2.791666E+2   5.155058E+1   2.792783E-1   7.266173E-2   
2.773410E+2   -2.731500E+2   -2.731500E+2   -2.731500E+2   0.000000E+0   0.000000E+0   0.000000E+0   1.600064E+3   1.600064E+3   2.947101E+2   5.312141E+1   2.948288E-1   7.487577E-2   
2.848020E+2   -2.731500E+2   -2.731500E+2   -2.731500E+2   0.000000E+0   0.000000E+0   0.000000E+0   1.700158E+3   1.700158E+3   3.099475E+2   5.481638E+1   3.100732E-1   7.726479E-2   
2.922660E+2   -2.731500E+2   -2.731500E+2   -2.731500E+2   0.000000E+0   0.000000E+0   0.000000E+0   1.800180E+3   1.800180E+3   3.247638E+2   5.651127E+1   3.248965E-1   7.965369E-2   
2.997280E+2   -2.731500E+2   -2.731500E+2   -2.731500E+2   0.000000E+0   0.000000E+0   0.000000E+0   1.900095E+3   1.900095E+3   3.391508E+2   5.813181E+1   3.392905E-1   8.193779E-2   
3.071920E+2   -2.731500E+2   -2.731500E+2   -2.731500E+2   0.000000E+0   0.000000E+0   0.000000E+0   2.000242E+3   2.000242E+3   3.530245E+2   5.958693E+1   3.531710E-1   8.398875E-2   
3.146560E+2   -2.731500E+2   -2.731500E+2   -2.731500E+2   0.000000E+0   0.000000E+0   0.000000E+0   2.100318E+3   2.100318E+3   3.663106E+2   6.075270E+1   3.664641E-1   8.563186E-2   
3.221180E+2   -2.731500E+2   -2.731500E+2   -2.731500E+2   0.000000E+0   0.000000E+0   0.000000E+0   2.200179E+3   2.200179E+3   3.789693E+2   6.149680E+1   3.791296E-1   8.668064E-2   
3.295810E+2   -2.731500E+2   -2.731500E+2   -2.731500E+2   0.000000E+0   0.000000E+0   0.000000E+0   2.300076E+3   2.300076E+3   3.908670E+2   6.180270E+1   3.910341E-1   8.711177E-2   
3.370440E+2   -2.731500E+2   -2.731500E+2   -2.731500E+2   0.000000E+0   0.000000E+0   0.000000E+0   2.400026E+3   2.400026E+3   4.019865E+2   6.161256E+1   4.021604E-1   8.684375E-2   
3.445070E+2   -2.731500E+2   -2.731500E+2   -2.731500E+2   0.000000E+0   0.000000E+0   0.000000E+0   2.500317E+3   2.500317E+3   4.123214E+2   6.095116E+1   4.125020E-1   8.591149E-2   
3.519790E+2   -2.731500E+2   -2.731500E+2   -2.731500E+2   0.000000E+0   0.000000E+0   0.000000E+0   2.600285E+3   2.600285E+3   4.217062E+2   5.984324E+1   4.218934E-1   8.434985E-2   
3.594400E+2   -2.731500E+2   -2.731500E+2   -2.731500E+2   0.000000E+0   0.000000E+0   0.000000E+0   2.700128E+3   2.700128E+3   4.301887E+2   5.833022E+1   4.303827E-1   8.221724E-2   
3.668950E+2   -2.731500E+2   -2.731500E+2   -2.731500E+2   0.000000E+0   0.000000E+0   0.000000E+0   2.800204E+3   2.800204E+3   4.377872E+2   5.656916E+1   4.379877E-1   7.973503E-2   
3.743580E+2   -2.731500E+2   -2.731500E+2   -2.731500E+2   0.000000E+0   0.000000E+0   0.000000E+0   2.900244E+3   2.900244E+3   4.445251E+2   5.456835E+1   4.447322E-1   7.691487E-2   
3.818230E+2   -2.731500E+2   -2.731500E+2   -2.731500E+2   0.000000E+0   0.000000E+0   0.000000E+0   3.000052E+3   3.000052E+3   4.503953E+2   5.250136E+1   4.506088E-1   7.400146E-2   
3.892860E+2   -2.731500E+2   -2.731500E+2   -2.731500E+2   0.000000E+0   0.000000E+0   0.000000E+0   3.100002E+3   3.100002E+3   4.554466E+2   5.035168E+1   4.556666E-1   7.097147E-2   
3.967490E+2   -2.731500E+2   -2.731500E+2   -2.731500E+2   0.000000E+0   0.000000E+0   0.000000E+0   3.200275E+3   3.200275E+3   4.598041E+2   4.816072E+1   4.600305E-1   6.788331E-2   
4.042130E+2   -2.731500E+2   -2.731500E+2   -2.731500E+2   0.000000E+0   0.000000E+0   0.000000E+0   3.300136E+3   3.300136E+3   4.635408E+2   4.612682E+1   4.637737E-1   6.501652E-2   
4.116750E+2   -2.731500E+2   -2.731500E+2   -2.731500E+2   0.000000E+0   0.000000E+0   0.000000E+0   3.400033E+3   3.400033E+3   4.667243E+2   4.407638E+1   4.669635E-1   6.212642E-2   
4.191380E+2   -2.731500E+2   -2.731500E+2   -2.731500E+2   0.000000E+0   0.000000E+0   0.000000E+0   3.500108E+3   3.500108E+3   4.694200E+2   4.216637E+1   4.696655E-1   5.943425E-2   
4.265950E+2   -2.731500E+2   -2.731500E+2   -2.731500E+2   0.000000E+0   0.000000E+0   0.000000E+0   3.600131E+3   3.600131E+3   4.717266E+2   4.034742E+1   4.719784E-1   5.687044E-2   
4.340420E+2   -2.731500E+2   -2.731500E+2   -2.731500E+2   0.000000E+0   0.000000E+0   0.000000E+0   3.700188E+3   3.700188E+3   4.736694E+2   3.865253E+1   4.739275E-1   5.448149E-2   
4.414960E+2   -2.731500E+2   -2.731500E+2   -2.731500E+2   0.000000E+0   0.000000E+0   0.000000E+0   3.800068E+3   3.800068E+3   4.753643E+2   3.704027E+1   4.756287E-1   5.220899E-2   
4.489460E+2   -2.731500E+2   -2.731500E+2   -2.731500E+2   0.000000E+0   0.000000E+0   0.000000E+0   3.900161E+3   3.900161E+3   4.768112E+2   3.551898E+1   4.770819E-1   5.006472E-2   
4.563990E+2   -2.731500E+2   -2.731500E+2   -2.731500E+2   0.000000E+0   0.000000E+0   0.000000E+0   4.000058E+3   4.000058E+3   4.780347E+2   3.414647E+1   4.783116E-1   4.813016E-2   
4.638570E+2   -2.731500E+2   -2.731500E+2   -2.731500E+2   0.000000E+0   0.000000E+0   0.000000E+0   4.100259E+3   4.100259E+3   4.791260E+2   3.282368E+1   4.794092E-1   4.626568E-2   
4.713170E+2   -2.731500E+2   -2.731500E+2   -2.731500E+2   0.000000E+0   0.000000E+0   0.000000E+0   4.200299E+3   4.200299E+3   4.800770E+2   3.166613E+1   4.803665E-1   4.463409E-2   
4.787750E+2   -2.731500E+2   -2.731500E+2   -2.731500E+2   0.000000E+0   0.000000E+0   0.000000E+0   4.300142E+3   4.300142E+3   4.809448E+2   3.050866E+1   4.812405E-1   4.300263E-2   
4.862370E+2   -2.731500E+2   -2.731500E+2   -2.731500E+2   0.000000E+0   0.000000E+0   0.000000E+0   4.400075E+3   4.400075E+3   4.816479E+2   2.943382E+1   4.819499E-1   4.148762E-2   
4.936910E+2   -2.731500E+2   -2.731500E+2   -2.731500E+2   0.000000E+0   0.000000E+0   0.000000E+0   4.500115E+3   4.500115E+3   4.823344E+2   2.848304E+1   4.826425E-1   4.014748E-2   
5.011470E+2   -2.731500E+2   -2.731500E+2   -2.731500E+2   0.000000E+0   0.000000E+0   0.000000E+0   4.600137E+3   4.600137E+3   4.829709E+2   2.753216E+1   4.832853E-1   3.880721E-2   
5.086070E+2   -2.731500E+2   -2.731500E+2   -2.731500E+2   0.000000E+0   0.000000E+0   0.000000E+0   4.700284E+3   4.700284E+3   4.834668E+2   2.666409E+1   4.837874E-1   3.758364E-2   
5.160650E+2   -2.731500E+2   -2.731500E+2   -2.731500E+2   0.000000E+0   0.000000E+0   0.000000E+0   4.800163E+3   4.800163E+3   4.839220E+2   2.587863E+1   4.842488E-1   3.647652E-2   
5.235220E+2   -2.731500E+2   -2.731500E+2   -2.731500E+2   0.000000E+0   0.000000E+0   0.000000E+0   4.900132E+3   4.900132E+3   4.844095E+2   2.513453E+1   4.847426E-1   3.542769E-2   
5.309760E+2   -2.731500E+2   -2.731500E+2   -2.731500E+2   0.000000E+0   0.000000E+0   0.000000E+0   5.000100E+3   5.000100E+3   4.847898E+2   2.439042E+1   4.851290E-1   3.437885E-2   
5.384250E+2   -2.731500E+2   -2.731500E+2   -2.731500E+2   0.000000E+0   0.000000E+0   0.000000E+0   5.100158E+3   5.100158E+3   4.851617E+2   2.372894E+1   4.855072E-1   3.344647E-2   
5.458830E+2   -2.731500E+2   -2.731500E+2   -2.731500E+2   0.000000E+0   0.000000E+0   0.000000E+0   5.199984E+3   5.199984E+3   4.854596E+2   2.310890E+1   4.858113E-1   3.257250E-2   
5.533410E+2   -2.731500E+2   -2.731500E+2   -2.731500E+2   0.000000E+0   0.000000E+0   0.000000E+0   5.300238E+3   5.300238E+3   4.857490E+2   2.253012E+1   4.861069E-1   3.175670E-2   
5.608000E+2   -2.731500E+2   -2.731500E+2   -2.731500E+2   0.000000E+0   0.000000E+0   0.000000E+0   5.400064E+3   5.400064E+3   4.860295E+2   2.195135E+1   4.863936E-1   3.094090E-2   
5.682620E+2   -2.731500E+2   -2.731500E+2   -2.731500E+2   0.000000E+0   0.000000E+0   0.000000E+0   5.500104E+3   5.500104E+3   4.863191E+2   2.138920E+1   4.866894E-1   3.014853E-2   
5.757220E+2   -2.731500E+2   -2.731500E+2   -2.731500E+2   0.000000E+0   0.000000E+0   0.000000E+0   5.600233E+3   5.600233E+3   4.865507E+2   2.091786E+1   4.869272E-1   2.948415E-2   
5.831830E+2   -2.731500E+2   -2.731500E+2   -2.731500E+2   0.000000E+0   0.000000E+0   0.000000E+0   5.700094E+3   5.700094E+3   4.868150E+2   2.042997E+1   4.871977E-1   2.879645E-2   
5.906360E+2   -2.731500E+2   -2.731500E+2   -2.731500E+2   0.000000E+0   0.000000E+0   0.000000E+0   5.800241E+3   5.800241E+3   4.870222E+2   1.999180E+1   4.874111E-1   2.817883E-2   
5.980980E+2   -2.731500E+2   -2.731500E+2   -2.731500E+2   0.000000E+0   0.000000E+0   0.000000E+0   5.900210E+3   5.900210E+3   4.871878E+2   1.955362E+1   4.875829E-1   2.756120E-2   
6.055660E+2   -2.731500E+2   -2.731500E+2   -2.731500E+2   0.000000E+0   0.000000E+0   0.000000E+0   6.000178E+3   6.000178E+3   4.873941E+2   1.918153E+1   4.877954E-1   2.703671E-2   
6.130310E+2   -2.731500E+2   -2.731500E+2   -2.731500E+2   0.000000E+0   0.000000E+0   0.000000E+0   6.100290E+3   6.100290E+3   4.875678E+2   1.880952E+1   4.879754E-1   2.651234E-2   
6.204910E+2   -2.731500E+2   -2.731500E+2   -2.731500E+2   0.000000E+0   0.000000E+0   0.000000E+0   6.200097E+3   6.200097E+3   4.877244E+2   1.839607E+1   4.881382E-1   2.592956E-2   
6.279520E+2   -2.731500E+2   -2.731500E+2   -2.731500E+2   0.000000E+0   0.000000E+0   0.000000E+0   6.300263E+3   6.300263E+3   4.878900E+2   1.806542E+1   4.883100E-1   2.546348E-2   
6.354100E+2   -2.731500E+2   -2.731500E+2   -2.731500E+2   0.000000E+0   0.000000E+0   0.000000E+0   6.400142E+3   6.400142E+3   4.880140E+2   1.773468E+1   4.884401E-1   2.499728E-2   
6.428720E+2   -2.731500E+2   -2.731500E+2   -2.731500E+2   0.000000E+0   0.000000E+0   0.000000E+0   6.500164E+3   6.500164E+3   4.881379E+2   1.740393E+1   4.885703E-1   2.453108E-2   
6.503320E+2   -2.731500E+2   -2.731500E+2   -2.731500E+2   0.000000E+0   0.000000E+0   0.000000E+0   6.600257E+3   6.600257E+3   4.882619E+2   1.707328E+1   4.887005E-1   2.406500E-2   
6.577910E+2   -2.731500E+2   -2.731500E+2   -2.731500E+2   0.000000E+0   0.000000E+0   0.000000E+0   6.700172E+3   6.700172E+3   4.883451E+2   1.678389E+1   4.887899E-1   2.365708E-2   
6.652450E+2   -2.731500E+2   -2.731500E+2   -2.731500E+2   0.000000E+0   0.000000E+0   0.000000E+0   6.800194E+3   6.800194E+3   4.884275E+2   1.653586E+1   4.888785E-1   2.330745E-2   
6.727060E+2   -2.731500E+2   -2.731500E+2   -2.731500E+2   0.000000E+0   0.000000E+0   0.000000E+0   6.899966E+3   6.899966E+3   4.885515E+2   1.628782E+1   4.890086E-1   2.295782E-2   
6.801650E+2   -2.731500E+2   -2.731500E+2   -2.731500E+2   0.000000E+0   0.000000E+0   0.000000E+0   7.000221E+3   7.000221E+3   4.886347E+2   1.599844E+1   4.890981E-1   2.254991E-2   
6.876270E+2   -2.731500E+2   -2.731500E+2   -2.731500E+2   0.000000E+0   0.000000E+0   0.000000E+0   7.100225E+3   7.100225E+3   4.887171E+2   1.576694E+1   4.891866E-1   2.222360E-2   
6.950850E+2   -2.731500E+2   -2.731500E+2   -2.731500E+2   0.000000E+0   0.000000E+0   0.000000E+0   7.200014E+3   7.200014E+3   4.888077E+2   1.554372E+1   4.892835E-1   2.190894E-2   
7.025450E+2   -2.731500E+2   -2.731500E+2   -2.731500E+2   0.000000E+0   0.000000E+0   0.000000E+0   7.300144E+3   7.300144E+3   4.889234E+2   1.529569E+1   4.894054E-1   2.155931E-2   
7.100000E+2   -2.731500E+2   -2.731500E+2   -2.731500E+2   0.000000E+0   0.000000E+0   0.000000E+0   7.400130E+3   7.400130E+3   4.889983E+2   1.513027E+1   4.894865E-1   2.132614E-2   
7.174600E+2   -2.731500E+2   -2.731500E+2   -2.731500E+2   0.000000E+0   0.000000E+0   0.000000E+0   7.500081E+3   7.500081E+3   4.890392E+2   1.484088E+1   4.895336E-1   2.091822E-2   
7.249180E+2   -2.731500E+2   -2.731500E+2   -2.731500E+2   0.000000E+0   0.000000E+0   0.000000E+0   7.599960E+3   7.599960E+3   4.891306E+2   1.467556E+1   4.896311E-1   2.068517E-2   
7.323810E+2   -2.731500E+2   -2.731500E+2   -2.731500E+2   0.000000E+0   0.000000E+0   0.000000E+0   7.700232E+3   7.700232E+3   4.891797E+2   1.446888E+1   4.896864E-1   2.039383E-2   
7.398390E+2   -2.731500E+2   -2.731500E+2   -2.731500E+2   0.000000E+0   0.000000E+0   0.000000E+0   7.800147E+3   7.800147E+3   4.892129E+2   1.430355E+1   4.897259E-1   2.016077E-2   
7.472940E+2   -2.731500E+2   -2.731500E+2   -2.731500E+2   0.000000E+0   0.000000E+0   0.000000E+0   7.900151E+3   7.900151E+3   4.892953E+2   1.413813E+1   4.898145E-1   1.992760E-2   
7.547540E+2   -2.731500E+2   -2.731500E+2   -2.731500E+2   0.000000E+0   0.000000E+0   0.000000E+0   8.000227E+3   8.000227E+3   4.894111E+2   1.393145E+1   4.899365E-1   1.963626E-2   
7.633500E+2   -2.731500E+2   -2.731500E+2   -2.731500E+2   0.000000E+0   0.000000E+0   0.000000E+0   7.900044E+3   7.900044E+3   4.892953E+2   1.409678E+1   4.898145E-1   1.986931E-2   
7.708190E+2   -2.731500E+2   -2.731500E+2   -2.731500E+2   0.000000E+0   0.000000E+0   0.000000E+0   7.800129E+3   7.800129E+3   4.892213E+2   1.432831E+1   4.897342E-1   2.019567E-2   
7.782760E+2   -2.731500E+2   -2.731500E+2   -2.731500E+2   0.000000E+0   0.000000E+0   0.000000E+0   7.700018E+3   7.700018E+3   4.892129E+2   1.451023E+1   4.897197E-1   2.045212E-2   
7.857330E+2   -2.731500E+2   -2.731500E+2   -2.731500E+2   0.000000E+0   0.000000E+0   0.000000E+0   7.600013E+3   7.600013E+3   4.891306E+2   1.471691E+1   4.896312E-1   2.074346E-2   
7.931940E+2   -2.731500E+2   -2.731500E+2   -2.731500E+2   0.000000E+0   0.000000E+0   0.000000E+0   7.500134E+3   7.500134E+3   4.890066E+2   1.492359E+1   4.895010E-1   2.103480E-2   
8.006510E+2   -2.731500E+2   -2.731500E+2   -2.731500E+2   0.000000E+0   0.000000E+0   0.000000E+0   7.399969E+3   7.399969E+3   4.889650E+2   1.513027E+1   4.894532E-1   2.132614E-2   
8.081100E+2   -2.731500E+2   -2.731500E+2   -2.731500E+2   0.000000E+0   0.000000E+0   0.000000E+0   7.300215E+3   7.300215E+3   4.888743E+2   1.535355E+1   4.893563E-1   2.164087E-2   
8.155690E+2   -2.731500E+2   -2.731500E+2   -2.731500E+2   0.000000E+0   0.000000E+0   0.000000E+0   7.200050E+3   7.200050E+3   4.888077E+2   1.558507E+1   4.892835E-1   2.196723E-2   
8.230260E+2   -2.731500E+2   -2.731500E+2   -2.731500E+2   0.000000E+0   0.000000E+0   0.000000E+0   7.099992E+3   7.099992E+3   4.887171E+2   1.583311E+1   4.891866E-1   2.231686E-2   
8.304860E+2   -2.731500E+2   -2.731500E+2   -2.731500E+2   0.000000E+0   0.000000E+0   0.000000E+0   7.000095E+3   7.000095E+3   4.886347E+2   1.612241E+1   4.890981E-1   2.272465E-2   
8.379450E+2   -2.731500E+2   -2.731500E+2   -2.731500E+2   0.000000E+0   0.000000E+0   0.000000E+0   6.899966E+3   6.899966E+3   4.885515E+2   1.637044E+1   4.890086E-1   2.307428E-2   
8.454060E+2   -2.731500E+2   -2.731500E+2   -2.731500E+2   0.000000E+0   0.000000E+0   0.000000E+0   6.800123E+3   6.800123E+3   4.884275E+2   1.665983E+1   4.888785E-1   2.348219E-2   
8.528670E+2   -2.731500E+2   -2.731500E+2   -2.731500E+2   0.000000E+0   0.000000E+0   0.000000E+0   6.699993E+3   6.699993E+3   4.883451E+2   1.691614E+1   4.887899E-1   2.384348E-2   
8.603190E+2   -2.731500E+2   -2.731500E+2   -2.731500E+2   0.000000E+0   0.000000E+0   0.000000E+0   6.600257E+3   6.600257E+3   4.882619E+2   1.727996E+1   4.887005E-1   2.435631E-2   
8.678300E+2   -2.731500E+2   -2.731500E+2   -2.731500E+2   0.000000E+0   0.000000E+0   0.000000E+0   6.500056E+3   6.500056E+3   4.881379E+2   1.756935E+1   4.885703E-1   2.476423E-2   
8.752930E+2   -2.731500E+2   -2.731500E+2   -2.731500E+2   0.000000E+0   0.000000E+0   0.000000E+0   6.400052E+3   6.400052E+3   4.880058E+2   1.785874E+1   4.884320E-1   2.517214E-2   
8.827470E+2   -2.731500E+2   -2.731500E+2   -2.731500E+2   0.000000E+0   0.000000E+0   0.000000E+0   6.300102E+3   6.300102E+3   4.878492E+2   1.823074E+1   4.882692E-1   2.569651E-2   
8.902050E+2   -2.731500E+2   -2.731500E+2   -2.731500E+2   0.000000E+0   0.000000E+0   0.000000E+0   6.200097E+3   6.200097E+3   4.877081E+2   1.860284E+1   4.881219E-1   2.622100E-2   
8.976640E+2   -2.731500E+2   -2.731500E+2   -2.731500E+2   0.000000E+0   0.000000E+0   0.000000E+0   6.100057E+3   6.100057E+3   4.875597E+2   1.897485E+1   4.879672E-1   2.674537E-2   
9.051190E+2   -2.731500E+2   -2.731500E+2   -2.731500E+2   0.000000E+0   0.000000E+0   0.000000E+0   6.000017E+3   6.000017E+3   4.873941E+2   1.938830E+1   4.877954E-1   2.732815E-2   
9.125700E+2   -2.731500E+2   -2.731500E+2   -2.731500E+2   0.000000E+0   0.000000E+0   0.000000E+0   5.900085E+3   5.900085E+3   4.872285E+2   1.984301E+1   4.876236E-1   2.796909E-2   
9.200680E+2   -2.731500E+2   -2.731500E+2   -2.731500E+2   0.000000E+0   0.000000E+0   0.000000E+0   5.799991E+3   5.799991E+3   4.870638E+2   2.025637E+1   4.874527E-1   2.855174E-2   
9.275710E+2   -2.731500E+2   -2.731500E+2   -2.731500E+2   0.000000E+0   0.000000E+0   0.000000E+0   5.699969E+3   5.699969E+3   4.868566E+2   2.074417E+1   4.872393E-1   2.923932E-2   
9.350240E+2   -2.731500E+2   -2.731500E+2   -2.731500E+2   0.000000E+0   0.000000E+0   0.000000E+0   5.600161E+3   5.600161E+3   4.866086E+2   2.124860E+1   4.869852E-1   2.995032E-2   
9.424740E+2   -2.731500E+2   -2.731500E+2   -2.731500E+2   0.000000E+0   0.000000E+0   0.000000E+0   5.499925E+3   5.499925E+3   4.864023E+2   2.178602E+1   4.867726E-1   3.070784E-2   
9.499730E+2   -2.731500E+2   -2.731500E+2   -2.731500E+2   0.000000E+0   0.000000E+0   0.000000E+0   5.399956E+3   5.399956E+3   4.861535E+2   2.232344E+1   4.865176E-1   3.146536E-2   
9.574250E+2   -2.731500E+2   -2.731500E+2   -2.731500E+2   0.000000E+0   0.000000E+0   0.000000E+0   5.300041E+3   5.300041E+3   4.858232E+2   2.293523E+1   4.861811E-1   3.232770E-2   
9.648790E+2   -2.731500E+2   -2.731500E+2   -2.731500E+2   0.000000E+0   0.000000E+0   0.000000E+0   5.200073E+3   5.200073E+3   4.855173E+2   2.352226E+1   4.858690E-1   3.315513E-2   
9.723340E+2   -2.731500E+2   -2.731500E+2   -2.731500E+2   0.000000E+0   0.000000E+0   0.000000E+0   5.099997E+3   5.099997E+3   4.851617E+2   2.418374E+1   4.855072E-1   3.408751E-2   
9.797880E+2   -2.731500E+2   -2.731500E+2   -2.731500E+2   0.000000E+0   0.000000E+0   0.000000E+0   5.000029E+3   5.000029E+3   4.847898E+2   2.492785E+1   4.851290E-1   3.513635E-2   
9.872390E+2   -2.731500E+2   -2.731500E+2   -2.731500E+2   0.000000E+0   0.000000E+0   0.000000E+0   4.900132E+3   4.900132E+3   4.844586E+2   2.566368E+1   4.847916E-1   3.617352E-2   
9.946900E+2   -2.731500E+2   -2.731500E+2   -2.731500E+2   0.000000E+0   0.000000E+0   0.000000E+0   4.800002E+3   4.800002E+3   4.840043E+2   2.645741E+1   4.843311E-1   3.729230E-2   
1.002142E+3   -2.731500E+2   -2.731500E+2   -2.731500E+2   0.000000E+0   0.000000E+0   0.000000E+0   4.699962E+3   4.699962E+3   4.835166E+2   2.732548E+1   4.838372E-1   3.851587E-2   
1.009601E+3   -2.731500E+2   -2.731500E+2   -2.731500E+2   0.000000E+0   0.000000E+0   0.000000E+0   4.600226E+3   4.600226E+3   4.829709E+2   2.823500E+1   4.832853E-1   3.979785E-2   
1.017065E+3   -2.731500E+2   -2.731500E+2   -2.731500E+2   0.000000E+0   0.000000E+0   0.000000E+0   4.499918E+3   4.499918E+3   4.823836E+2   2.922714E+1   4.826918E-1   4.119628E-2   
1.024530E+3   -2.731500E+2   -2.731500E+2   -2.731500E+2   0.000000E+0   0.000000E+0   0.000000E+0   4.399932E+3   4.399932E+3   4.816896E+2   3.030190E+1   4.819915E-1   4.271117E-2   
1.031992E+3   -2.731500E+2   -2.731500E+2   -2.731500E+2   0.000000E+0   0.000000E+0   0.000000E+0   4.300124E+3   4.300124E+3   4.809448E+2   3.141809E+1   4.812405E-1   4.428447E-2   
1.039455E+3   -2.731500E+2   -2.731500E+2   -2.731500E+2   0.000000E+0   0.000000E+0   0.000000E+0   4.200227E+3   4.200227E+3   4.800770E+2   3.261691E+1   4.803665E-1   4.597421E-2   
1.046915E+3   -2.731500E+2   -2.731500E+2   -2.731500E+2   0.000000E+0   0.000000E+0   0.000000E+0   4.099919E+3   4.099919E+3   4.791260E+2   3.389844E+1   4.794092E-1   4.778054E-2   
1.054375E+3   -2.731500E+2   -2.731500E+2   -2.731500E+2   0.000000E+0   0.000000E+0   0.000000E+0   4.000004E+3   4.000004E+3   4.780102E+2   3.530402E+1   4.782872E-1   4.976172E-2   
1.061836E+3   -2.731500E+2   -2.731500E+2   -2.731500E+2   0.000000E+0   0.000000E+0   0.000000E+0   3.900108E+3   3.900108E+3   4.767289E+2   3.679223E+1   4.769996E-1   5.185936E-2   
1.069299E+3   -2.731500E+2   -2.731500E+2   -2.731500E+2   0.000000E+0   0.000000E+0   0.000000E+0   3.799978E+3   3.799978E+3   4.752403E+2   3.838796E+1   4.755047E-1   5.410854E-2   
1.076762E+3   -2.731500E+2   -2.731500E+2   -2.731500E+2   0.000000E+0   0.000000E+0   0.000000E+0   3.699920E+3   3.699920E+3   4.735038E+2   4.014074E+1   4.737619E-1   5.657910E-2   
1.084226E+3   -2.731500E+2   -2.731500E+2   -2.731500E+2   0.000000E+0   0.000000E+0   0.000000E+0   3.600077E+3   3.600077E+3   4.715610E+2   4.200095E+1   4.718128E-1   5.920108E-2   
1.091688E+3   -2.731500E+2   -2.731500E+2   -2.731500E+2   0.000000E+0   0.000000E+0   0.000000E+0   3.500091E+3   3.500091E+3   4.692462E+2   4.398540E+1   4.694917E-1   6.199816E-2   
1.099149E+3   -2.731500E+2   -2.731500E+2   -2.731500E+2   0.000000E+0   0.000000E+0   0.000000E+0   3.400104E+3   3.400104E+3   4.665179E+2   4.613509E+1   4.667571E-1   6.502815E-2   
1.106612E+3   -2.731500E+2   -2.731500E+2   -2.731500E+2   0.000000E+0   0.000000E+0   0.000000E+0   3.300046E+3   3.300046E+3   4.633345E+2   4.836740E+1   4.635673E-1   6.817460E-2   
1.114075E+3   -2.731500E+2   -2.731500E+2   -2.731500E+2   0.000000E+0   0.000000E+0   0.000000E+0   3.200042E+3   3.200042E+3   4.596552E+2   5.068242E+1   4.598816E-1   7.143762E-2   
1.121539E+3   -2.731500E+2   -2.731500E+2   -2.731500E+2   0.000000E+0   0.000000E+0   0.000000E+0   3.100020E+3   3.100020E+3   4.553143E+2   5.316276E+1   4.555343E-1   7.493366E-2   
1.129006E+3   -2.731500E+2   -2.731500E+2   -2.731500E+2   0.000000E+0   0.000000E+0   0.000000E+0   3.000052E+3   3.000052E+3   4.502713E+2   5.564319E+1   4.504848E-1   7.842983E-2   
1.136466E+3   -2.731500E+2   -2.731500E+2   -2.731500E+2   0.000000E+0   0.000000E+0   0.000000E+0   2.900119E+3   2.900119E+3   4.444835E+2   5.824751E+1   4.446906E-1   8.210061E-2   
1.143921E+3   -2.731500E+2   -2.731500E+2   -2.731500E+2   0.000000E+0   0.000000E+0   0.000000E+0   2.800115E+3   2.800115E+3   4.379519E+2   6.081056E+1   4.381525E-1   8.571323E-2   
1.151383E+3   -2.731500E+2   -2.731500E+2   -2.731500E+2   0.000000E+0   0.000000E+0   0.000000E+0   2.699950E+3   2.699950E+3   4.305525E+2   6.329090E+1   4.307464E-1   8.920928E-2   
1.158855E+3   -2.731500E+2   -2.731500E+2   -2.731500E+2   0.000000E+0   0.000000E+0   0.000000E+0   2.600035E+3   2.600035E+3   4.223260E+2   6.564727E+1   4.225133E-1   9.253058E-2   
1.166318E+3   -2.731500E+2   -2.731500E+2   -2.731500E+2   0.000000E+0   0.000000E+0   0.000000E+0   2.500048E+3   2.500048E+3   4.132725E+2   6.783832E+1   4.134531E-1   9.561886E-2   
1.173781E+3   -2.731500E+2   -2.731500E+2   -2.731500E+2   0.000000E+0   0.000000E+0   0.000000E+0   2.400080E+3   2.400080E+3   4.033927E+2   6.986395E+1   4.035666E-1   9.847399E-2   
1.181242E+3   -2.731500E+2   -2.731500E+2   -2.731500E+2   0.000000E+0   0.000000E+0   0.000000E+0   2.299986E+3   2.299986E+3   3.927516E+2   7.160019E+1   3.929188E-1   1.009212E-1   
1.188705E+3   -2.731500E+2   -2.731500E+2   -2.731500E+2   0.000000E+0   0.000000E+0   0.000000E+0   2.200000E+3   2.200000E+3   3.813999E+2   7.296433E+1   3.815603E-1   1.028440E-1   
1.196166E+3   -2.731500E+2   -2.731500E+2   -2.731500E+2   0.000000E+0   0.000000E+0   0.000000E+0   2.100139E+3   2.100139E+3   3.693868E+2   7.403918E+1   3.695403E-1   1.043590E-1   
1.203628E+3   -2.731500E+2   -2.731500E+2   -2.731500E+2   0.000000E+0   0.000000E+0   0.000000E+0   2.000045E+3   2.000045E+3   3.567204E+2   7.470884E+1   3.568672E-1   1.053029E-1   
1.211090E+3   -2.731500E+2   -2.731500E+2   -2.731500E+2   0.000000E+0   0.000000E+0   0.000000E+0   1.900041E+3   1.900041E+3   3.434833E+2   7.498996E+1   3.436232E-1   1.056992E-1   
1.218557E+3   -2.731500E+2   -2.731500E+2   -2.731500E+2   0.000000E+0   0.000000E+0   0.000000E+0   1.800001E+3   1.800001E+3   3.296579E+2   7.486599E+1   3.297908E-1   1.055245E-1   
1.226019E+3   -2.731500E+2   -2.731500E+2   -2.731500E+2   0.000000E+0   0.000000E+0   0.000000E+0   1.699943E+3   1.699943E+3   3.153383E+2   7.424586E+1   3.154643E-1   1.046504E-1   
1.233482E+3   -2.731500E+2   -2.731500E+2   -2.731500E+2   0.000000E+0   0.000000E+0   0.000000E+0   1.599975E+3   1.599975E+3   3.005802E+2   7.312975E+1   3.006993E-1   1.030773E-1   
1.240943E+3   -2.731500E+2   -2.731500E+2   -2.731500E+2   0.000000E+0   0.000000E+0   0.000000E+0   1.500167E+3   1.500167E+3   2.854086E+2   7.155883E+1   2.855207E-1   1.008632E-1   
1.248404E+3   -2.731500E+2   -2.731500E+2   -2.731500E+2   0.000000E+0   0.000000E+0   0.000000E+0   1.400163E+3   1.400163E+3   2.697818E+2   6.949185E+1   2.698869E-1   9.794979E-2   
1.255866E+3   -2.731500E+2   -2.731500E+2   -2.731500E+2   0.000000E+0   0.000000E+0   0.000000E+0   1.299944E+3   1.299944E+3   2.537840E+2   6.689572E+1   2.538820E-1   9.429059E-2   
1.263329E+3   -2.731500E+2   -2.731500E+2   -2.731500E+2   0.000000E+0   0.000000E+0   0.000000E+0   1.200137E+3   1.200137E+3   2.374713E+2   6.399374E+1   2.375623E-1   9.020031E-2   
1.270791E+3   -2.731500E+2   -2.731500E+2   -2.731500E+2   0.000000E+0   0.000000E+0   0.000000E+0   1.100097E+3   1.100097E+3   2.207948E+2   6.068659E+1   2.208787E-1   8.553894E-2   
1.278255E+3   -2.731500E+2   -2.731500E+2   -2.731500E+2   0.000000E+0   0.000000E+0   0.000000E+0   9.999671E+2   9.999671E+2   2.038210E+2   5.710659E+1   2.038978E-1   8.049299E-2   
1.286809E+3   -2.731500E+2   -2.731500E+2   -2.731500E+2   0.000000E+0   0.000000E+0   0.000000E+0   9.500366E+2   9.500366E+2   1.952475E+2   5.527110E+1   1.953208E-1   7.790590E-2   
1.294272E+3   -2.731500E+2   -2.731500E+2   -2.731500E+2   0.000000E+0   0.000000E+0   0.000000E+0   9.001596E+2   9.001596E+2   1.866401E+2   5.349350E+1   1.867099E-1   7.540041E-2   
1.301735E+3   -2.731500E+2   -2.731500E+2   -2.731500E+2   0.000000E+0   0.000000E+0   0.000000E+0   8.500860E+2   8.500860E+2   1.779259E+2   5.163320E+1   1.779921E-1   7.277835E-2   
1.309198E+3   -2.731500E+2   -2.731500E+2   -2.731500E+2   0.000000E+0   0.000000E+0   0.000000E+0   8.000660E+2   8.000660E+2   1.691619E+2   4.981434E+1   1.692245E-1   7.021470E-2   
1.316659E+3   -2.731500E+2   -2.731500E+2   -2.731500E+2   0.000000E+0   0.000000E+0   0.000000E+0   7.501533E+2   7.501533E+2   1.603563E+2   4.795404E+1   1.604154E-1   6.759264E-2   
1.324122E+3   -2.731500E+2   -2.731500E+2   -2.731500E+2   0.000000E+0   0.000000E+0   0.000000E+0   7.000796E+2   7.000796E+2   1.514683E+2   4.607720E+1   1.515238E-1   6.494726E-2   
1.331585E+3   -2.731500E+2   -2.731500E+2   -2.731500E+2   0.000000E+0   0.000000E+0   0.000000E+0   6.498629E+2   6.498629E+2   1.424980E+2   4.423344E+1   1.425499E-1   6.234851E-2   
1.339050E+3   -2.731500E+2   -2.731500E+2   -2.731500E+2   0.000000E+0   0.000000E+0   0.000000E+0   6.001291E+2   6.001291E+2   1.335268E+2   4.237322E+1   1.335752E-1   5.972657E-2   
1.346511E+3   -2.731500E+2   -2.731500E+2   -2.731500E+2   0.000000E+0   0.000000E+0   0.000000E+0   5.499839E+2   5.499839E+2   1.244732E+2   4.043013E+1   1.245180E-1   5.698781E-2   
1.353973E+3   -2.731500E+2   -2.731500E+2   -2.731500E+2   0.000000E+0   0.000000E+0   0.000000E+0   5.001248E+2   5.001248E+2   1.153789E+2   3.856983E+1   1.154202E-1   5.436575E-2   
1.361436E+3   -2.731500E+2   -2.731500E+2   -2.731500E+2   0.000000E+0   0.000000E+0   0.000000E+0   4.499797E+2   4.499797E+2   1.061606E+2   3.658555E+1   1.061983E-1   5.156895E-2   
1.368900E+3   -2.731500E+2   -2.731500E+2   -2.731500E+2   0.000000E+0   0.000000E+0   0.000000E+0   4.002279E+2   4.002279E+2   9.694980E+1   3.464254E+1   9.698391E-2   4.883031E-2   
1.376362E+3   -2.731500E+2   -2.731500E+2   -2.731500E+2   0.000000E+0   0.000000E+0   0.000000E+0   3.500827E+2   3.500827E+2   8.763998E+1   3.261691E+1   8.767049E-2   4.597522E-2   
1.383824E+3   -2.731500E+2   -2.731500E+2   -2.731500E+2   0.000000E+0   0.000000E+0   0.000000E+0   3.000270E+2   3.000270E+2   7.825576E+1   3.063264E+1   7.828268E-2   4.317842E-2   
1.391285E+3   -2.731500E+2   -2.731500E+2   -2.731500E+2   0.000000E+0   0.000000E+0   0.000000E+0   2.499712E+2   2.499712E+2   6.883045E+1   2.860701E+1   6.885379E-2   4.032333E-2   
1.398747E+3   -2.731500E+2   -2.731500E+2   -2.731500E+2   0.000000E+0   0.000000E+0   0.000000E+0   2.001122E+2   2.001122E+2   5.932235E+1   2.643259E+1   5.934210E-2   3.725853E-2   
1.406210E+3   -2.731500E+2   -2.731500E+2   -2.731500E+2   0.000000E+0   0.000000E+0   0.000000E+0   1.499670E+2   1.499670E+2   4.969028E+1   2.418374E+1   4.970642E-2   3.408881E-2   
1.413673E+3   -2.731500E+2   -2.731500E+2   -2.731500E+2   0.000000E+0   0.000000E+0   0.000000E+0   1.001258E+2   1.001258E+2   4.001668E+1   2.178602E+1   4.002923E-2   3.070925E-2   
1.422088E+3   -2.731500E+2   -2.731500E+2   -2.731500E+2   0.000000E+0   0.000000E+0   0.000000E+0   9.002169E+1   9.002169E+1   3.803240E+1   2.133130E+1   3.804422E-2   3.006834E-2   
1.429515E+3   -2.731500E+2   -2.731500E+2   -2.731500E+2   0.000000E+0   0.000000E+0   0.000000E+0   8.015002E+1   8.015002E+1   3.608948E+1   2.079380E+1   3.610059E-2   2.931073E-2   
1.436927E+3   -2.731500E+2   -2.731500E+2   -2.731500E+2   0.000000E+0   0.000000E+0   0.000000E+0   7.013529E+1   7.013529E+1   3.414647E+1   2.033908E+1   3.415686E-2   2.866981E-2   
1.444340E+3   -2.731500E+2   -2.731500E+2   -2.731500E+2   0.000000E+0   0.000000E+0   0.000000E+0   5.997750E+1   5.997750E+1   3.212084E+1   1.977685E+1   3.213049E-2   2.787735E-2   
1.451702E+3   -2.731500E+2   -2.731500E+2   -2.731500E+2   0.000000E+0   0.000000E+0   0.000000E+0   5.019525E+1   5.019525E+1   3.015311E+1   1.926424E+1   3.016205E-2   2.715484E-2   
1.459065E+3   -2.731500E+2   -2.731500E+2   -2.731500E+2   0.000000E+0   0.000000E+0   0.000000E+0   4.009111E+1   4.009111E+1   2.811094E+1   1.868546E+1   2.811915E-2   2.633906E-2   
1.466476E+3   -2.731500E+2   -2.731500E+2   -2.731500E+2   0.000000E+0   0.000000E+0   0.000000E+0   3.013003E+1   3.013003E+1   2.616802E+1   1.814804E+1   2.617551E-2   2.558157E-2   
1.473888E+3   -2.731500E+2   -2.731500E+2   -2.731500E+2   0.000000E+0   0.000000E+0   0.000000E+0   1.999011E+1   1.999011E+1   2.410104E+1   1.756935E+1   2.410779E-2   2.476592E-2   
1.481200E+3   -2.731500E+2   -2.731500E+2   -2.731500E+2   0.000000E+0   0.000000E+0   0.000000E+0   1.015422E+1   1.015422E+1   2.207541E+1   1.699057E+1   2.208145E-2   2.395014E-2   
1.488613E+3   -2.731500E+2   -2.731500E+2   -2.731500E+2   0.000000E+0   0.000000E+0   0.000000E+0   -7.511050E-2   -7.511050E-2   1.996699E+1   1.632918E+1   1.997228E-2   2.301792E-2   
1.495974E+3   -2.731500E+2   -2.731500E+2   -2.731500E+2   0.000000E+0   0.000000E+0   0.000000E+0   -1.000042E+1   -1.000042E+1   1.794136E+1   1.562634E+1   1.794593E-2   2.202728E-2   
1.503336E+3   -2.731500E+2   -2.731500E+2   -2.731500E+2   0.000000E+0   0.000000E+0   0.000000E+0   -1.980055E+1   -1.980055E+1   1.570905E+1   1.467556E+1   1.571290E-2   2.068716E-2   
1.510754E+3   -2.731500E+2   -2.731500E+2   -2.731500E+2   0.000000E+0   0.000000E+0   0.000000E+0   -2.999411E+1   -2.999411E+1   1.345193E+1   1.364207E+1   1.345503E-2   1.923047E-2   
1.518116E+3   -2.731500E+2   -2.731500E+2   -2.731500E+2   0.000000E+0   0.000000E+0   0.000000E+0   -3.995519E+1   -3.995519E+1   1.128570E+1   1.261684E+1   1.128807E-2   1.778543E-2   
1.525529E+3   -2.731500E+2   -2.731500E+2   -2.731500E+2   0.000000E+0   0.000000E+0   0.000000E+0   -4.995204E+1   -4.995204E+1   9.012032E+0   1.149246E+1   9.013670E-3   1.620063E-2   
1.532941E+3   -2.731500E+2   -2.731500E+2   -2.731500E+2   0.000000E+0   0.000000E+0   0.000000E+0   -5.987735E+1   -5.987735E+1   6.779705E+0   1.033491E+1   6.780612E-3   1.456908E-2   
1.540353E+3   -2.731500E+2   -2.731500E+2   -2.731500E+2   0.000000E+0   0.000000E+0   0.000000E+0   -6.992785E+1   -6.992785E+1   4.423335E+0   8.970678E+0   4.423497E-3   1.264621E-2   
1.547774E+3   -2.731500E+2   -2.731500E+2   -2.731500E+2   0.000000E+0   0.000000E+0   0.000000E+0   -7.996046E+1   -7.996046E+1   2.025637E+0   7.482472E+0   2.025053E-3   1.054860E-2   
1.555188E+3   -2.731500E+2   -2.731500E+2   -2.731500E+2   0.000000E+0   0.000000E+0   0.000000E+0   -8.976059E+1   -8.976059E+1   -2.066982E-1   6.200947E+0   -2.080057E-4   8.742303E-3   
1.562601E+3   -2.731500E+2   -2.731500E+2   -2.731500E+2   0.000000E+0   0.000000E+0   0.000000E+0   -9.998992E+1   -9.998992E+1   -2.728422E+0   4.588697E+0   -2.730494E-3   6.469857E-3   
1.571153E+3   -2.731500E+2   -2.731500E+2   -2.731500E+2   0.000000E+0   0.000000E+0   0.000000E+0   -1.499205E+2   -1.499205E+2   -1.503111E+1   -3.555206E+0   -1.503692E-2   -5.008877E-3   
1.578614E+3   -2.731500E+2   -2.731500E+2   -2.731500E+2   0.000000E+0   0.000000E+0   0.000000E+0   -2.000120E+2   -2.000120E+2   -2.765623E+1   -1.190582E+1   -2.766579E-2   -1.677897E-2   
1.586078E+3   -2.731500E+2   -2.731500E+2   -2.731500E+2   0.000000E+0   0.000000E+0   0.000000E+0   -2.497995E+2   -2.497995E+2   -4.043013E+1   -1.951227E+1   -4.044344E-2   -2.750017E-2   
1.593541E+3   -2.731500E+2   -2.731500E+2   -2.731500E+2   0.000000E+0   0.000000E+0   0.000000E+0   -2.999089E+2   -2.999089E+2   -5.345215E+1   -2.620110E+1   -5.346925E-2   -3.692799E-2   
1.601005E+3   -2.731500E+2   -2.731500E+2   -2.731500E+2   0.000000E+0   0.000000E+0   0.000000E+0   -3.499468E+2   -3.499468E+2   -6.676347E+1   -3.169094E+1   -6.678436E-2   -4.466585E-2   
1.608468E+3   -2.731500E+2   -2.731500E+2   -2.731500E+2   0.000000E+0   0.000000E+0   0.000000E+0   -3.999668E+2   -3.999668E+2   -7.949602E+1   -3.592407E+1   -7.952067E-2   -5.063239E-2   
1.615929E+3   -2.731500E+2   -2.731500E+2   -2.731500E+2   0.000000E+0   0.000000E+0   0.000000E+0   -4.500226E+2   -4.500226E+2   -9.152565E+1   -3.912379E+1   -9.155402E-2   -5.514235E-2   
1.623390E+3   -2.731500E+2   -2.731500E+2   -2.731500E+2   0.000000E+0   0.000000E+0   0.000000E+0   -4.999710E+2   -4.999710E+2   -1.026876E+2   -4.179427E+1   -1.027197E-1   -5.890635E-2   
1.630850E+3   -2.731500E+2   -2.731500E+2   -2.731500E+2   0.000000E+0   0.000000E+0   0.000000E+0   -5.498837E+2   -5.498837E+2   -1.132289E+2   -4.390278E+1   -1.132646E-1   -6.187826E-2   
1.638315E+3   -2.731500E+2   -2.731500E+2   -2.731500E+2   0.000000E+0   0.000000E+0   0.000000E+0   -6.000110E+2   -6.000110E+2   -1.233574E+2   -4.572173E+1   -1.233968E-1   -6.444204E-2   
1.645776E+3   -2.731500E+2   -2.731500E+2   -2.731500E+2   0.000000E+0   0.000000E+0   0.000000E+0   -6.499416E+2   -6.499416E+2   -1.331299E+2   -4.733391E+1   -1.331728E-1   -6.671438E-2   
1.653239E+3   -2.731500E+2   -2.731500E+2   -2.731500E+2   0.000000E+0   0.000000E+0   0.000000E+0   -6.999974E+2   -6.999974E+2   -1.426627E+2   -4.869814E+1   -1.427092E-1   -6.863724E-2   
1.660701E+3   -2.731500E+2   -2.731500E+2   -2.731500E+2   0.000000E+0   0.000000E+0   0.000000E+0   -7.500710E+2   -7.500710E+2   -1.520549E+2   -4.977299E+1   -1.521050E-1   -7.015220E-2   
1.668164E+3   -2.731500E+2   -2.731500E+2   -2.731500E+2   0.000000E+0   0.000000E+0   0.000000E+0   -8.000016E+2   -8.000016E+2   -1.612657E+2   -5.076512E+1   -1.613194E-1   -7.155060E-2   
1.675627E+3   -2.731500E+2   -2.731500E+2   -2.731500E+2   0.000000E+0   0.000000E+0   0.000000E+0   -8.499858E+2   -8.499858E+2   -1.703193E+2   -5.159185E+1   -1.703765E-1   -7.271584E-2   
1.683090E+3   -2.731500E+2   -2.731500E+2   -2.731500E+2   0.000000E+0   0.000000E+0   0.000000E+0   -8.998985E+2   -8.998985E+2   -1.792738E+2   -5.229468E+1   -1.793346E-1   -7.370647E-2   
1.690552E+3   -2.731500E+2   -2.731500E+2   -2.731500E+2   0.000000E+0   0.000000E+0   0.000000E+0   -9.498649E+2   -9.498649E+2   -1.881368E+2   -5.295608E+1   -1.882012E-1   -7.463869E-2   
1.698014E+3   -2.731500E+2   -2.731500E+2   -2.731500E+2   0.000000E+0   0.000000E+0   0.000000E+0   -9.998849E+2   -9.998849E+2   -1.969008E+2   -5.353486E+1   -1.969687E-1   -7.545446E-2   
1.706628E+3   -2.731500E+2   -2.731500E+2   -2.731500E+2   0.000000E+0   0.000000E+0   0.000000E+0   -1.100157E+3   -1.100157E+3   -2.142225E+2   -5.460970E+1   -2.142975E-1   -7.696941E-2   
1.714095E+3   -2.731500E+2   -2.731500E+2   -2.731500E+2   0.000000E+0   0.000000E+0   0.000000E+0   -1.199911E+3   -1.199911E+3   -2.310881E+2   -5.564319E+1   -2.311702E-1   -7.842608E-2   
1.721556E+3   -2.731500E+2   -2.731500E+2   -2.731500E+2   0.000000E+0   0.000000E+0   0.000000E+0   -1.300058E+3   -1.300058E+3   -2.476904E+2   -5.675930E+1   -2.477796E-1   -7.999920E-2   
1.729020E+3   -2.731500E+2   -2.731500E+2   -2.731500E+2   0.000000E+0   0.000000E+0   0.000000E+0   -1.400063E+3   -1.400063E+3   -2.639533E+2   -5.799948E+1   -2.640495E-1   -8.174718E-2   
1.736478E+3   -2.731500E+2   -2.731500E+2   -2.731500E+2   0.000000E+0   0.000000E+0   0.000000E+0   -1.499995E+3   -1.499995E+3   -2.798362E+2   -5.952904E+1   -2.799394E-1   -8.390306E-2   
1.743938E+3   -2.731500E+2   -2.731500E+2   -2.731500E+2   0.000000E+0   0.000000E+0   0.000000E+0   -1.600053E+3   -1.600053E+3   -2.954123E+2   -6.118266E+1   -2.955226E-1   -8.623379E-2   
1.751401E+3   -2.731500E+2   -2.731500E+2   -2.731500E+2   0.000000E+0   0.000000E+0   0.000000E+0   -1.699843E+3   -1.699843E+3   -3.105840E+2   -6.291890E+1   -3.107012E-1   -8.868098E-2   
1.758864E+3   -2.731500E+2   -2.731500E+2   -2.731500E+2   0.000000E+0   0.000000E+0   0.000000E+0   -1.800115E+3   -1.800115E+3   -3.253837E+2   -6.461378E+1   -3.255079E-1   -9.106988E-2   
1.766326E+3   -2.731500E+2   -2.731500E+2   -2.731500E+2   0.000000E+0   0.000000E+0   0.000000E+0   -1.900048E+3   -1.900048E+3   -3.396717E+2   -6.617643E+1   -3.398028E-1   -9.327238E-2   
1.773788E+3   -2.731500E+2   -2.731500E+2   -2.731500E+2   0.000000E+0   0.000000E+0   0.000000E+0   -1.999999E+3   -1.999999E+3   -3.534130E+2   -6.742487E+1   -3.535511E-1   -9.503202E-2   
1.781250E+3   -2.731500E+2   -2.731500E+2   -2.731500E+2   0.000000E+0   0.000000E+0   0.000000E+0   -2.099985E+3   -2.099985E+3   -3.665586E+2   -6.829303E+1   -3.667035E-1   -9.625566E-2   
1.788713E+3   -2.731500E+2   -2.731500E+2   -2.731500E+2   0.000000E+0   0.000000E+0   0.000000E+0   -2.200097E+3   -2.200097E+3   -3.790435E+2   -6.869812E+1   -3.791953E-1   -9.682661E-2   
1.796176E+3   -2.731500E+2   -2.731500E+2   -2.731500E+2   0.000000E+0   0.000000E+0   0.000000E+0   -2.299886E+3   -2.299886E+3   -3.907422E+2   -6.858242E+1   -3.909007E-1   -9.666350E-2   
1.803639E+3   -2.731500E+2   -2.731500E+2   -2.731500E+2   0.000000E+0   0.000000E+0   0.000000E+0   -2.399819E+3   -2.399819E+3   -4.016978E+2   -6.787958E+1   -4.018631E-1   -9.567284E-2   
1.811101E+3   -2.731500E+2   -2.731500E+2   -2.731500E+2   0.000000E+0   0.000000E+0   0.000000E+0   -2.500145E+3   -2.500145E+3   -4.118671E+2   -6.676347E+1   -4.120392E-1   -9.409966E-2   
1.818564E+3   -2.731500E+2   -2.731500E+2   -2.731500E+2   0.000000E+0   0.000000E+0   0.000000E+0   -2.599899E+3   -2.599899E+3   -4.210854E+2   -6.519256E+1   -4.212641E-1   -9.188545E-2   
1.826025E+3   -2.731500E+2   -2.731500E+2   -2.731500E+2   0.000000E+0   0.000000E+0   0.000000E+0   -2.700010E+3   -2.700010E+3   -4.295108E+2   -6.333226E+1   -4.296961E-1   -8.926335E-2   
1.833488E+3   -2.731500E+2   -2.731500E+2   -2.731500E+2   0.000000E+0   0.000000E+0   0.000000E+0   -2.800015E+3   -2.800015E+3   -4.370425E+2   -6.122401E+1   -4.372344E-1   -8.629177E-2   
1.840951E+3   -2.731500E+2   -2.731500E+2   -2.731500E+2   0.000000E+0   0.000000E+0   0.000000E+0   -2.900072E+3   -2.900072E+3   -4.436573E+2   -5.896685E+1   -4.438558E-1   -8.311030E-2   
1.848423E+3   -2.731500E+2   -2.731500E+2   -2.731500E+2   0.000000E+0   0.000000E+0   0.000000E+0   -3.000005E+3   -3.000005E+3   -4.495274E+2   -5.663533E+1   -4.497324E-1   -7.982402E-2   
1.855890E+3   -2.731500E+2   -2.731500E+2   -2.731500E+2   0.000000E+0   0.000000E+0   0.000000E+0   -3.099866E+3   -3.099866E+3   -4.546121E+2   -5.427069E+1   -4.548235E-1   -7.649105E-2   
1.863352E+3   -2.731500E+2   -2.731500E+2   -2.731500E+2   0.000000E+0   0.000000E+0   0.000000E+0   -3.199978E+3   -3.199978E+3   -4.589937E+2   -5.190605E+1   -4.592115E-1   -7.315809E-2   
1.870814E+3   -2.731500E+2   -2.731500E+2   -2.731500E+2   0.000000E+0   0.000000E+0   0.000000E+0   -3.300000E+3   -3.300000E+3   -4.627554E+2   -4.964893E+1   -4.629796E-1   -6.997668E-2   
1.878280E+3   -2.731500E+2   -2.731500E+2   -2.731500E+2   0.000000E+0   0.000000E+0   0.000000E+0   -3.399915E+3   -3.399915E+3   -4.659887E+2   -4.745797E+1   -4.662194E-1   -6.688852E-2   
1.885742E+3   -2.731500E+2   -2.731500E+2   -2.731500E+2   0.000000E+0   0.000000E+0   0.000000E+0   -3.500062E+3   -3.500062E+3   -4.687087E+2   -4.538272E+1   -4.689457E-1   -6.396345E-2   
1.893207E+3   -2.731500E+2   -2.731500E+2   -2.731500E+2   0.000000E+0   0.000000E+0   0.000000E+0   -3.600030E+3   -3.600030E+3   -4.710651E+2   -4.340671E+1   -4.713084E-1   -6.117826E-2   
1.900671E+3   -2.731500E+2   -2.731500E+2   -2.731500E+2   0.000000E+0   0.000000E+0   0.000000E+0   -3.699963E+3   -3.699963E+3   -4.730903E+2   -4.158759E+1   -4.733398E-1   -5.861420E-2   
1.908133E+3   -2.731500E+2   -2.731500E+2   -2.731500E+2   0.000000E+0   0.000000E+0   0.000000E+0   -3.799878E+3   -3.799878E+3   -4.748268E+2   -3.985135E+1   -4.750826E-1   -5.616696E-2   
1.915595E+3   -2.731500E+2   -2.731500E+2   -2.731500E+2   0.000000E+0   0.000000E+0   0.000000E+0   -3.900115E+3   -3.900115E+3   -4.763153E+2   -3.826390E+1   -4.765775E-1   -5.392944E-2   
1.923059E+3   -2.731500E+2   -2.731500E+2   -2.731500E+2   0.000000E+0   0.000000E+0   0.000000E+0   -3.999922E+3   -3.999922E+3   -4.776050E+2   -3.675088E+1   -4.778734E-1   -5.179683E-2   
1.930523E+3   -2.731500E+2   -2.731500E+2   -2.731500E+2   0.000000E+0   0.000000E+0   0.000000E+0   -4.099873E+3   -4.099873E+3   -4.787125E+2   -3.534538E+1   -4.789871E-1   -4.981576E-2   
1.937990E+3   -2.731500E+2   -2.731500E+2   -2.731500E+2   0.000000E+0   0.000000E+0   0.000000E+0   -4.200181E+3   -4.200181E+3   -4.797467E+2   -3.406385E+1   -4.800276E-1   -4.800944E-2   
1.945453E+3   -2.731500E+2   -2.731500E+2   -2.731500E+2   0.000000E+0   0.000000E+0   0.000000E+0   -4.300132E+3   -4.300132E+3   -4.806145E+2   -3.286495E+1   -4.809017E-1   -4.631957E-2   
1.952914E+3   -2.731500E+2   -2.731500E+2   -2.731500E+2   0.000000E+0   0.000000E+0   0.000000E+0   -4.400028E+3   -4.400028E+3   -4.814000E+2   -3.170748E+1   -4.816934E-1   -4.468811E-2   
1.960376E+3   -2.731500E+2   -2.731500E+2   -2.731500E+2   0.000000E+0   0.000000E+0   0.000000E+0   -4.499908E+3   -4.499908E+3   -4.821022E+2   -3.063264E+1   -4.824018E-1   -4.317310E-2   
1.967839E+3   -2.731500E+2   -2.731500E+2   -2.731500E+2   0.000000E+0   0.000000E+0   0.000000E+0   -4.600144E+3   -4.600144E+3   -4.827230E+2   -2.964050E+1   -4.830288E-1   -4.177467E-2   
1.975302E+3   -2.731500E+2   -2.731500E+2   -2.731500E+2   0.000000E+0   0.000000E+0   0.000000E+0   -4.700095E+3   -4.700095E+3   -4.833012E+2   -2.873107E+1   -4.836133E-1   -4.049281E-2   
1.982766E+3   -2.731500E+2   -2.731500E+2   -2.731500E+2   0.000000E+0   0.000000E+0   0.000000E+0   -4.799849E+3   -4.799849E+3   -4.837980E+2   -2.782155E+1   -4.841162E-1   -3.921083E-2   
1.990229E+3   -2.731500E+2   -2.731500E+2   -2.731500E+2   0.000000E+0   0.000000E+0   0.000000E+0   -4.900139E+3   -4.900139E+3   -4.842106E+2   -2.699483E+1   -4.845352E-1   -3.804554E-2   
1.997691E+3   -2.731500E+2   -2.731500E+2   -2.731500E+2   0.000000E+0   0.000000E+0   0.000000E+0   -5.000036E+3   -5.000036E+3   -4.846242E+2   -2.620937E+1   -4.849549E-1   -3.693842E-2   
2.005154E+3   -2.731500E+2   -2.731500E+2   -2.731500E+2   0.000000E+0   0.000000E+0   0.000000E+0   -5.100022E+3   -5.100022E+3   -4.849961E+2   -2.550654E+1   -4.853330E-1   -3.594776E-2   
2.012615E+3   -2.731500E+2   -2.731500E+2   -2.731500E+2   0.000000E+0   0.000000E+0   0.000000E+0   -5.199866E+3   -5.199866E+3   -4.853273E+2   -2.484514E+1   -4.856704E-1   -3.501550E-2   
2.020079E+3   -2.731500E+2   -2.731500E+2   -2.731500E+2   0.000000E+0   0.000000E+0   0.000000E+0   -5.300067E+3   -5.300067E+3   -4.856576E+2   -2.422501E+1   -4.860069E-1   -3.414141E-2   
2.027540E+3   -2.731500E+2   -2.731500E+2   -2.731500E+2   0.000000E+0   0.000000E+0   0.000000E+0   -5.400089E+3   -5.400089E+3   -4.859471E+2   -2.360497E+1   -4.863027E-1   -3.326744E-2   
2.035014E+3   -2.731500E+2   -2.731500E+2   -2.731500E+2   0.000000E+0   0.000000E+0   0.000000E+0   -5.499896E+3   -5.499896E+3   -4.861951E+2   -2.298484E+1   -4.865569E-1   -3.239335E-2   
2.042481E+3   -2.731500E+2   -2.731500E+2   -2.731500E+2   0.000000E+0   0.000000E+0   0.000000E+0   -5.600133E+3   -5.600133E+3   -4.864680E+2   -2.248877E+1   -4.868360E-1   -3.169412E-2   
2.049943E+3   -2.731500E+2   -2.731500E+2   -2.731500E+2   0.000000E+0   0.000000E+0   0.000000E+0   -5.699976E+3   -5.699976E+3   -4.866502E+2   -2.195135E+1   -4.870244E-1   -3.093660E-2   
2.057405E+3   -2.731500E+2   -2.731500E+2   -2.731500E+2   0.000000E+0   0.000000E+0   0.000000E+0   -5.799980E+3   -5.799980E+3   -4.868982E+2   -2.145528E+1   -4.872786E-1   -3.023737E-2   
2.064869E+3   -2.731500E+2   -2.731500E+2   -2.731500E+2   0.000000E+0   0.000000E+0   0.000000E+0   -5.899931E+3   -5.899931E+3   -4.871045E+2   -2.100048E+1   -4.874911E-1   -2.959630E-2   
2.072331E+3   -2.731500E+2   -2.731500E+2   -2.731500E+2   0.000000E+0   0.000000E+0   0.000000E+0   -6.000007E+3   -6.000007E+3   -4.872701E+2   -2.055403E+1   -4.876629E-1   -2.896702E-2   
2.079794E+3   -2.731500E+2   -2.731500E+2   -2.731500E+2   0.000000E+0   0.000000E+0   0.000000E+0   -6.100082E+3   -6.100082E+3   -4.874764E+2   -2.015716E+1   -4.878755E-1   -2.840760E-2   
2.087257E+3   -2.731500E+2   -2.731500E+2   -2.731500E+2   0.000000E+0   0.000000E+0   0.000000E+0   -6.200051E+3   -6.200051E+3   -4.876420E+2   -1.976030E+1   -4.880473E-1   -2.784822E-2   
2.094720E+3   -2.731500E+2   -2.731500E+2   -2.731500E+2   0.000000E+0   0.000000E+0   0.000000E+0   -6.299984E+3   -6.299984E+3   -4.878076E+2   -1.935521E+1   -4.882190E-1   -2.727722E-2   
2.102182E+3   -2.731500E+2   -2.731500E+2   -2.731500E+2   0.000000E+0   0.000000E+0   0.000000E+0   -6.399934E+3   -6.399934E+3   -4.879233E+2   -1.899139E+1   -4.883409E-1   -2.676439E-2   
2.109645E+3   -2.731500E+2   -2.731500E+2   -2.731500E+2   0.000000E+0   0.000000E+0   0.000000E+0   -6.499992E+3   -6.499992E+3   -4.880140E+2   -1.864411E+1   -4.884378E-1   -2.627487E-2   
2.117107E+3   -2.731500E+2   -2.731500E+2   -2.731500E+2   0.000000E+0   0.000000E+0   0.000000E+0   -6.600050E+3   -6.600050E+3   -4.881629E+2   -1.831345E+1   -4.885929E-1   -2.580879E-2   
2.124570E+3   -2.731500E+2   -2.731500E+2   -2.731500E+2   0.000000E+0   0.000000E+0   0.000000E+0   -6.700072E+3   -6.700072E+3   -4.882619E+2   -1.798271E+1   -4.886981E-1   -2.534258E-2   
2.132030E+3   -2.731500E+2   -2.731500E+2   -2.731500E+2   0.000000E+0   0.000000E+0   0.000000E+0   -6.800005E+3   -6.800005E+3   -4.883859E+2   -1.769332E+1   -4.888283E-1   -2.493467E-2   
2.139493E+3   -2.731500E+2   -2.731500E+2   -2.731500E+2   0.000000E+0   0.000000E+0   0.000000E+0   -6.899919E+3   -6.899919E+3   -4.884608E+2   -1.740393E+1   -4.889094E-1   -2.452675E-2   
2.146953E+3   -2.731500E+2   -2.731500E+2   -2.731500E+2   0.000000E+0   0.000000E+0   0.000000E+0   -7.000013E+3   -7.000013E+3   -4.885099E+2   -1.712289E+1   -4.889647E-1   -2.413059E-2   
2.154416E+3   -2.731500E+2   -2.731500E+2   -2.731500E+2   0.000000E+0   0.000000E+0   0.000000E+0   -7.100035E+3   -7.100035E+3   -4.885931E+2   -1.687478E+1   -4.890541E-1   -2.378087E-2   
2.161877E+3   -2.731500E+2   -2.731500E+2   -2.731500E+2   0.000000E+0   0.000000E+0   0.000000E+0   -7.199932E+3   -7.199932E+3   -4.886754E+2   -1.661848E+1   -4.891427E-1   -2.341958E-2   
2.169341E+3   -2.731500E+2   -2.731500E+2   -2.731500E+2   0.000000E+0   0.000000E+0   0.000000E+0   -7.300115E+3   -7.300115E+3   -4.887587E+2   -1.637044E+1   -4.892321E-1   -2.306995E-2   
2.176805E+3   -2.731500E+2   -2.731500E+2   -2.731500E+2   0.000000E+0   0.000000E+0   0.000000E+0   -7.400012E+3   -7.400012E+3   -4.888826E+2   -1.614722E+1   -4.893623E-1   -2.275530E-2   
2.184269E+3   -2.731500E+2   -2.731500E+2   -2.731500E+2   0.000000E+0   0.000000E+0   0.000000E+0   -7.499998E+3   -7.499998E+3   -4.889234E+2   -1.589919E+1   -4.894092E-1   -2.240567E-2   
2.191729E+3   -2.731500E+2   -2.731500E+2   -2.731500E+2   0.000000E+0   0.000000E+0   0.000000E+0   -7.599842E+3   -7.599842E+3   -4.889983E+2   -1.566769E+1   -4.894903E-1   -2.207936E-2   
2.199191E+3   -2.731500E+2   -2.731500E+2   -2.731500E+2   0.000000E+0   0.000000E+0   0.000000E+0   -7.700025E+3   -7.700025E+3   -4.890474E+2   -1.546101E+1   -4.895456E-1   -2.178802E-2   
2.206701E+3   -2.731500E+2   -2.731500E+2   -2.731500E+2   0.000000E+0   0.000000E+0   0.000000E+0   -7.800047E+3   -7.800047E+3   -4.891306E+2   -1.525433E+1   -4.896350E-1   -2.149668E-2   
2.214167E+3   -2.731500E+2   -2.731500E+2   -2.731500E+2   0.000000E+0   0.000000E+0   0.000000E+0   -7.899926E+3   -7.899926E+3   -4.892129E+2   -1.508892E+1   -4.897236E-1   -2.126350E-2   
2.221630E+3   -2.731500E+2   -2.731500E+2   -2.731500E+2   0.000000E+0   0.000000E+0   0.000000E+0   -7.999984E+3   -7.999984E+3   -4.892546E+2   -1.488224E+1   -4.897714E-1   -2.097216E-2   
2.230232E+3   -2.731500E+2   -2.731500E+2   -2.731500E+2   0.000000E+0   0.000000E+0   0.000000E+0   -7.899783E+3   -7.899783E+3   -4.892046E+2   -1.508892E+1   -4.897152E-1   -2.126350E-2   
2.237692E+3   -2.731500E+2   -2.731500E+2   -2.731500E+2   0.000000E+0   0.000000E+0   0.000000E+0   -7.799886E+3   -7.799886E+3   -4.891713E+2   -1.529569E+1   -4.896758E-1   -2.155496E-2   
2.245156E+3   -2.731500E+2   -2.731500E+2   -2.731500E+2   0.000000E+0   0.000000E+0   0.000000E+0   -7.699882E+3   -7.699882E+3   -4.890890E+2   -1.550237E+1   -4.895872E-1   -2.184630E-2   
2.252619E+3   -2.731500E+2   -2.731500E+2   -2.731500E+2   0.000000E+0   0.000000E+0   0.000000E+0   -7.599734E+3   -7.599734E+3   -4.890474E+2   -1.570905E+1   -4.895394E-1   -2.213764E-2   
2.260081E+3   -2.731500E+2   -2.731500E+2   -2.731500E+2   0.000000E+0   0.000000E+0   0.000000E+0   -7.499784E+3   -7.499784E+3   -4.889650E+2   -1.591573E+1   -4.894508E-1   -2.242899E-2   
2.267543E+3   -2.731500E+2   -2.731500E+2   -2.731500E+2   0.000000E+0   0.000000E+0   0.000000E+0   -7.399923E+3   -7.399923E+3   -4.888826E+2   -1.616376E+1   -4.893623E-1   -2.277861E-2   
2.275007E+3   -2.731500E+2   -2.731500E+2   -2.731500E+2   0.000000E+0   0.000000E+0   0.000000E+0   -7.299901E+3   -7.299901E+3   -4.888410E+2   -1.637044E+1   -4.893145E-1   -2.306995E-2   
2.282469E+3   -2.731500E+2   -2.731500E+2   -2.731500E+2   0.000000E+0   0.000000E+0   0.000000E+0   -7.199789E+3   -7.199789E+3   -4.887587E+2   -1.661848E+1   -4.892259E-1   -2.341958E-2   
2.289932E+3   -2.731500E+2   -2.731500E+2   -2.731500E+2   0.000000E+0   0.000000E+0   0.000000E+0   -7.099856E+3   -7.099856E+3   -4.886754E+2   -1.690787E+1   -4.891365E-1   -2.382750E-2   
2.297394E+3   -2.731500E+2   -2.731500E+2   -2.731500E+2   0.000000E+0   0.000000E+0   0.000000E+0   -6.999870E+3   -6.999870E+3   -4.885931E+2   -1.717244E+1   -4.890479E-1   -2.420044E-2   
2.304858E+3   -2.731500E+2   -2.731500E+2   -2.731500E+2   0.000000E+0   0.000000E+0   0.000000E+0   -6.899669E+3   -6.899669E+3   -4.884691E+2   -1.744529E+1   -4.889177E-1   -2.458504E-2   
2.312319E+3   -2.731500E+2   -2.731500E+2   -2.731500E+2   0.000000E+0   0.000000E+0   0.000000E+0   -6.799808E+3   -6.799808E+3   -4.883533E+2   -1.773468E+1   -4.887957E-1   -2.499296E-2   
2.319782E+3   -2.731500E+2   -2.731500E+2   -2.731500E+2   0.000000E+0   0.000000E+0   0.000000E+0   -6.699822E+3   -6.699822E+3   -4.882456E+2   -1.806542E+1   -4.886818E-1   -2.545916E-2   
2.327243E+3   -2.731500E+2   -2.731500E+2   -2.731500E+2   0.000000E+0   0.000000E+0   0.000000E+0   -6.599925E+3   -6.599925E+3   -4.880972E+2   -1.835481E+1   -4.885272E-1   -2.586707E-2   
2.334708E+3   -2.731500E+2   -2.731500E+2   -2.731500E+2   0.000000E+0   0.000000E+0   0.000000E+0   -6.499742E+3   -6.499742E+3   -4.880140E+2   -1.868546E+1   -4.884378E-1   -2.633315E-2   
2.342170E+3   -2.731500E+2   -2.731500E+2   -2.731500E+2   0.000000E+0   0.000000E+0   0.000000E+0   -6.399773E+3   -6.399773E+3   -4.878818E+2   -1.905755E+1   -4.882994E-1   -2.685764E-2   
2.349684E+3   -2.731500E+2   -2.731500E+2   -2.731500E+2   0.000000E+0   0.000000E+0   0.000000E+0   -6.299823E+3   -6.299823E+3   -4.877244E+2   -1.942956E+1   -4.881358E-1   -2.738201E-2   
2.357144E+3   -2.731500E+2   -2.731500E+2   -2.731500E+2   0.000000E+0   0.000000E+0   0.000000E+0   -6.199818E+3   -6.199818E+3   -4.876004E+2   -1.980166E+1   -4.880056E-1   -2.790650E-2   
2.364605E+3   -2.731500E+2   -2.731500E+2   -2.731500E+2   0.000000E+0   0.000000E+0   0.000000E+0   -6.099778E+3   -6.099778E+3   -4.874357E+2   -2.021502E+1   -4.878347E-1   -2.848916E-2   
2.372066E+3   -2.731500E+2   -2.731500E+2   -2.731500E+2   0.000000E+0   0.000000E+0   0.000000E+0   -5.999864E+3   -5.999864E+3   -4.872701E+2   -2.062847E+1   -4.876629E-1   -2.907194E-2   
2.379530E+3   -2.731500E+2   -2.731500E+2   -2.731500E+2   0.000000E+0   0.000000E+0   0.000000E+0   -5.899788E+3   -5.899788E+3   -4.871045E+2   -2.108318E+1   -4.874911E-1   -2.971288E-2   
2.386993E+3   -2.731500E+2   -2.731500E+2   -2.731500E+2   0.000000E+0   0.000000E+0   0.000000E+0   -5.799819E+3   -5.799819E+3   -4.868982E+2   -2.154626E+1   -4.872786E-1   -3.036560E-2   
2.394455E+3   -2.731500E+2   -2.731500E+2   -2.731500E+2   0.000000E+0   0.000000E+0   0.000000E+0   -5.699851E+3   -5.699851E+3   -4.866910E+2   -2.203405E+1   -4.870652E-1   -3.105317E-2   
2.401927E+3   -2.731500E+2   -2.731500E+2   -2.731500E+2   0.000000E+0   0.000000E+0   0.000000E+0   -5.599990E+3   -5.599990E+3   -4.864847E+2   -2.257148E+1   -4.868526E-1   -3.181069E-2   
2.409391E+3   -2.731500E+2   -2.731500E+2   -2.731500E+2   0.000000E+0   0.000000E+0   0.000000E+0   -5.499735E+3   -5.499735E+3   -4.861951E+2   -2.315025E+1   -4.865569E-1   -3.262649E-2   
2.416852E+3   -2.731500E+2   -2.731500E+2   -2.731500E+2   0.000000E+0   0.000000E+0   0.000000E+0   -5.399749E+3   -5.399749E+3   -4.859471E+2   -2.372894E+1   -4.863027E-1   -3.344218E-2   
2.424315E+3   -2.731500E+2   -2.731500E+2   -2.731500E+2   0.000000E+0   0.000000E+0   0.000000E+0   -5.299959E+3   -5.299959E+3   -4.856576E+2   -2.434907E+1   -4.860069E-1   -3.431627E-2   
2.431777E+3   -2.731500E+2   -2.731500E+2   -2.731500E+2   0.000000E+0   0.000000E+0   0.000000E+0   -5.199687E+3   -5.199687E+3   -4.853680E+2   -2.500221E+1   -4.857111E-1   -3.523689E-2   
2.439240E+3   -2.731500E+2   -2.731500E+2   -2.731500E+2   0.000000E+0   0.000000E+0   0.000000E+0   -5.099915E+3   -5.099915E+3   -4.850377E+2   -2.571330E+1   -4.853746E-1   -3.623919E-2   
2.446702E+3   -2.731500E+2   -2.731500E+2   -2.731500E+2   0.000000E+0   0.000000E+0   0.000000E+0   -4.999929E+3   -4.999929E+3   -4.846658E+2   -2.644914E+1   -4.849965E-1   -3.727637E-2   
2.454214E+3   -2.731500E+2   -2.731500E+2   -2.731500E+2   0.000000E+0   0.000000E+0   0.000000E+0   -4.899978E+3   -4.899978E+3   -4.842106E+2   -2.724286E+1   -4.845351E-1   -3.839514E-2   
2.461678E+3   -2.731500E+2   -2.731500E+2   -2.731500E+2   0.000000E+0   0.000000E+0   0.000000E+0   -4.799759E+3   -4.799759E+3   -4.837980E+2   -2.806959E+1   -4.841162E-1   -3.956043E-2   
2.469140E+3   -2.731500E+2   -2.731500E+2   -2.731500E+2   0.000000E+0   0.000000E+0   0.000000E+0   -4.699898E+3   -4.699898E+3   -4.832849E+2   -2.902046E+1   -4.835970E-1   -4.090070E-2   
2.476611E+3   -2.731500E+2   -2.731500E+2   -2.731500E+2   0.000000E+0   0.000000E+0   0.000000E+0   -4.599894E+3   -4.599894E+3   -4.827230E+2   -2.997124E+1   -4.830288E-1   -4.224084E-2   
2.484123E+3   -2.731500E+2   -2.731500E+2   -2.731500E+2   0.000000E+0   0.000000E+0   0.000000E+0   -4.499693E+3   -4.499693E+3   -4.821022E+2   -3.096338E+1   -4.824018E-1   -4.363928E-2   
2.491586E+3   -2.731500E+2   -2.731500E+2   -2.731500E+2   0.000000E+0   0.000000E+0   0.000000E+0   -4.399885E+3   -4.399885E+3   -4.814000E+2   -3.207949E+1   -4.816934E-1   -4.521245E-2   
2.499049E+3   -2.731500E+2   -2.731500E+2   -2.731500E+2   0.000000E+0   0.000000E+0   0.000000E+0   -4.299899E+3   -4.299899E+3   -4.806145E+2   -3.323704E+1   -4.809017E-1   -4.684403E-2   
2.506512E+3   -2.731500E+2   -2.731500E+2   -2.731500E+2   0.000000E+0   0.000000E+0   0.000000E+0   -4.199966E+3   -4.199966E+3   -4.797467E+2   -3.449376E+1   -4.800276E-1   -4.861539E-2   
2.513974E+3   -2.731500E+2   -2.731500E+2   -2.731500E+2   0.000000E+0   0.000000E+0   0.000000E+0   -4.099712E+3   -4.099712E+3   -4.787125E+2   -3.584145E+1   -4.789871E-1   -5.051497E-2   
2.521438E+3   -2.731500E+2   -2.731500E+2   -2.731500E+2   0.000000E+0   0.000000E+0   0.000000E+0   -3.999904E+3   -3.999904E+3   -4.775551E+2   -3.732965E+1   -4.778235E-1   -5.261261E-2   
2.528899E+3   -2.731500E+2   -2.731500E+2   -2.731500E+2   0.000000E+0   0.000000E+0   0.000000E+0   -3.899864E+3   -3.899864E+3   -4.762321E+2   -3.890057E+1   -4.764942E-1   -5.482682E-2   
2.536363E+3   -2.731500E+2   -2.731500E+2   -2.731500E+2   0.000000E+0   0.000000E+0   0.000000E+0   -3.799806E+3   -3.799806E+3   -4.747444E+2   -4.063681E+1   -4.750003E-1   -5.727406E-2   
2.543826E+3   -2.731500E+2   -2.731500E+2   -2.731500E+2   0.000000E+0   0.000000E+0   0.000000E+0   -3.699784E+3   -3.699784E+3   -4.730412E+2   -4.241458E+1   -4.732908E-1   -5.977983E-2   
2.551291E+3   -2.731500E+2   -2.731500E+2   -2.731500E+2   0.000000E+0   0.000000E+0   0.000000E+0   -3.599798E+3   -3.599798E+3   -4.710072E+2   -4.435750E+1   -4.712504E-1   -6.251838E-2   
2.558752E+3   -2.731500E+2   -2.731500E+2   -2.731500E+2   0.000000E+0   0.000000E+0   0.000000E+0   -3.499830E+3   -3.499830E+3   -4.686264E+2   -4.642448E+1   -4.688633E-1   -6.543180E-2   
2.566215E+3   -2.731500E+2   -2.731500E+2   -2.731500E+2   0.000000E+0   0.000000E+0   0.000000E+0   -3.399790E+3   -3.399790E+3   -4.658564E+2   -4.861543E+1   -4.660870E-1   -6.851995E-2   
2.573678E+3   -2.731500E+2   -2.731500E+2   -2.731500E+2   0.000000E+0   0.000000E+0   0.000000E+0   -3.299893E+3   -3.299893E+3   -4.626730E+2   -5.093045E+1   -4.628973E-1   -7.178297E-2   
2.581150E+3   -2.731500E+2   -2.731500E+2   -2.731500E+2   0.000000E+0   0.000000E+0   0.000000E+0   -3.199906E+3   -3.199906E+3   -4.589113E+2   -5.341080E+1   -4.591292E-1   -7.527902E-2   
2.588611E+3   -2.731500E+2   -2.731500E+2   -2.731500E+2   0.000000E+0   0.000000E+0   0.000000E+0   -3.099777E+3   -3.099777E+3   -4.545289E+2   -5.597385E+1   -4.547403E-1   -7.889164E-2   
2.596125E+3   -2.731500E+2   -2.731500E+2   -2.731500E+2   0.000000E+0   0.000000E+0   0.000000E+0   -2.999844E+3   -2.999844E+3   -4.495274E+2   -5.857825E+1   -4.497324E-1   -8.256255E-2   
2.603586E+3   -2.731500E+2   -2.731500E+2   -2.731500E+2   0.000000E+0   0.000000E+0   0.000000E+0   -2.899929E+3   -2.899929E+3   -4.437397E+2   -6.126528E+1   -4.439382E-1   -8.634991E-2   
2.611050E+3   -2.731500E+2   -2.731500E+2   -2.731500E+2   0.000000E+0   0.000000E+0   0.000000E+0   -2.799979E+3   -2.799979E+3   -4.372081E+2   -6.391103E+1   -4.374000E-1   -9.007910E-2   
2.618513E+3   -2.731500E+2   -2.731500E+2   -2.731500E+2   0.000000E+0   0.000000E+0   0.000000E+0   -2.699796E+3   -2.699796E+3   -4.298494E+2   -6.651544E+1   -4.300348E-1   -9.375001E-2   
2.625975E+3   -2.731500E+2   -2.731500E+2   -2.731500E+2   0.000000E+0   0.000000E+0   0.000000E+0   -2.599935E+3   -2.599935E+3   -4.216645E+2   -6.899578E+1   -4.218433E-1   -9.724605E-2   
2.633439E+3   -2.731500E+2   -2.731500E+2   -2.731500E+2   0.000000E+0   0.000000E+0   0.000000E+0   -2.499859E+3   -2.499859E+3   -4.126526E+2   -7.133561E+1   -4.128247E-1   -1.005440E-1   
2.640902E+3   -2.731500E+2   -2.731500E+2   -2.731500E+2   0.000000E+0   0.000000E+0   0.000000E+0   -2.399765E+3   -2.399765E+3   -4.028552E+2   -7.346040E+1   -4.030206E-1   -1.035389E-1   
2.648363E+3   -2.731500E+2   -2.731500E+2   -2.731500E+2   0.000000E+0   0.000000E+0   0.000000E+0   -2.299797E+3   -2.299797E+3   -3.923131E+2   -7.534551E+1   -3.924717E-1   -1.061960E-1   
2.655832E+3   -2.731500E+2   -2.731500E+2   -2.731500E+2   0.000000E+0   0.000000E+0   0.000000E+0   -2.199810E+3   -2.199810E+3   -3.810687E+2   -7.693297E+1   -3.812206E-1   -1.084335E-1   
2.663295E+3   -2.731500E+2   -2.731500E+2   -2.731500E+2   0.000000E+0   0.000000E+0   0.000000E+0   -2.099931E+3   -2.099931E+3   -3.691638E+2   -7.813179E+1   -3.693088E-1   -1.101233E-1   
2.670757E+3   -2.731500E+2   -2.731500E+2   -2.731500E+2   0.000000E+0   0.000000E+0   0.000000E+0   -1.999748E+3   -1.999748E+3   -3.566291E+2   -7.901646E+1   -3.567672E-1   -1.113702E-1   
2.678217E+3   -2.731500E+2   -2.731500E+2   -2.731500E+2   0.000000E+0   0.000000E+0   0.000000E+0   -1.899869E+3   -1.899869E+3   -3.435166E+2   -7.949602E+1   -3.436479E-1   -1.120462E-1   
2.685679E+3   -2.731500E+2   -2.731500E+2   -2.731500E+2   0.000000E+0   0.000000E+0   0.000000E+0   -1.799847E+3   -1.799847E+3   -3.298485E+2   -7.949602E+1   -3.299729E-1   -1.120462E-1   
2.693141E+3   -2.731500E+2   -2.731500E+2   -2.731500E+2   0.000000E+0   0.000000E+0   0.000000E+0   -1.699700E+3   -1.699700E+3   -3.156279E+2   -7.908257E+1   -3.157453E-1   -1.114635E-1   
2.700604E+3   -2.731500E+2   -2.731500E+2   -2.731500E+2   0.000000E+0   0.000000E+0   0.000000E+0   -1.599713E+3   -1.599713E+3   -3.009771E+2   -7.817314E+1   -3.010876E-1   -1.101817E-1   
2.708063E+3   -2.731500E+2   -2.731500E+2   -2.731500E+2   0.000000E+0   0.000000E+0   0.000000E+0   -1.499906E+3   -1.499906E+3   -2.858629E+2   -7.671795E+1   -2.859664E-1   -1.081307E-1   
2.715575E+3   -2.731500E+2   -2.731500E+2   -2.731500E+2   0.000000E+0   0.000000E+0   0.000000E+0   -1.399991E+3   -1.399991E+3   -2.703193E+2   -7.467581E+1   -2.704159E-1   -1.052523E-1   
2.723037E+3   -2.731500E+2   -2.731500E+2   -2.731500E+2   0.000000E+0   0.000000E+0   0.000000E+0   -1.299808E+3   -1.299808E+3   -2.543378E+2   -7.213761E+1   -2.544273E-1   -1.016748E-1   
2.730499E+3   -2.731500E+2   -2.731500E+2   -2.731500E+2   0.000000E+0   0.000000E+0   0.000000E+0   -1.199750E+3   -1.199750E+3   -2.380333E+2   -6.903714E+1   -2.381157E-1   -9.730471E-2   
2.737961E+3   -2.731500E+2   -2.731500E+2   -2.731500E+2   0.000000E+0   0.000000E+0   0.000000E+0   -1.099961E+3   -1.099961E+3   -2.214147E+2   -6.548195E+1   -2.214901E-1   -9.229373E-2   
2.745423E+3   -2.731500E+2   -2.731500E+2   -2.731500E+2   0.000000E+0   0.000000E+0   0.000000E+0   -9.997597E+2   -9.997597E+2   -2.044242E+2   -6.165391E+1   -2.044925E-1   -8.689818E-2   
2.754127E+3   -2.731500E+2   -2.731500E+2   -2.731500E+2   0.000000E+0   0.000000E+0   0.000000E+0   -9.497933E+2   -9.497933E+2   -1.958674E+2   -5.958693E+1   -1.959322E-1   -8.398480E-2   
2.761490E+3   -2.731500E+2   -2.731500E+2   -2.731500E+2   0.000000E+0   0.000000E+0   0.000000E+0   -8.998806E+2   -8.998806E+2   -1.872274E+2   -5.762747E+1   -1.872886E-1   -8.122297E-2   
2.768952E+3   -2.731500E+2   -2.731500E+2   -2.731500E+2   0.000000E+0   0.000000E+0   0.000000E+0   -8.498249E+2   -8.498249E+2   -1.785050E+2   -5.560184E+1   -1.785627E-1   -7.836788E-2   
2.776414E+3   -2.731500E+2   -2.731500E+2   -2.731500E+2   0.000000E+0   0.000000E+0   0.000000E+0   -7.998228E+2   -7.998228E+2   -1.696994E+2   -5.353486E+1   -1.697535E-1   -7.545451E-2   
2.783878E+3   -2.731500E+2   -2.731500E+2   -2.731500E+2   0.000000E+0   0.000000E+0   0.000000E+0   -7.499637E+2   -7.499637E+2   -1.608938E+2   -5.150096E+1   -1.609443E-1   -7.258776E-2   
2.791342E+3   -2.731500E+2   -2.731500E+2   -2.731500E+2   0.000000E+0   0.000000E+0   0.000000E+0   -6.998722E+2   -6.998722E+2   -1.520058E+2   -4.947533E+1   -1.520528E-1   -6.973267E-2   
2.798806E+3   -2.731500E+2   -2.731500E+2   -2.731500E+2   0.000000E+0   0.000000E+0   0.000000E+0   -6.497628E+2   -6.497628E+2   -1.429939E+2   -4.735872E+1   -1.430373E-1   -6.674935E-2   
2.806270E+3   -2.731500E+2   -2.731500E+2   -2.731500E+2   0.000000E+0   0.000000E+0   0.000000E+0   -5.997070E+2   -5.997070E+2   -1.339819E+2   -4.534963E+1   -1.340218E-1   -6.391757E-2   
2.813734E+3   -2.731500E+2   -2.731500E+2   -2.731500E+2   0.000000E+0   0.000000E+0   0.000000E+0   -5.497943E+2   -5.497943E+2   -1.249284E+2   -4.324130E+1   -1.249647E-1   -6.094591E-2   
2.821197E+3   -2.731500E+2   -2.731500E+2   -2.731500E+2   0.000000E+0   0.000000E+0   0.000000E+0   -4.997743E+2   -4.997743E+2   -1.157924E+2   -4.113288E+1   -1.158252E-1   -5.797412E-2   
2.828658E+3   -2.731500E+2   -2.731500E+2   -2.731500E+2   0.000000E+0   0.000000E+0   0.000000E+0   -4.498795E+2   -4.498795E+2   -1.065733E+2   -3.904108E+1   -1.066024E-1   -5.502577E-2   
2.836121E+3   -2.731500E+2   -2.731500E+2   -2.731500E+2   0.000000E+0   0.000000E+0   0.000000E+0   -3.999132E+2   -3.999132E+2   -9.735502E+1   -3.691620E+1   -9.738059E-2   -5.203079E-2   
2.843583E+3   -2.731500E+2   -2.731500E+2   -2.731500E+2   0.000000E+0   0.000000E+0   0.000000E+0   -3.499647E+2   -3.499647E+2   -8.801190E+1   -3.476660E+1   -8.803389E-2   -4.900097E-2   
2.851048E+3   -2.731500E+2   -2.731500E+2   -2.731500E+2   0.000000E+0   0.000000E+0   0.000000E+0   -2.996765E+2   -2.996765E+2   -7.858650E+1   -3.257565E+1   -7.860489E-2   -4.591285E-2   
2.858510E+3   -2.731500E+2   -2.731500E+2   -2.731500E+2   0.000000E+0   0.000000E+0   0.000000E+0   -2.498711E+2   -2.498711E+2   -6.916111E+1   -3.031844E+1   -6.917592E-2   -4.273135E-2   
2.865973E+3   -2.731500E+2   -2.731500E+2   -2.731500E+2   0.000000E+0   0.000000E+0   0.000000E+0   -1.998153E+2   -1.998153E+2   -5.961174E+1   -2.799522E+1   -5.962296E-2   -3.945681E-2   
2.873432E+3   -2.731500E+2   -2.731500E+2   -2.731500E+2   0.000000E+0   0.000000E+0   0.000000E+0   -1.498311E+2   -1.498311E+2   -4.993831E+1   -2.558924E+1   -4.994593E-2   -3.606562E-2   
2.880896E+3   -2.731500E+2   -2.731500E+2   -2.731500E+2   0.000000E+0   0.000000E+0   0.000000E+0   -9.991838E+1   -9.991838E+1   -4.022336E+1   -2.306755E+1   -4.022738E-2   -3.251133E-2   
2.889347E+3   -2.731500E+2   -2.731500E+2   -2.731500E+2   0.000000E+0   0.000000E+0   0.000000E+0   -8.974270E+1   -8.974270E+1   -3.823908E+1   -2.253012E+1   -3.824237E-2   -3.175384E-2   
2.896710E+3   -2.731500E+2   -2.731500E+2   -2.731500E+2   0.000000E+0   0.000000E+0   0.000000E+0   -7.988893E+1   -7.988893E+1   -3.629616E+1   -2.199270E+1   -3.629873E-2   -3.099635E-2   
2.904073E+3   -2.731500E+2   -2.731500E+2   -2.731500E+2   0.000000E+0   0.000000E+0   0.000000E+0   -6.992785E+1   -6.992785E+1   -3.431189E+1   -2.145528E+1   -3.431374E-2   -3.023887E-2   
2.911435E+3   -2.731500E+2   -2.731500E+2   -2.731500E+2   0.000000E+0   0.000000E+0   0.000000E+0   -5.984158E+1   -5.984158E+1   -3.231934E+1   -2.086823E+1   -3.232046E-2   -2.941143E-2   
2.918799E+3   -2.731500E+2   -2.731500E+2   -2.731500E+2   0.000000E+0   0.000000E+0   0.000000E+0   -4.995204E+1   -4.995204E+1   -3.032671E+1   -2.033908E+1   -3.032712E-2   -2.866560E-2   
2.926163E+3   -2.731500E+2   -2.731500E+2   -2.731500E+2   0.000000E+0   0.000000E+0   0.000000E+0   -3.983001E+1   -3.983001E+1   -2.827627E+1   -1.971895E+1   -2.827594E-2   -2.779154E-2   
2.933524E+3   -2.731500E+2   -2.731500E+2   -2.731500E+2   0.000000E+0   0.000000E+0   0.000000E+0   -2.981528E+1   -2.981528E+1   -2.625064E+1   -1.914026E+1   -2.624959E-2   -2.697588E-2   
2.940887E+3   -2.731500E+2   -2.731500E+2   -2.731500E+2   0.000000E+0   0.000000E+0   0.000000E+0   -1.988997E+1   -1.988997E+1   -2.422501E+1   -1.852013E+1   -2.422324E-2   -2.610182E-2   
2.948249E+3   -2.731500E+2   -2.731500E+2   -2.731500E+2   0.000000E+0   0.000000E+0   0.000000E+0   -9.964655E+0   -9.964655E+0   -2.219938E+1   -1.785874E+1   -2.219689E-2   -2.516959E-2   
2.955612E+3   -2.731500E+2   -2.731500E+2   -2.731500E+2   0.000000E+0   0.000000E+0   0.000000E+0   1.216074E-1   1.216074E-1   -2.013240E+1   -1.719725E+1   -2.012917E-2   -2.423724E-2   
2.962922E+3   -2.731500E+2   -2.731500E+2   -2.731500E+2   0.000000E+0   0.000000E+0   0.000000E+0   1.008269E+1   1.008269E+1   -1.804061E+1   -1.642007E+1   -1.803665E-2   -2.314181E-2   
2.970236E+3   -2.731500E+2   -2.731500E+2   -2.731500E+2   0.000000E+0   0.000000E+0   0.000000E+0   2.006165E+1   2.006165E+1   -1.566769E+1   -1.525433E+1   -1.566300E-2   -2.149872E-2   
2.977599E+3   -2.731500E+2   -2.731500E+2   -2.731500E+2   0.000000E+0   0.000000E+0   0.000000E+0   3.016579E+1   3.016579E+1   -1.347674E+1   -1.426219E+1   -1.347131E-2   -2.010031E-2   
2.984959E+3   -2.731500E+2   -2.731500E+2   -2.731500E+2   0.000000E+0   0.000000E+0   0.000000E+0   4.009111E+1   4.009111E+1   -1.128570E+1   -1.322043E+1   -1.127953E-2   -1.863196E-2   
2.992277E+3   -2.731500E+2   -2.731500E+2   -2.731500E+2   0.000000E+0   0.000000E+0   0.000000E+0   5.015949E+1   5.015949E+1   -8.846705E+0   -1.165779E+1   -8.839793E-3   -1.642944E-2   
2.999637E+3   -2.731500E+2   -2.731500E+2   -2.731500E+2   0.000000E+0   0.000000E+0   0.000000E+0   6.004903E+1   6.004903E+1   -6.556469E+0   -1.033491E+1   -6.548825E-3   -1.456486E-2   
3.006998E+3   -2.731500E+2   -2.731500E+2   -2.731500E+2   0.000000E+0   0.000000E+0   0.000000E+0   7.017106E+1   7.017106E+1   -4.257982E+0   -9.094739E+0   -4.249591E-3   -1.281685E-2   
3.014310E+3   -2.731500E+2   -2.731500E+2   -2.731500E+2   0.000000E+0   0.000000E+0   0.000000E+0   8.013214E+1   8.013214E+1   -1.901620E+0   -7.647825E+0   -1.892490E-3   -1.077744E-2   
3.021685E+3   -2.731500E+2   -2.731500E+2   -2.731500E+2   0.000000E+0   0.000000E+0   0.000000E+0   9.003957E+1   9.003957E+1   4.960757E-1   -6.076929E+0   5.059444E-4   -8.563283E-3   
3.029044E+3   -2.731500E+2   -2.731500E+2   -2.731500E+2   0.000000E+0   0.000000E+0   0.000000E+0   1.002331E+2   1.002331E+2   2.935120E+0   -4.547352E+0   2.945747E-3   -6.407362E-3   
3.037596E+3   -2.731500E+2   -2.731500E+2   -2.731500E+2   0.000000E+0   0.000000E+0   0.000000E+0   1.501637E+2   1.501637E+2   1.541966E+1   4.009939E+0   1.543403E-2   5.654037E-3   
3.045057E+3   -2.731500E+2   -2.731500E+2   -2.731500E+2   0.000000E+0   0.000000E+0   0.000000E+0   2.001301E+2   2.001301E+2   2.815229E+1   1.256722E+1   2.817042E-2   1.771542E-2   
3.052519E+3   -2.731500E+2   -2.731500E+2   -2.731500E+2   0.000000E+0   0.000000E+0   0.000000E+0   2.500606E+2   2.500606E+2   4.100882E+1   2.038043E+1   4.103071E-2   2.872806E-2   
3.059982E+3   -2.731500E+2   -2.731500E+2   -2.731500E+2   0.000000E+0   0.000000E+0   0.000000E+0   3.001343E+2   3.001343E+2   5.407228E+1   2.736684E+1   5.409795E-2   3.857531E-2   
3.067444E+3   -2.731500E+2   -2.731500E+2   -2.731500E+2   0.000000E+0   0.000000E+0   0.000000E+0   3.501900E+2   3.501900E+2   6.734216E+1   3.311298E+1   6.737162E-2   4.667442E-2   
3.074906E+3   -2.731500E+2   -2.731500E+2   -2.731500E+2   0.000000E+0   0.000000E+0   0.000000E+0   4.003352E+2   4.003352E+2   8.015742E+1   3.741227E+1   8.019065E-2   5.273422E-2   
3.082366E+3   -2.731500E+2   -2.731500E+2   -2.731500E+2   0.000000E+0   0.000000E+0   0.000000E+0   4.501764E+2   4.501764E+2   9.206315E+1   4.080213E+1   9.210010E-2   5.751218E-2   
3.089830E+3   -2.731500E+2   -2.731500E+2   -2.731500E+2   0.000000E+0   0.000000E+0   0.000000E+0   5.001964E+2   5.001964E+2   1.032251E+2   4.357204E+1   1.032658E-1   6.141632E-2   
3.097293E+3   -2.731500E+2   -2.731500E+2   -2.731500E+2   0.000000E+0   0.000000E+0   0.000000E+0   5.502521E+2   5.502521E+2   1.137664E+2   4.588706E+1   1.138107E-1   6.467930E-2   
3.104756E+3   -2.731500E+2   -2.731500E+2   -2.731500E+2   0.000000E+0   0.000000E+0   0.000000E+0   6.000218E+2   6.000218E+2   1.238617E+2   4.778862E+1   1.239095E-1   6.735953E-2   
3.112219E+3   -2.731500E+2   -2.731500E+2   -2.731500E+2   0.000000E+0   0.000000E+0   0.000000E+0   6.501669E+2   6.501669E+2   1.336507E+2   4.948360E+1   1.337022E-1   6.974856E-2   
3.119680E+3   -2.731500E+2   -2.731500E+2   -2.731500E+2   0.000000E+0   0.000000E+0   0.000000E+0   7.001869E+2   7.001869E+2   1.432418E+2   5.088910E+1   1.432969E-1   7.172958E-2   
3.127143E+3   -2.731500E+2   -2.731500E+2   -2.731500E+2   0.000000E+0   0.000000E+0   0.000000E+0   7.503142E+2   7.503142E+2   1.526257E+2   5.211276E+1   1.526844E-1   7.345431E-2   
3.134605E+3   -2.731500E+2   -2.731500E+2   -2.731500E+2   0.000000E+0   0.000000E+0   0.000000E+0   8.002269E+2   8.002269E+2   1.618440E+2   5.312141E+1   1.619062E-1   7.487597E-2   
3.142069E+3   -2.731500E+2   -2.731500E+2   -2.731500E+2   0.000000E+0   0.000000E+0   0.000000E+0   8.501754E+2   8.501754E+2   1.709317E+2   5.403092E+1   1.709975E-1   7.615792E-2   
3.149530E+3   -2.731500E+2   -2.731500E+2   -2.731500E+2   0.000000E+0   0.000000E+0   0.000000E+0   9.000344E+2   9.000344E+2   1.799103E+2   5.481638E+1   1.799797E-1   7.726500E-2   
3.156992E+3   -2.731500E+2   -2.731500E+2   -2.731500E+2   0.000000E+0   0.000000E+0   0.000000E+0   9.501796E+2   9.501796E+2   1.887983E+2   5.547778E+1   1.888713E-1   7.819722E-2   
3.164453E+3   -2.731500E+2   -2.731500E+2   -2.731500E+2   0.000000E+0   0.000000E+0   0.000000E+0   9.999671E+2   9.999671E+2   1.975623E+2   5.613926E+1   1.976388E-1   7.912956E-2   
3.173012E+3   -2.731500E+2   -2.731500E+2   -2.731500E+2   0.000000E+0   0.000000E+0   0.000000E+0   1.100132E+3   1.100132E+3   2.149247E+2   5.737943E+1   2.150083E-1   8.087754E-2   
3.180481E+3   -2.731500E+2   -2.731500E+2   -2.731500E+2   0.000000E+0   0.000000E+0   0.000000E+0   1.200244E+3   1.200244E+3   2.318736E+2   5.861960E+1   2.319643E-1   8.262552E-2   
3.187941E+3   -2.731500E+2   -2.731500E+2   -2.731500E+2   0.000000E+0   0.000000E+0   0.000000E+0   1.300051E+3   1.300051E+3   2.484921E+2   5.994248E+1   2.485899E-1   8.449008E-2   
3.195404E+3   -2.731500E+2   -2.731500E+2   -2.731500E+2   0.000000E+0   0.000000E+0   0.000000E+0   1.400360E+3   1.400360E+3   2.648628E+2   6.147204E+1   2.649676E-1   8.664595E-2   
3.202864E+3   -2.731500E+2   -2.731500E+2   -2.731500E+2   0.000000E+0   0.000000E+0   0.000000E+0   1.500131E+3   1.500131E+3   2.807782E+2   6.324964E+1   2.808900E-1   8.915143E-2   
3.210326E+3   -2.731500E+2   -2.731500E+2   -2.731500E+2   0.000000E+0   0.000000E+0   0.000000E+0   1.600207E+3   1.600207E+3   2.964457E+2   6.506850E+1   2.965646E-1   9.171507E-2   
3.217789E+3   -2.731500E+2   -2.731500E+2   -2.731500E+2   0.000000E+0   0.000000E+0   0.000000E+0   1.700086E+3   1.700086E+3   3.116590E+2   6.699497E+1   3.117848E-1   9.443038E-2   
3.225252E+3   -2.731500E+2   -2.731500E+2   -2.731500E+2   0.000000E+0   0.000000E+0   0.000000E+0   1.800287E+3   1.800287E+3   3.264994E+2   6.883045E+1   3.266322E-1   9.701745E-2   
3.232714E+3   -2.731500E+2   -2.731500E+2   -2.731500E+2   0.000000E+0   0.000000E+0   0.000000E+0   1.900309E+3   1.900309E+3   3.408050E+2   7.036001E+1   3.409447E-1   9.917333E-2   
3.240176E+3   -2.731500E+2   -2.731500E+2   -2.731500E+2   0.000000E+0   0.000000E+0   0.000000E+0   2.000063E+3   2.000063E+3   3.545297E+2   7.153402E+1   3.546763E-1   1.008280E-1   
3.247640E+3   -2.731500E+2   -2.731500E+2   -2.731500E+2   0.000000E+0   0.000000E+0   0.000000E+0   2.100335E+3   2.100335E+3   3.676669E+2   7.224504E+1   3.678204E-1   1.018302E-1   
3.255102E+3   -2.731500E+2   -2.731500E+2   -2.731500E+2   0.000000E+0   0.000000E+0   0.000000E+0   2.200215E+3   2.200215E+3   3.800353E+2   7.238564E+1   3.801957E-1   1.020284E-1   
3.262566E+3   -2.731500E+2   -2.731500E+2   -2.731500E+2   0.000000E+0   0.000000E+0   0.000000E+0   2.300165E+3   2.300165E+3   3.916932E+2   7.188957E+1   3.918604E-1   1.013291E-1   
3.270028E+3   -2.731500E+2   -2.731500E+2   -2.731500E+2   0.000000E+0   0.000000E+0   0.000000E+0   2.400026E+3   2.400026E+3   4.024996E+2   7.093870E+1   4.026735E-1   9.998885E-2   
3.277492E+3   -2.731500E+2   -2.731500E+2   -2.731500E+2   0.000000E+0   0.000000E+0   0.000000E+0   2.500317E+3   2.500317E+3   4.125286E+2   6.950012E+1   4.127092E-1   9.796116E-2   
3.284954E+3   -2.731500E+2   -2.731500E+2   -2.731500E+2   0.000000E+0   0.000000E+0   0.000000E+0   2.600178E+3   2.600178E+3   4.217062E+2   6.769772E+1   4.218934E-1   9.542066E-2   
3.292416E+3   -2.731500E+2   -2.731500E+2   -2.731500E+2   0.000000E+0   0.000000E+0   0.000000E+0   2.700110E+3   2.700110E+3   4.299817E+2   6.563073E+1   4.301756E-1   9.250724E-2   
3.299881E+3   -2.731500E+2   -2.731500E+2   -2.731500E+2   0.000000E+0   0.000000E+0   0.000000E+0   2.800168E+3   2.800168E+3   4.374394E+2   6.329090E+1   4.376399E-1   8.920925E-2   
3.307346E+3   -2.731500E+2   -2.731500E+2   -2.731500E+2   0.000000E+0   0.000000E+0   0.000000E+0   2.900190E+3   2.900190E+3   4.439876E+2   6.089327E+1   4.441947E-1   8.582978E-2   
3.314810E+3   -2.731500E+2   -2.731500E+2   -2.731500E+2   0.000000E+0   0.000000E+0   0.000000E+0   3.000052E+3   3.000052E+3   4.497754E+2   5.841292E+1   4.499889E-1   8.233374E-2   
3.322276E+3   -2.731500E+2   -2.731500E+2   -2.731500E+2   0.000000E+0   0.000000E+0   0.000000E+0   3.100127E+3   3.100127E+3   4.547361E+2   5.591599E+1   4.549561E-1   7.881430E-2   
3.329739E+3   -2.731500E+2   -2.731500E+2   -2.731500E+2   0.000000E+0   0.000000E+0   0.000000E+0   3.200239E+3   3.200239E+3   4.590769E+2   5.345215E+1   4.593033E-1   7.534152E-2   
3.337201E+3   -2.731500E+2   -2.731500E+2   -2.731500E+2   0.000000E+0   0.000000E+0   0.000000E+0   3.300207E+3   3.300207E+3   4.627970E+2   5.109578E+1   4.630298E-1   7.202022E-2   
3.344661E+3   -2.731500E+2   -2.731500E+2   -2.731500E+2   0.000000E+0   0.000000E+0   0.000000E+0   3.400104E+3   3.400104E+3   4.659804E+2   4.882212E+1   4.662196E-1   6.881549E-2   
3.352124E+3   -2.731500E+2   -2.731500E+2   -2.731500E+2   0.000000E+0   0.000000E+0   0.000000E+0   3.500234E+3   3.500234E+3   4.686671E+2   4.667251E+1   4.689126E-1   6.578562E-2   
3.359585E+3   -2.731500E+2   -2.731500E+2   -2.731500E+2   0.000000E+0   0.000000E+0   0.000000E+0   3.600148E+3   3.600148E+3   4.709827E+2   4.464688E+1   4.712345E-1   6.293049E-2   
3.367049E+3   -2.731500E+2   -2.731500E+2   -2.731500E+2   0.000000E+0   0.000000E+0   0.000000E+0   3.700135E+3   3.700135E+3   4.729663E+2   4.274523E+1   4.732244E-1   6.025010E-2   
3.374517E+3   -2.731500E+2   -2.731500E+2   -2.731500E+2   0.000000E+0   0.000000E+0   0.000000E+0   3.800157E+3   3.800157E+3   4.747028E+2   4.096746E+1   4.749672E-1   5.774433E-2   
3.381978E+3   -2.731500E+2   -2.731500E+2   -2.731500E+2   0.000000E+0   0.000000E+0   0.000000E+0   3.900286E+3   3.900286E+3   4.761914E+2   3.935528E+1   4.764620E-1   5.547195E-2   
3.389439E+3   -2.731500E+2   -2.731500E+2   -2.731500E+2   0.000000E+0   0.000000E+0   0.000000E+0   4.000273E+3   4.000273E+3   4.774561E+2   3.778437E+1   4.777330E-1   5.325774E-2   
3.396900E+3   -2.731500E+2   -2.731500E+2   -2.731500E+2   0.000000E+0   0.000000E+0   0.000000E+0   4.100152E+3   4.100152E+3   4.786218E+2   3.633752E+1   4.789049E-1   5.121839E-2   
3.404361E+3   -2.731500E+2   -2.731500E+2   -2.731500E+2   0.000000E+0   0.000000E+0   0.000000E+0   4.200281E+3   4.200281E+3   4.795645E+2   3.497328E+1   4.798539E-1   4.929549E-2   
3.411825E+3   -2.731500E+2   -2.731500E+2   -2.731500E+2   0.000000E+0   0.000000E+0   0.000000E+0   4.300321E+3   4.300321E+3   4.804490E+2   3.374965E+1   4.807446E-1   4.757077E-2   
3.419285E+3   -2.731500E+2   -2.731500E+2   -2.731500E+2   0.000000E+0   0.000000E+0   0.000000E+0   4.400057E+3   4.400057E+3   4.811928E+2   3.257565E+1   4.814947E-1   4.591600E-2   
3.426752E+3   -2.731500E+2   -2.731500E+2   -2.731500E+2   0.000000E+0   0.000000E+0   0.000000E+0   4.500240E+3   4.500240E+3   4.818959E+2   3.145945E+1   4.822040E-1   4.434270E-2   
3.434213E+3   -2.731500E+2   -2.731500E+2   -2.731500E+2   0.000000E+0   0.000000E+0   0.000000E+0   4.600334E+3   4.600334E+3   4.825158E+2   3.044250E+1   4.828301E-1   4.290929E-2   
3.441675E+3   -2.731500E+2   -2.731500E+2   -2.731500E+2   0.000000E+0   0.000000E+0   0.000000E+0   4.700106E+3   4.700106E+3   4.830533E+2   2.949999E+1   4.833739E-1   4.158081E-2   
3.449137E+3   -2.731500E+2   -2.731500E+2   -2.731500E+2   0.000000E+0   0.000000E+0   0.000000E+0   4.800217E+3   4.800217E+3   4.835575E+2   2.860701E+1   4.838843E-1   4.032214E-2   
3.456599E+3   -2.731500E+2   -2.731500E+2   -2.731500E+2   0.000000E+0   0.000000E+0   0.000000E+0   4.900221E+3   4.900221E+3   4.840459E+2   2.773893E+1   4.843790E-1   3.909857E-2   
3.464057E+3   -2.731500E+2   -2.731500E+2   -2.731500E+2   0.000000E+0   0.000000E+0   0.000000E+0   5.000243E+3   5.000243E+3   4.844178E+2   2.695348E+1   4.847571E-1   3.799145E-2   
3.471522E+3   -2.731500E+2   -2.731500E+2   -2.731500E+2   0.000000E+0   0.000000E+0   0.000000E+0   5.100105E+3   5.100105E+3   4.847898E+2   2.619283E+1   4.851352E-1   3.691930E-2   
3.478982E+3   -2.731500E+2   -2.731500E+2   -2.731500E+2   0.000000E+0   0.000000E+0   0.000000E+0   5.200127E+3   5.200127E+3   4.851617E+2   2.550654E+1   4.855134E-1   3.595195E-2   
3.486446E+3   -2.731500E+2   -2.731500E+2   -2.731500E+2   0.000000E+0   0.000000E+0   0.000000E+0   5.300238E+3   5.300238E+3   4.855010E+2   2.484514E+1   4.858589E-1   3.501969E-2   
3.493905E+3   -2.731500E+2   -2.731500E+2   -2.731500E+2   0.000000E+0   0.000000E+0   0.000000E+0   5.400189E+3   5.400189E+3   4.858149E+2   2.420850E+1   4.861790E-1   3.412233E-2   
3.501368E+3   -2.731500E+2   -2.731500E+2   -2.731500E+2   0.000000E+0   0.000000E+0   0.000000E+0   5.500121E+3   5.500121E+3   4.860378E+2   2.362151E+1   4.864081E-1   3.329495E-2   
3.508828E+3   -2.731500E+2   -2.731500E+2   -2.731500E+2   0.000000E+0   0.000000E+0   0.000000E+0   5.600215E+3   5.600215E+3   4.863191E+2   2.305927E+1   4.866956E-1   3.250246E-2   
3.516292E+3   -2.731500E+2   -2.731500E+2   -2.731500E+2   0.000000E+0   0.000000E+0   0.000000E+0   5.700201E+3   5.700201E+3   4.865263E+2   2.253012E+1   4.869090E-1   3.175660E-2   
3.523754E+3   -2.731500E+2   -2.731500E+2   -2.731500E+2   0.000000E+0   0.000000E+0   0.000000E+0   5.800241E+3   5.800241E+3   4.867326E+2   2.202578E+1   4.871215E-1   3.104571E-2   
3.531217E+3   -2.731500E+2   -2.731500E+2   -2.731500E+2   0.000000E+0   0.000000E+0   0.000000E+0   5.900049E+3   5.900049E+3   4.868982E+2   2.153799E+1   4.872933E-1   3.035814E-2   
3.538684E+3   -2.731500E+2   -2.731500E+2   -2.731500E+2   0.000000E+0   0.000000E+0   0.000000E+0   6.000250E+3   6.000250E+3   4.871045E+2   2.108318E+1   4.875059E-1   2.971707E-2   
3.546148E+3   -2.731500E+2   -2.731500E+2   -2.731500E+2   0.000000E+0   0.000000E+0   0.000000E+0   6.100183E+3   6.100183E+3   4.872784E+2   2.066982E+1   4.876860E-1   2.913442E-2   
3.553611E+3   -2.731500E+2   -2.731500E+2   -2.731500E+2   0.000000E+0   0.000000E+0   0.000000E+0   6.200240E+3   6.200240E+3   4.874357E+2   2.025637E+1   4.878495E-1   2.855164E-2   
3.561071E+3   -2.731500E+2   -2.731500E+2   -2.731500E+2   0.000000E+0   0.000000E+0   0.000000E+0   6.300191E+3   6.300191E+3   4.876004E+2   1.984301E+1   4.880204E-1   2.796898E-2   
3.568534E+3   -2.731500E+2   -2.731500E+2   -2.731500E+2   0.000000E+0   0.000000E+0   0.000000E+0   6.400124E+3   6.400124E+3   4.877244E+2   1.947092E+1   4.881505E-1   2.744449E-2   
3.575997E+3   -2.731500E+2   -2.731500E+2   -2.731500E+2   0.000000E+0   0.000000E+0   0.000000E+0   6.500271E+3   6.500271E+3   4.878900E+2   1.914026E+1   4.883223E-1   2.697841E-2   
3.583459E+3   -2.731500E+2   -2.731500E+2   -2.731500E+2   0.000000E+0   0.000000E+0   0.000000E+0   6.600257E+3   6.600257E+3   4.880140E+2   1.878471E+1   4.884525E-1   2.647724E-2   
3.590921E+3   -2.731500E+2   -2.731500E+2   -2.731500E+2   0.000000E+0   0.000000E+0   0.000000E+0   6.700083E+3   6.700083E+3   4.881379E+2   1.844570E+1   4.885827E-1   2.599938E-2   
3.598385E+3   -2.731500E+2   -2.731500E+2   -2.731500E+2   0.000000E+0   0.000000E+0   0.000000E+0   6.800212E+3   6.800212E+3   4.882375E+2   1.813978E+1   4.886884E-1   2.556817E-2   
3.605848E+3   -2.731500E+2   -2.731500E+2   -2.731500E+2   0.000000E+0   0.000000E+0   0.000000E+0   6.899966E+3   6.899966E+3   4.883451E+2   1.781738E+1   4.888023E-1   2.511372E-2   
3.613312E+3   -2.731500E+2   -2.731500E+2   -2.731500E+2   0.000000E+0   0.000000E+0   0.000000E+0   7.000274E+3   7.000274E+3   4.884275E+2   1.752800E+1   4.888909E-1   2.470581E-2   
3.620774E+3   -2.731500E+2   -2.731500E+2   -2.731500E+2   0.000000E+0   0.000000E+0   0.000000E+0   7.100100E+3   7.100100E+3   4.885515E+2   1.727996E+1   4.890210E-1   2.435618E-2   
3.628237E+3   -2.731500E+2   -2.731500E+2   -2.731500E+2   0.000000E+0   0.000000E+0   0.000000E+0   7.200193E+3   7.200193E+3   4.885931E+2   1.699057E+1   4.890688E-1   2.394826E-2   
3.635698E+3   -2.731500E+2   -2.731500E+2   -2.731500E+2   0.000000E+0   0.000000E+0   0.000000E+0   7.300251E+3   7.300251E+3   4.886428E+2   1.678389E+1   4.891248E-1   2.365692E-2   
3.643160E+3   -2.731500E+2   -2.731500E+2   -2.731500E+2   0.000000E+0   0.000000E+0   0.000000E+0   7.400237E+3   7.400237E+3   4.887668E+2   1.653586E+1   4.892550E-1   2.330730E-2   
3.650623E+3   -2.731500E+2   -2.731500E+2   -2.731500E+2   0.000000E+0   0.000000E+0   0.000000E+0   7.500277E+3   7.500277E+3   4.888410E+2   1.628782E+1   4.893354E-1   2.295767E-2   
3.658102E+3   -2.731500E+2   -2.731500E+2   -2.731500E+2   0.000000E+0   0.000000E+0   0.000000E+0   7.600174E+3   7.600174E+3   4.889400E+2   1.603979E+1   4.894406E-1   2.260804E-2   
3.665563E+3   -2.731500E+2   -2.731500E+2   -2.731500E+2   0.000000E+0   0.000000E+0   0.000000E+0   7.700286E+3   7.700286E+3   4.890066E+2   1.583311E+1   4.895134E-1   2.231670E-2   
3.673027E+3   -2.731500E+2   -2.731500E+2   -2.731500E+2   0.000000E+0   0.000000E+0   0.000000E+0   7.800093E+3   7.800093E+3   4.891306E+2   1.562634E+1   4.896435E-1   2.202524E-2   
3.680489E+3   -2.731500E+2   -2.731500E+2   -2.731500E+2   0.000000E+0   0.000000E+0   0.000000E+0   7.900133E+3   7.900133E+3   4.891306E+2   1.541966E+1   4.896497E-1   2.173390E-2   
3.687953E+3   -2.731500E+2   -2.731500E+2   -2.731500E+2   0.000000E+0   0.000000E+0   0.000000E+0   8.000227E+3   8.000227E+3   4.891713E+2   1.525433E+1   4.896967E-1   2.150084E-2   
