Time_since_start   Raw_Temperature   Temperature   Temperature_2   Raw_Applied_Field   Applied_Field   Field_Angle   Raw_Applied_Field_For_Plot_   Applied_Field_For_Plot_   Raw_Signal_Mx   Raw_Signal_My   Signal_X_direction   Signal_Y_direction      
1.013800E+1   -2.731500E+2   -2.731500E+2   -2.731500E+2   0.000000E+0   0.000000E+0   0.000000E+0   8.369450E-3   8.369450E-3   -2.066982E-1   -1.653589E-2   -2.044385E-4   -2.025011E-5   
1.870400E+1   -2.731500E+2   -2.731500E+2   -2.731500E+2   0.000000E+0   0.000000E+0   0.000000E+0   1.001496E+1   1.001496E+1   4.051283E+0   -1.653586E-1   4.095470E-3   -2.214888E-4   
2.728100E+1   -2.731500E+2   -2.731500E+2   -2.731500E+2   0.000000E+0   0.000000E+0   0.000000E+0   2.001708E+1   2.001708E+1   9.012032E+0   -3.307180E-1   9.104962E-3   -4.450884E-4   
3.584800E+1   -2.731500E+2   -2.731500E+2   -2.731500E+2   0.000000E+0   0.000000E+0   0.000000E+0   3.001187E+1   3.001187E+1   1.699057E+1   -6.614352E-1   1.716152E-2   -8.922824E-4   
4.416500E+1   -2.731500E+2   -2.731500E+2   -2.731500E+2   0.000000E+0   0.000000E+0   0.000000E+0   4.002007E+1   4.002007E+1   2.687077E+1   -1.157508E+0   2.713819E-2   -1.563069E-3   
5.248000E+1   -2.731500E+2   -2.731500E+2   -2.731500E+2   0.000000E+0   0.000000E+0   0.000000E+0   5.002085E+1   5.002085E+1   3.745363E+1   -1.736267E+0   3.782433E-2   -2.345661E-3   
6.079500E+1   -2.731500E+2   -2.731500E+2   -2.731500E+2   0.000000E+0   0.000000E+0   0.000000E+0   6.001833E+1   6.001833E+1   4.836740E+1   -2.397698E+0   4.884460E-2   -3.240042E-3   
6.911000E+1   -2.731500E+2   -2.731500E+2   -2.731500E+2   0.000000E+0   0.000000E+0   0.000000E+0   7.001964E+1   7.001964E+1   5.932235E+1   -3.075672E+0   5.990644E-2   -4.156792E-3   
7.742600E+1   -2.731500E+2   -2.731500E+2   -2.731500E+2   0.000000E+0   0.000000E+0   0.000000E+0   8.001801E+1   8.001801E+1   6.994657E+1   -3.679223E+0   7.063434E-2   -4.972909E-3   
8.575000E+1   -2.731500E+2   -2.731500E+2   -2.731500E+2   0.000000E+0   0.000000E+0   0.000000E+0   9.001968E+1   9.001968E+1   8.061213E+1   -4.299318E+0   8.140399E-2   -5.811396E-3   
9.431700E+1   -2.731500E+2   -2.731500E+2   -2.731500E+2   0.000000E+0   0.000000E+0   0.000000E+0   1.000175E+2   1.000175E+2   9.115372E+1   -4.919412E+0   9.204847E-2   -6.649883E-3   
1.050660E+2   -2.731500E+2   -2.731500E+2   -2.731500E+2   0.000000E+0   0.000000E+0   0.000000E+0   1.500743E+2   1.500743E+2   1.408022E+2   -7.424598E+0   1.421817E-1   -1.003738E-2   
1.125300E+2   -2.731500E+2   -2.731500E+2   -2.731500E+2   0.000000E+0   0.000000E+0   0.000000E+0   2.001301E+2   2.001301E+2   1.823907E+2   -9.301420E+0   1.841767E-1   -1.257520E-2   
1.200050E+2   -2.731500E+2   -2.731500E+2   -2.731500E+2   0.000000E+0   0.000000E+0   0.000000E+0   2.500428E+2   2.500428E+2   2.139737E+2   -1.041753E+1   2.160692E-1   -1.408441E-2   
1.274710E+2   -2.731500E+2   -2.731500E+2   -2.731500E+2   0.000000E+0   0.000000E+0   0.000000E+0   3.000985E+2   3.000985E+2   2.387364E+2   -1.105420E+1   2.410752E-1   -1.494532E-2   
1.349330E+2   -2.731500E+2   -2.731500E+2   -2.731500E+2   0.000000E+0   0.000000E+0   0.000000E+0   3.502616E+2   3.502616E+2   2.590750E+2   -1.137667E+1   2.616143E-1   -1.538137E-2   
1.423950E+2   -2.731500E+2   -2.731500E+2   -2.731500E+2   0.000000E+0   0.000000E+0   0.000000E+0   4.002637E+2   4.002637E+2   2.763053E+2   -1.153373E+1   2.790148E-1   -1.559376E-2   
1.498560E+2   -2.731500E+2   -2.731500E+2   -2.731500E+2   0.000000E+0   0.000000E+0   0.000000E+0   4.501943E+2   4.501943E+2   2.911964E+2   -1.157508E+1   2.940534E-1   -1.564969E-2   
1.573170E+2   -2.731500E+2   -2.731500E+2   -2.731500E+2   0.000000E+0   0.000000E+0   0.000000E+0   5.002143E+2   5.002143E+2   3.043003E+2   -1.153373E+1   3.072876E-1   -1.559378E-2   
1.647820E+2   -2.731500E+2   -2.731500E+2   -2.731500E+2   0.000000E+0   0.000000E+0   0.000000E+0   5.501627E+2   5.501627E+2   3.159166E+2   -1.140976E+1   3.190196E-1   -1.542616E-2   
1.722510E+2   -2.731500E+2   -2.731500E+2   -2.731500E+2   0.000000E+0   0.000000E+0   0.000000E+0   6.000933E+2   6.000933E+2   3.262931E+2   -1.120307E+1   3.294999E-1   -1.514670E-2   
1.797150E+2   -2.731500E+2   -2.731500E+2   -2.731500E+2   0.000000E+0   0.000000E+0   0.000000E+0   6.500060E+2   6.500060E+2   3.357186E+2   -1.095504E+1   3.390199E-1   -1.481132E-2   
1.871790E+2   -2.731500E+2   -2.731500E+2   -2.731500E+2   0.000000E+0   0.000000E+0   0.000000E+0   7.001512E+2   7.001512E+2   3.443595E+2   -1.071528E+1   3.477477E-1   -1.448713E-2   
1.946400E+2   -2.731500E+2   -2.731500E+2   -2.731500E+2   0.000000E+0   0.000000E+0   0.000000E+0   7.502964E+2   7.502964E+2   3.522473E+2   -1.041753E+1   3.557152E-1   -1.408454E-2   
2.021060E+2   -2.731500E+2   -2.731500E+2   -2.731500E+2   0.000000E+0   0.000000E+0   0.000000E+0   8.002627E+2   8.002627E+2   3.595311E+2   -1.012823E+1   3.630728E-1   -1.369336E-2   
2.095670E+2   -2.731500E+2   -2.731500E+2   -2.731500E+2   0.000000E+0   0.000000E+0   0.000000E+0   8.502112E+2   8.502112E+2   3.663106E+2   -9.797489E+0   3.699212E-1   -1.324615E-2   
2.170300E+2   -2.731500E+2   -2.731500E+2   -2.731500E+2   0.000000E+0   0.000000E+0   0.000000E+0   9.001775E+2   9.001775E+2   3.726775E+2   -9.466747E+0   3.763529E-1   -1.279894E-2   
2.245050E+2   -2.731500E+2   -2.731500E+2   -2.731500E+2   0.000000E+0   0.000000E+0   0.000000E+0   9.500544E+2   9.500544E+2   3.785884E+2   -9.136006E+0   3.823242E-1   -1.235173E-2   
2.319670E+2   -2.731500E+2   -2.731500E+2   -2.731500E+2   0.000000E+0   0.000000E+0   0.000000E+0   9.999671E+2   9.999671E+2   3.841698E+2   -8.780539E+0   3.879629E-1   -1.187108E-2   
2.405250E+2   -2.731500E+2   -2.731500E+2   -2.731500E+2   0.000000E+0   0.000000E+0   0.000000E+0   1.100204E+3   1.100204E+3   3.945455E+2   -8.102558E+0   3.984454E-1   -1.095435E-2   
2.479870E+2   -2.731500E+2   -2.731500E+2   -2.731500E+2   0.000000E+0   0.000000E+0   0.000000E+0   1.200226E+3   1.200226E+3   4.039710E+2   -7.432867E+0   4.079685E-1   -1.004883E-2   
2.554470E+2   -2.731500E+2   -2.731500E+2   -2.731500E+2   0.000000E+0   0.000000E+0   0.000000E+0   1.300212E+3   1.300212E+3   4.126110E+2   -6.738360E+0   4.166985E-1   -9.109754E-3   
2.629090E+2   -2.731500E+2   -2.731500E+2   -2.731500E+2   0.000000E+0   0.000000E+0   0.000000E+0   1.400252E+3   1.400252E+3   4.205895E+2   -6.118274E+0   4.247607E-1   -8.271308E-3   
2.703710E+2   -2.731500E+2   -2.731500E+2   -2.731500E+2   0.000000E+0   0.000000E+0   0.000000E+0   1.500221E+3   1.500221E+3   4.279889E+2   -5.498180E+0   4.322381E-1   -7.432850E-3   
2.778320E+2   -2.731500E+2   -2.731500E+2   -2.731500E+2   0.000000E+0   0.000000E+0   0.000000E+0   1.600028E+3   1.600028E+3   4.349757E+2   -4.869800E+0   4.392988E-1   -6.583190E-3   
2.852940E+2   -2.731500E+2   -2.731500E+2   -2.731500E+2   0.000000E+0   0.000000E+0   0.000000E+0   1.700140E+3   1.700140E+3   4.415489E+2   -4.257982E+0   4.459420E-1   -5.755922E-3   
2.927640E+2   -2.731500E+2   -2.731500E+2   -2.731500E+2   0.000000E+0   0.000000E+0   0.000000E+0   1.800305E+3   1.800305E+3   4.477493E+2   -3.679223E+0   4.522088E-1   -4.973359E-3   
3.002300E+2   -2.731500E+2   -2.731500E+2   -2.731500E+2   0.000000E+0   0.000000E+0   0.000000E+0   1.900291E+3   1.900291E+3   4.536113E+2   -3.141818E+0   4.581338E-1   -4.246713E-3   
3.076930E+2   -2.731500E+2   -2.731500E+2   -2.731500E+2   0.000000E+0   0.000000E+0   0.000000E+0   2.000063E+3   2.000063E+3   4.591593E+2   -2.604396E+0   4.637417E-1   -3.520044E-3   
3.151540E+2   -2.731500E+2   -2.731500E+2   -2.731500E+2   0.000000E+0   0.000000E+0   0.000000E+0   2.100335E+3   2.100335E+3   4.644511E+2   -2.108318E+0   4.690912E-1   -2.849280E-3   
3.225790E+2   -2.731500E+2   -2.731500E+2   -2.731500E+2   0.000000E+0   0.000000E+0   0.000000E+0   2.200071E+3   2.200071E+3   4.694526E+2   -1.612250E+0   4.741473E-1   -2.178528E-3   
3.300400E+2   -2.731500E+2   -2.731500E+2   -2.731500E+2   0.000000E+0   0.000000E+0   0.000000E+0   2.300076E+3   2.300076E+3   4.741653E+2   -1.140974E+0   4.789119E-1   -1.541302E-3   
3.375010E+2   -2.731500E+2   -2.731500E+2   -2.731500E+2   0.000000E+0   0.000000E+0   0.000000E+0   2.400080E+3   2.400080E+3   4.786634E+2   -7.027748E-1   4.834599E-1   -9.488006E-4   
3.449630E+2   -2.731500E+2   -2.731500E+2   -2.731500E+2   0.000000E+0   0.000000E+0   0.000000E+0   2.500317E+3   2.500317E+3   4.828877E+2   -2.480379E-1   4.877313E-1   -3.339374E-4   
3.524240E+2   -2.731500E+2   -2.731500E+2   -2.731500E+2   0.000000E+0   0.000000E+0   0.000000E+0   2.600178E+3   2.600178E+3   4.868233E+2   1.653586E-1   4.917113E-1   2.250258E-4   
3.598870E+2   -2.731500E+2   -2.731500E+2   -2.731500E+2   0.000000E+0   0.000000E+0   0.000000E+0   2.700003E+3   2.700003E+3   4.905359E+2   5.374145E-1   4.954661E-1   7.280890E-4   
3.673520E+2   -2.731500E+2   -2.731500E+2   -2.731500E+2   0.000000E+0   0.000000E+0   0.000000E+0   2.800258E+3   2.800258E+3   4.940080E+2   9.094739E-1   4.989782E-1   1.231157E-3   
3.748140E+2   -2.731500E+2   -2.731500E+2   -2.731500E+2   0.000000E+0   0.000000E+0   0.000000E+0   2.900119E+3   2.900119E+3   4.971915E+2   1.240189E+0   5.021987E-1   1.678320E-3   
3.822770E+2   -2.731500E+2   -2.731500E+2   -2.731500E+2   0.000000E+0   0.000000E+0   0.000000E+0   3.000141E+3   3.000141E+3   5.001677E+2   1.570905E+0   5.052100E-1   2.125483E-3   
3.897380E+2   -2.731500E+2   -2.731500E+2   -2.731500E+2   0.000000E+0   0.000000E+0   0.000000E+0   3.100199E+3   3.100199E+3   5.028553E+2   1.868551E+0   5.079298E-1   2.527930E-3   
3.972010E+2   -2.731500E+2   -2.731500E+2   -2.731500E+2   0.000000E+0   0.000000E+0   0.000000E+0   3.200185E+3   3.200185E+3   5.053682E+2   2.190999E+0   5.104733E-1   2.963914E-3   
4.046650E+2   -2.731500E+2   -2.731500E+2   -2.731500E+2   0.000000E+0   0.000000E+0   0.000000E+0   3.300279E+3   3.300279E+3   5.076587E+2   2.480370E+0   5.127922E-1   3.355171E-3   
4.121290E+2   -2.731500E+2   -2.731500E+2   -2.731500E+2   0.000000E+0   0.000000E+0   0.000000E+0   3.400212E+3   3.400212E+3   5.097588E+2   2.728422E+0   5.149189E-1   3.690558E-3   
4.195930E+2   -2.731500E+2   -2.731500E+2   -2.731500E+2   0.000000E+0   0.000000E+0   0.000000E+0   3.500252E+3   3.500252E+3   5.116600E+2   2.935120E+0   5.168448E-1   3.970026E-3   
4.270550E+2   -2.731500E+2   -2.731500E+2   -2.731500E+2   0.000000E+0   0.000000E+0   0.000000E+0   3.600238E+3   3.600238E+3   5.133965E+2   3.183154E+0   5.186043E-1   4.305389E-3   
4.345230E+2   -2.731500E+2   -2.731500E+2   -2.731500E+2   0.000000E+0   0.000000E+0   0.000000E+0   3.700260E+3   3.700260E+3   5.150090E+2   3.431189E+0   5.202387E-1   4.640752E-3   
4.419850E+2   -2.731500E+2   -2.731500E+2   -2.731500E+2   0.000000E+0   0.000000E+0   0.000000E+0   3.799960E+3   3.799960E+3   5.164804E+2   3.637887E+0   5.217305E-1   4.920220E-3   
4.494480E+2   -2.731500E+2   -2.731500E+2   -2.731500E+2   0.000000E+0   0.000000E+0   0.000000E+0   3.900233E+3   3.900233E+3   5.178197E+2   3.803249E+0   5.230890E-1   5.143795E-3   
4.569100E+2   -2.731500E+2   -2.731500E+2   -2.731500E+2   0.000000E+0   0.000000E+0   0.000000E+0   4.000291E+3   4.000291E+3   5.190520E+2   4.009939E+0   5.243394E-1   5.423251E-3   
4.643730E+2   -2.731500E+2   -2.731500E+2   -2.731500E+2   0.000000E+0   0.000000E+0   0.000000E+0   4.100062E+3   4.100062E+3   5.201761E+2   4.216637E+0   5.254806E-1   5.702720E-3   
4.718340E+2   -2.731500E+2   -2.731500E+2   -2.731500E+2   0.000000E+0   0.000000E+0   0.000000E+0   4.200335E+3   4.200335E+3   5.212511E+2   4.381999E+0   5.265722E-1   5.926294E-3   
4.792970E+2   -2.731500E+2   -2.731500E+2   -2.731500E+2   0.000000E+0   0.000000E+0   0.000000E+0   4.300178E+3   4.300178E+3   5.222021E+2   4.547352E+0   5.275387E-1   6.149857E-3   
4.867660E+2   -2.731500E+2   -2.731500E+2   -2.731500E+2   0.000000E+0   0.000000E+0   0.000000E+0   4.400129E+3   4.400129E+3   5.231116E+2   4.712714E+0   5.284631E-1   6.373431E-3   
4.942310E+2   -2.731500E+2   -2.731500E+2   -2.731500E+2   0.000000E+0   0.000000E+0   0.000000E+0   4.500187E+3   4.500187E+3   5.239794E+2   4.878068E+0   5.293456E-1   6.596994E-3   
5.016950E+2   -2.731500E+2   -2.731500E+2   -2.731500E+2   0.000000E+0   0.000000E+0   0.000000E+0   4.600173E+3   4.600173E+3   5.247565E+2   5.002085E+0   5.301364E-1   6.764662E-3   
5.091590E+2   -2.731500E+2   -2.731500E+2   -2.731500E+2   0.000000E+0   0.000000E+0   0.000000E+0   4.700141E+3   4.700141E+3   5.255087E+2   5.167447E+0   5.309021E-1   6.988236E-3   
5.166230E+2   -2.731500E+2   -2.731500E+2   -2.731500E+2   0.000000E+0   0.000000E+0   0.000000E+0   4.800163E+3   4.800163E+3   5.261702E+2   5.291481E+0   5.315762E-1   7.155928E-3   
5.240860E+2   -2.731500E+2   -2.731500E+2   -2.731500E+2   0.000000E+0   0.000000E+0   0.000000E+0   4.900132E+3   4.900132E+3   5.268316E+2   5.456843E+0   5.322503E-1   7.379502E-3   
5.315490E+2   -2.731500E+2   -2.731500E+2   -2.731500E+2   0.000000E+0   0.000000E+0   0.000000E+0   5.000172E+3   5.000172E+3   5.274768E+2   5.539516E+0   5.329079E-1   7.491265E-3   
5.390150E+2   -2.731500E+2   -2.731500E+2   -2.731500E+2   0.000000E+0   0.000000E+0   0.000000E+0   5.100122E+3   5.100122E+3   5.280639E+2   5.663542E+0   5.335069E-1   7.658945E-3   
5.464760E+2   -2.731500E+2   -2.731500E+2   -2.731500E+2   0.000000E+0   0.000000E+0   0.000000E+0   5.200019E+3   5.200019E+3   5.285681E+2   5.787559E+0   5.340222E-1   7.826613E-3   
5.539380E+2   -2.731500E+2   -2.731500E+2   -2.731500E+2   0.000000E+0   0.000000E+0   0.000000E+0   5.300238E+3   5.300238E+3   5.291473E+2   5.911576E+0   5.346132E-1   7.994281E-3   
5.614010E+2   -2.731500E+2   -2.731500E+2   -2.731500E+2   0.000000E+0   0.000000E+0   0.000000E+0   5.400225E+3   5.400225E+3   5.296432E+2   6.035593E+0   5.351201E-1   8.161950E-3   
5.688640E+2   -2.731500E+2   -2.731500E+2   -2.731500E+2   0.000000E+0   0.000000E+0   0.000000E+0   5.500193E+3   5.500193E+3   5.300974E+2   6.118274E+0   5.355850E-1   8.273724E-3   
5.763280E+2   -2.731500E+2   -2.731500E+2   -2.731500E+2   0.000000E+0   0.000000E+0   0.000000E+0   5.600287E+3   5.600287E+3   5.305193E+2   6.242291E+0   5.360171E-1   8.441392E-3   
5.837910E+2   -2.731500E+2   -2.731500E+2   -2.731500E+2   0.000000E+0   0.000000E+0   0.000000E+0   5.700255E+3   5.700255E+3   5.309661E+2   6.324972E+0   5.364745E-1   8.553166E-3   
5.912510E+2   -2.731500E+2   -2.731500E+2   -2.731500E+2   0.000000E+0   0.000000E+0   0.000000E+0   5.800152E+3   5.800152E+3   5.313788E+2   6.407645E+0   5.368973E-1   8.664929E-3   
5.987140E+2   -2.731500E+2   -2.731500E+2   -2.731500E+2   0.000000E+0   0.000000E+0   0.000000E+0   5.900031E+3   5.900031E+3   5.317516E+2   6.531662E+0   5.372799E-1   8.832597E-3   
6.061750E+2   -2.731500E+2   -2.731500E+2   -2.731500E+2   0.000000E+0   0.000000E+0   0.000000E+0   6.000178E+3   6.000178E+3   5.321235E+2   6.614343E+0   5.376616E-1   8.944371E-3   
6.136460E+2   -2.731500E+2   -2.731500E+2   -2.731500E+2   0.000000E+0   0.000000E+0   0.000000E+0   6.100183E+3   6.100183E+3   5.324538E+2   6.697024E+0   5.380014E-1   9.056145E-3   
6.211070E+2   -2.731500E+2   -2.731500E+2   -2.731500E+2   0.000000E+0   0.000000E+0   0.000000E+0   6.200115E+3   6.200115E+3   5.327850E+2   6.796240E+0   5.383419E-1   9.190277E-3   
6.285710E+2   -2.731500E+2   -2.731500E+2   -2.731500E+2   0.000000E+0   0.000000E+0   0.000000E+0   6.300245E+3   6.300245E+3   5.331153E+2   6.903722E+0   5.386816E-1   9.335587E-3   
6.360330E+2   -2.731500E+2   -2.731500E+2   -2.731500E+2   0.000000E+0   0.000000E+0   0.000000E+0   6.400231E+3   6.400231E+3   5.334049E+2   6.986395E+0   5.389802E-1   9.447350E-3   
6.434960E+2   -2.731500E+2   -2.731500E+2   -2.731500E+2   0.000000E+0   0.000000E+0   0.000000E+0   6.500092E+3   6.500092E+3   5.336778E+2   7.069076E+0   5.392620E-1   9.559124E-3   
6.509580E+2   -2.731500E+2   -2.731500E+2   -2.731500E+2   0.000000E+0   0.000000E+0   0.000000E+0   6.600365E+3   6.600365E+3   5.339424E+2   7.126955E+0   5.395353E-1   9.637361E-3   
6.584190E+2   -2.731500E+2   -2.731500E+2   -2.731500E+2   0.000000E+0   0.000000E+0   0.000000E+0   6.700154E+3   6.700154E+3   5.342319E+2   7.193093E+0   5.398339E-1   9.726766E-3   
6.658830E+2   -2.731500E+2   -2.731500E+2   -2.731500E+2   0.000000E+0   0.000000E+0   0.000000E+0   6.800051E+3   6.800051E+3   5.344716E+2   7.275774E+0   5.400820E-1   9.838540E-3   
6.733460E+2   -2.731500E+2   -2.731500E+2   -2.731500E+2   0.000000E+0   0.000000E+0   0.000000E+0   6.900091E+3   6.900091E+3   5.347278E+2   7.358455E+0   5.403470E-1   9.950314E-3   
6.808080E+2   -2.731500E+2   -2.731500E+2   -2.731500E+2   0.000000E+0   0.000000E+0   0.000000E+0   7.000328E+3   7.000328E+3   5.349342E+2   7.399791E+0   5.405615E-1   1.000618E-2   
6.882730E+2   -2.731500E+2   -2.731500E+2   -2.731500E+2   0.000000E+0   0.000000E+0   0.000000E+0   7.100261E+3   7.100261E+3   5.351821E+2   7.482472E+0   5.408181E-1   1.011796E-2   
6.957340E+2   -2.731500E+2   -2.731500E+2   -2.731500E+2   0.000000E+0   0.000000E+0   0.000000E+0   7.200122E+3   7.200122E+3   5.353893E+2   7.565153E+0   5.410335E-1   1.022973E-2   
7.031950E+2   -2.731500E+2   -2.731500E+2   -2.731500E+2   0.000000E+0   0.000000E+0   0.000000E+0   7.300341E+3   7.300341E+3   5.355956E+2   7.606489E+0   5.412480E-1   1.028560E-2   
7.106580E+2   -2.731500E+2   -2.731500E+2   -2.731500E+2   0.000000E+0   0.000000E+0   0.000000E+0   7.400184E+3   7.400184E+3   5.358028E+2   7.647825E+0   5.414634E-1   1.034147E-2   
7.181210E+2   -2.731500E+2   -2.731500E+2   -2.731500E+2   0.000000E+0   0.000000E+0   0.000000E+0   7.500063E+3   7.500063E+3   5.359759E+2   7.730506E+0   5.416443E-1   1.045324E-2   
7.255830E+2   -2.731500E+2   -2.731500E+2   -2.731500E+2   0.000000E+0   0.000000E+0   0.000000E+0   7.600192E+3   7.600192E+3   5.361748E+2   7.771851E+0   5.418513E-1   1.050912E-2   
7.330450E+2   -2.731500E+2   -2.731500E+2   -2.731500E+2   0.000000E+0   0.000000E+0   0.000000E+0   7.700179E+3   7.700179E+3   5.363485E+2   7.854524E+0   5.420330E-1   1.062088E-2   
7.405070E+2   -2.731500E+2   -2.731500E+2   -2.731500E+2   0.000000E+0   0.000000E+0   0.000000E+0   7.800040E+3   7.800040E+3   5.365467E+2   7.920670E+0   5.422392E-1   1.071030E-2   
7.479700E+2   -2.731500E+2   -2.731500E+2   -2.731500E+2   0.000000E+0   0.000000E+0   0.000000E+0   7.900044E+3   7.900044E+3   5.367286E+2   7.937205E+0   5.424291E-1   1.073263E-2   
7.554330E+2   -2.731500E+2   -2.731500E+2   -2.731500E+2   0.000000E+0   0.000000E+0   0.000000E+0   8.000227E+3   8.000227E+3   5.368853E+2   8.019886E+0   5.425936E-1   1.084441E-2   
7.639860E+2   -2.731500E+2   -2.731500E+2   -2.731500E+2   0.000000E+0   0.000000E+0   0.000000E+0   7.900026E+3   7.900026E+3   5.367530E+2   7.978541E+0   5.424538E-1   1.078853E-2   
7.714480E+2   -2.731500E+2   -2.731500E+2   -2.731500E+2   0.000000E+0   0.000000E+0   0.000000E+0   7.800201E+3   7.800201E+3   5.365467E+2   7.937205E+0   5.422393E-1   1.073266E-2   
7.789120E+2   -2.731500E+2   -2.731500E+2   -2.731500E+2   0.000000E+0   0.000000E+0   0.000000E+0   7.700196E+3   7.700196E+3   5.364227E+2   7.854524E+0   5.421079E-1   1.062088E-2   
7.863740E+2   -2.731500E+2   -2.731500E+2   -2.731500E+2   0.000000E+0   0.000000E+0   0.000000E+0   7.599942E+3   7.599942E+3   5.362155E+2   7.813187E+0   5.418925E-1   1.056502E-2   
7.938350E+2   -2.731500E+2   -2.731500E+2   -2.731500E+2   0.000000E+0   0.000000E+0   0.000000E+0   7.500045E+3   7.500045E+3   5.360508E+2   7.771851E+0   5.417200E-1   1.050915E-2   
8.012970E+2   -2.731500E+2   -2.731500E+2   -2.731500E+2   0.000000E+0   0.000000E+0   0.000000E+0   7.400148E+3   7.400148E+3   5.358852E+2   7.689170E+0   5.415466E-1   1.039737E-2   
8.087620E+2   -2.731500E+2   -2.731500E+2   -2.731500E+2   0.000000E+0   0.000000E+0   0.000000E+0   7.300269E+3   7.300269E+3   5.356373E+2   7.647825E+0   5.412900E-1   1.034149E-2   
8.162230E+2   -2.731500E+2   -2.731500E+2   -2.731500E+2   0.000000E+0   0.000000E+0   0.000000E+0   7.199979E+3   7.199979E+3   5.354301E+2   7.565153E+0   5.410746E-1   1.022973E-2   
8.236880E+2   -2.731500E+2   -2.731500E+2   -2.731500E+2   0.000000E+0   0.000000E+0   0.000000E+0   7.100135E+3   7.100135E+3   5.352237E+2   7.482472E+0   5.408601E-1   1.011796E-2   
8.311480E+2   -2.731500E+2   -2.731500E+2   -2.731500E+2   0.000000E+0   0.000000E+0   0.000000E+0   7.000113E+3   7.000113E+3   5.350174E+2   7.441136E+0   5.406455E-1   1.006209E-2   
8.386110E+2   -2.731500E+2   -2.731500E+2   -2.731500E+2   0.000000E+0   0.000000E+0   0.000000E+0   6.899877E+3   6.899877E+3   5.347694E+2   7.358455E+0   5.403890E-1   9.950314E-3   
8.460720E+2   -2.731500E+2   -2.731500E+2   -2.731500E+2   0.000000E+0   0.000000E+0   0.000000E+0   6.800033E+3   6.800033E+3   5.345206E+2   7.317110E+0   5.401316E-1   9.894435E-3   
8.535340E+2   -2.731500E+2   -2.731500E+2   -2.731500E+2   0.000000E+0   0.000000E+0   0.000000E+0   6.700136E+3   6.700136E+3   5.343143E+2   7.234438E+0   5.399170E-1   9.782672E-3   
8.609980E+2   -2.731500E+2   -2.731500E+2   -2.731500E+2   0.000000E+0   0.000000E+0   0.000000E+0   6.600257E+3   6.600257E+3   5.340663E+2   7.193093E+0   5.396605E-1   9.726792E-3   
8.684590E+2   -2.731500E+2   -2.731500E+2   -2.731500E+2   0.000000E+0   0.000000E+0   0.000000E+0   6.499985E+3   6.499985E+3   5.337768E+2   7.069076E+0   5.393619E-1   9.559124E-3   
8.759210E+2   -2.731500E+2   -2.731500E+2   -2.731500E+2   0.000000E+0   0.000000E+0   0.000000E+0   6.400124E+3   6.400124E+3   5.334872E+2   7.002933E+0   5.390634E-1   9.469712E-3   
8.833840E+2   -2.731500E+2   -2.731500E+2   -2.731500E+2   0.000000E+0   0.000000E+0   0.000000E+0   6.300209E+3   6.300209E+3   5.331736E+2   6.945058E+0   5.387405E-1   9.391482E-3   
8.908440E+2   -2.731500E+2   -2.731500E+2   -2.731500E+2   0.000000E+0   0.000000E+0   0.000000E+0   6.200026E+3   6.200026E+3   5.328673E+2   6.862377E+0   5.384251E-1   9.279708E-3   
8.982710E+2   -2.731500E+2   -2.731500E+2   -2.731500E+2   0.000000E+0   0.000000E+0   0.000000E+0   6.100057E+3   6.100057E+3   5.324954E+2   6.779705E+0   5.380434E-1   9.167945E-3   
9.057250E+2   -2.731500E+2   -2.731500E+2   -2.731500E+2   0.000000E+0   0.000000E+0   0.000000E+0   6.000053E+3   6.000053E+3   5.321975E+2   6.697024E+0   5.377364E-1   9.056171E-3   
9.131890E+2   -2.731500E+2   -2.731500E+2   -2.731500E+2   0.000000E+0   0.000000E+0   0.000000E+0   5.899870E+3   5.899870E+3   5.318339E+2   6.614343E+0   5.373631E-1   8.944397E-3   
9.206550E+2   -2.731500E+2   -2.731500E+2   -2.731500E+2   0.000000E+0   0.000000E+0   0.000000E+0   5.800045E+3   5.800045E+3   5.314620E+2   6.490326E+0   5.369813E-1   8.776729E-3   
9.281180E+2   -2.731500E+2   -2.731500E+2   -2.731500E+2   0.000000E+0   0.000000E+0   0.000000E+0   5.700058E+3   5.700058E+3   5.310485E+2   6.424183E+0   5.365576E-1   8.687317E-3   
9.355820E+2   -2.731500E+2   -2.731500E+2   -2.731500E+2   0.000000E+0   0.000000E+0   0.000000E+0   5.600251E+3   5.600251E+3   5.305933E+2   6.324972E+0   5.360919E-1   8.553192E-3   
9.430450E+2   -2.731500E+2   -2.731500E+2   -2.731500E+2   0.000000E+0   0.000000E+0   0.000000E+0   5.499996E+3   5.499996E+3   5.301807E+2   6.200947E+0   5.356690E-1   8.385512E-3   
9.505080E+2   -2.731500E+2   -2.731500E+2   -2.731500E+2   0.000000E+0   0.000000E+0   0.000000E+0   5.400046E+3   5.400046E+3   5.297255E+2   6.118274E+0   5.352032E-1   8.273750E-3   
9.579720E+2   -2.731500E+2   -2.731500E+2   -2.731500E+2   0.000000E+0   0.000000E+0   0.000000E+0   5.300113E+3   5.300113E+3   5.292213E+2   6.035593E+0   5.346879E-1   8.161976E-3   
9.654420E+2   -2.731500E+2   -2.731500E+2   -2.731500E+2   0.000000E+0   0.000000E+0   0.000000E+0   5.200037E+3   5.200037E+3   5.286921E+2   5.911576E+0   5.341474E-1   7.994308E-3   
9.729100E+2   -2.731500E+2   -2.731500E+2   -2.731500E+2   0.000000E+0   0.000000E+0   0.000000E+0   5.099961E+3   5.099961E+3   5.281213E+2   5.828895E+0   5.335649E-1   7.882534E-3   
9.803740E+2   -2.731500E+2   -2.731500E+2   -2.731500E+2   0.000000E+0   0.000000E+0   0.000000E+0   5.000190E+3   5.000190E+3   5.275347E+2   5.663542E+0   5.329664E-1   7.658971E-3   
9.878380E+2   -2.731500E+2   -2.731500E+2   -2.731500E+2   0.000000E+0   0.000000E+0   0.000000E+0   4.900168E+3   4.900168E+3   5.269556E+2   5.539516E+0   5.323755E-1   7.491291E-3   
9.953000E+2   -2.731500E+2   -2.731500E+2   -2.731500E+2   0.000000E+0   0.000000E+0   0.000000E+0   4.799931E+3   4.799931E+3   5.262941E+2   5.456843E+0   5.317014E-1   7.379529E-3   
1.002763E+3   -2.731500E+2   -2.731500E+2   -2.731500E+2   0.000000E+0   0.000000E+0   0.000000E+0   4.700052E+3   4.700052E+3   5.255919E+2   5.291481E+0   5.309861E-1   7.155954E-3   
1.010226E+3   -2.731500E+2   -2.731500E+2   -2.731500E+2   0.000000E+0   0.000000E+0   0.000000E+0   4.600083E+3   4.600083E+3   5.248472E+2   5.167447E+0   5.302280E-1   6.988262E-3   
1.017700E+3   -2.731500E+2   -2.731500E+2   -2.731500E+2   0.000000E+0   0.000000E+0   0.000000E+0   4.499972E+3   4.499972E+3   5.240617E+2   5.043430E+0   5.294287E-1   6.820594E-3   
1.025162E+3   -2.731500E+2   -2.731500E+2   -2.731500E+2   0.000000E+0   0.000000E+0   0.000000E+0   4.399950E+3   4.399950E+3   5.231939E+2   4.878068E+0   5.285463E-1   6.597020E-3   
1.032624E+3   -2.731500E+2   -2.731500E+2   -2.731500E+2   0.000000E+0   0.000000E+0   0.000000E+0   4.300214E+3   4.300214E+3   5.222928E+2   4.754050E+0   5.276303E-1   6.429351E-3   
1.040087E+3   -2.731500E+2   -2.731500E+2   -2.731500E+2   0.000000E+0   0.000000E+0   0.000000E+0   4.200156E+3   4.200156E+3   5.213334E+2   4.588697E+0   5.266554E-1   6.205789E-3   
1.047548E+3   -2.731500E+2   -2.731500E+2   -2.731500E+2   0.000000E+0   0.000000E+0   0.000000E+0   4.099830E+3   4.099830E+3   5.203000E+2   4.381999E+0   5.256057E-1   5.926320E-3   
1.055010E+3   -2.731500E+2   -2.731500E+2   -2.731500E+2   0.000000E+0   0.000000E+0   0.000000E+0   4.000112E+3   4.000112E+3   5.191760E+2   4.216637E+0   5.244646E-1   5.702746E-3   
1.062471E+3   -2.731500E+2   -2.731500E+2   -2.731500E+2   0.000000E+0   0.000000E+0   0.000000E+0   3.900125E+3   3.900125E+3   5.179029E+2   4.051283E+0   5.231730E-1   5.479184E-3   
1.069936E+3   -2.731500E+2   -2.731500E+2   -2.731500E+2   0.000000E+0   0.000000E+0   0.000000E+0   3.800068E+3   3.800068E+3   5.165800E+2   3.844585E+0   5.218310E-1   5.199715E-3   
1.077398E+3   -2.731500E+2   -2.731500E+2   -2.731500E+2   0.000000E+0   0.000000E+0   0.000000E+0   3.699992E+3   3.699992E+3   5.151330E+2   3.637887E+0   5.203638E-1   4.920247E-3   
1.084871E+3   -2.731500E+2   -2.731500E+2   -2.731500E+2   0.000000E+0   0.000000E+0   0.000000E+0   3.600166E+3   3.600166E+3   5.135205E+2   3.431189E+0   5.187295E-1   4.640778E-3   
1.092333E+3   -2.731500E+2   -2.731500E+2   -2.731500E+2   0.000000E+0   0.000000E+0   0.000000E+0   3.500073E+3   3.500073E+3   5.117840E+2   3.224490E+0   5.169699E-1   4.361309E-3   
1.099796E+3   -2.731500E+2   -2.731500E+2   -2.731500E+2   0.000000E+0   0.000000E+0   0.000000E+0   3.399961E+3   3.399961E+3   5.098828E+2   2.976456E+0   5.150441E-1   4.025947E-3   
1.107259E+3   -2.731500E+2   -2.731500E+2   -2.731500E+2   0.000000E+0   0.000000E+0   0.000000E+0   3.300064E+3   3.300064E+3   5.078404E+2   2.769758E+0   5.129757E-1   3.746478E-3   
1.114723E+3   -2.731500E+2   -2.731500E+2   -2.731500E+2   0.000000E+0   0.000000E+0   0.000000E+0   3.200221E+3   3.200221E+3   5.055836E+2   2.480370E+0   5.106908E-1   3.355198E-3   
1.122184E+3   -2.731500E+2   -2.731500E+2   -2.731500E+2   0.000000E+0   0.000000E+0   0.000000E+0   3.099984E+3   3.099984E+3   5.031032E+2   2.190999E+0   5.081802E-1   2.963941E-3   
1.129646E+3   -2.731500E+2   -2.731500E+2   -2.731500E+2   0.000000E+0   0.000000E+0   0.000000E+0   3.000159E+3   3.000159E+3   5.003749E+2   1.901620E+0   5.054192E-1   2.572672E-3   
1.137109E+3   -2.731500E+2   -2.731500E+2   -2.731500E+2   0.000000E+0   0.000000E+0   0.000000E+0   2.900101E+3   2.900101E+3   4.974811E+2   1.612250E+0   5.024911E-1   2.181415E-3   
1.144572E+3   -2.731500E+2   -2.731500E+2   -2.731500E+2   0.000000E+0   0.000000E+0   0.000000E+0   2.800061E+3   2.800061E+3   4.942976E+2   1.281525E+0   4.992705E-1   1.734240E-3   
1.152032E+3   -2.731500E+2   -2.731500E+2   -2.731500E+2   0.000000E+0   0.000000E+0   0.000000E+0   2.700003E+3   2.700003E+3   4.908662E+2   9.094739E-1   4.957997E-1   1.231183E-3   
1.159494E+3   -2.731500E+2   -2.731500E+2   -2.731500E+2   0.000000E+0   0.000000E+0   0.000000E+0   2.600124E+3   2.600124E+3   4.872285E+2   5.374145E-1   4.921205E-1   7.281151E-4   
1.166956E+3   -2.731500E+2   -2.731500E+2   -2.731500E+2   0.000000E+0   0.000000E+0   0.000000E+0   2.500102E+3   2.500102E+3   4.833428E+2   1.653586E-1   4.881909E-1   2.250520E-4   
1.174417E+3   -2.731500E+2   -2.731500E+2   -2.731500E+2   0.000000E+0   0.000000E+0   0.000000E+0   2.400062E+3   2.400062E+3   4.792500E+2   -2.066982E-1   4.840521E-1   -2.780123E-4   
1.181877E+3   -2.731500E+2   -2.731500E+2   -2.731500E+2   0.000000E+0   0.000000E+0   0.000000E+0   2.299968E+3   2.299968E+3   4.748268E+2   -6.614352E-1   4.795798E-1   -8.928755E-4   
1.189340E+3   -2.731500E+2   -2.731500E+2   -2.731500E+2   0.000000E+0   0.000000E+0   0.000000E+0   2.200089E+3   2.200089E+3   4.701973E+2   -1.074827E+0   4.748992E-1   -1.451833E-3   
1.196803E+3   -2.731500E+2   -2.731500E+2   -2.731500E+2   0.000000E+0   0.000000E+0   0.000000E+0   2.100246E+3   2.100246E+3   4.653106E+2   -1.570905E+0   4.699590E-1   -2.122596E-3   
1.204264E+3   -2.731500E+2   -2.731500E+2   -2.731500E+2   0.000000E+0   0.000000E+0   0.000000E+0   1.999938E+3   1.999938E+3   4.601103E+2   -2.025637E+0   4.647020E-1   -2.737454E-3   
1.211726E+3   -2.731500E+2   -2.731500E+2   -2.731500E+2   0.000000E+0   0.000000E+0   0.000000E+0   1.900077E+3   1.900077E+3   4.546945E+2   -2.521715E+0   4.592274E-1   -3.408217E-3   
1.219201E+3   -2.731500E+2   -2.731500E+2   -2.731500E+2   0.000000E+0   0.000000E+0   0.000000E+0   1.800144E+3   1.800144E+3   4.489899E+2   -3.059137E+0   4.534614E-1   -4.134887E-3   
1.226664E+3   -2.731500E+2   -2.731500E+2   -2.731500E+2   0.000000E+0   0.000000E+0   0.000000E+0   1.699961E+3   1.699961E+3   4.428963E+2   -3.555206E+0   4.473024E-1   -4.805638E-3   
1.234126E+3   -2.731500E+2   -2.731500E+2   -2.731500E+2   0.000000E+0   0.000000E+0   0.000000E+0   1.600153E+3   1.600153E+3   4.365050E+2   -4.133956E+0   4.408429E-1   -5.588190E-3   
1.241589E+3   -2.731500E+2   -2.731500E+2   -2.731500E+2   0.000000E+0   0.000000E+0   0.000000E+0   1.500096E+3   1.500096E+3   4.296847E+2   -4.712714E+0   4.339503E-1   -6.370754E-3   
1.249052E+3   -2.731500E+2   -2.731500E+2   -2.731500E+2   0.000000E+0   0.000000E+0   0.000000E+0   1.400217E+3   1.400217E+3   4.224583E+2   -5.291481E+0   4.266476E-1   -7.153329E-3   
1.256515E+3   -2.731500E+2   -2.731500E+2   -2.731500E+2   0.000000E+0   0.000000E+0   0.000000E+0   1.299998E+3   1.299998E+3   4.147194E+2   -5.911576E+0   4.188274E-1   -7.991787E-3   
1.263977E+3   -2.731500E+2   -2.731500E+2   -2.731500E+2   0.000000E+0   0.000000E+0   0.000000E+0   1.200047E+3   1.200047E+3   4.063440E+2   -6.531662E+0   4.103645E-1   -8.830233E-3   
1.271448E+3   -2.731500E+2   -2.731500E+2   -2.731500E+2   0.000000E+0   0.000000E+0   0.000000E+0   1.100240E+3   1.100240E+3   3.972738E+2   -7.193093E+0   4.012002E-1   -9.724585E-3   
1.278912E+3   -2.731500E+2   -2.731500E+2   -2.731500E+2   0.000000E+0   0.000000E+0   0.000000E+0   9.999492E+2   9.999492E+2   3.872867E+2   -7.846256E+0   3.911100E-1   -1.060776E-2   
1.287464E+3   -2.731500E+2   -2.731500E+2   -2.731500E+2   0.000000E+0   0.000000E+0   0.000000E+0   9.500008E+2   9.500008E+2   3.819374E+2   -8.185239E+0   3.857057E-1   -1.106611E-2   
1.294927E+3   -2.731500E+2   -2.731500E+2   -2.731500E+2   0.000000E+0   0.000000E+0   0.000000E+0   9.000702E+2   9.000702E+2   3.762736E+2   -8.474618E+0   3.799839E-1   -1.145740E-2   
1.302389E+3   -2.731500E+2   -2.731500E+2   -2.731500E+2   0.000000E+0   0.000000E+0   0.000000E+0   8.499787E+2   8.499787E+2   3.702379E+2   -8.805351E+0   3.738865E-1   -1.190459E-2   
1.309811E+3   -2.731500E+2   -2.731500E+2   -2.731500E+2   0.000000E+0   0.000000E+0   0.000000E+0   8.001017E+2   8.001017E+2   3.638303E+2   -9.136006E+0   3.674137E-1   -1.235169E-2   
1.317275E+3   -2.731500E+2   -2.731500E+2   -2.731500E+2   0.000000E+0   0.000000E+0   0.000000E+0   7.500996E+2   7.500996E+2   3.570100E+2   -9.425394E+0   3.605241E-1   -1.274298E-2   
1.324738E+3   -2.731500E+2   -2.731500E+2   -2.731500E+2   0.000000E+0   0.000000E+0   0.000000E+0   7.002048E+2   7.002048E+2   3.496513E+2   -9.714782E+0   3.530910E-1   -1.313428E-2   
1.332204E+3   -2.731500E+2   -2.731500E+2   -2.731500E+2   0.000000E+0   0.000000E+0   0.000000E+0   6.498808E+2   6.498808E+2   3.416728E+2   -1.000417E+1   3.450319E-1   -1.352557E-2   
1.339668E+3   -2.731500E+2   -2.731500E+2   -2.731500E+2   0.000000E+0   0.000000E+0   0.000000E+0   6.001112E+2   6.001112E+2   3.330319E+2   -1.021085E+1   3.363041E-1   -1.380503E-2   
1.347131E+3   -2.731500E+2   -2.731500E+2   -2.731500E+2   0.000000E+0   0.000000E+0   0.000000E+0   5.500554E+2   5.500554E+2   3.236064E+2   -1.041753E+1   3.267841E-1   -1.408449E-2   
1.354595E+3   -2.731500E+2   -2.731500E+2   -2.731500E+2   0.000000E+0   0.000000E+0   0.000000E+0   5.000175E+2   5.000175E+2   3.131883E+2   -1.062430E+1   3.162618E-1   -1.436406E-2   
1.362057E+3   -2.731500E+2   -2.731500E+2   -2.731500E+2   0.000000E+0   0.000000E+0   0.000000E+0   4.501585E+2   4.501585E+2   3.016960E+2   -1.074836E+1   3.046549E-1   -1.453180E-2   
1.369520E+3   -2.731500E+2   -2.731500E+2   -2.731500E+2   0.000000E+0   0.000000E+0   0.000000E+0   4.002279E+2   4.002279E+2   2.888400E+2   -1.083098E+1   2.916711E-1   -1.464351E-2   
1.376980E+3   -2.731500E+2   -2.731500E+2   -2.731500E+2   0.000000E+0   0.000000E+0   0.000000E+0   3.502079E+2   3.502079E+2   2.743706E+2   -1.087233E+1   2.770582E-1   -1.469941E-2   
1.384448E+3   -2.731500E+2   -2.731500E+2   -2.731500E+2   0.000000E+0   0.000000E+0   0.000000E+0   2.999912E+2   2.999912E+2   2.576697E+2   -1.078963E+1   2.601922E-1   -1.458756E-2   
1.391911E+3   -2.731500E+2   -2.731500E+2   -2.731500E+2   0.000000E+0   0.000000E+0   0.000000E+0   2.500249E+2   2.500249E+2   2.383228E+2   -1.066565E+1   2.406545E-1   -1.441991E-2   
1.399375E+3   -2.731500E+2   -2.731500E+2   -2.731500E+2   0.000000E+0   0.000000E+0   0.000000E+0   2.000943E+2   2.000943E+2   2.157102E+2   -1.033491E+1   2.178194E-1   -1.397268E-2   
1.406838E+3   -2.731500E+2   -2.731500E+2   -2.731500E+2   0.000000E+0   0.000000E+0   0.000000E+0   1.499670E+2   1.499670E+2   1.884264E+2   -9.714782E+0   1.902679E-1   -1.313413E-2   
1.414300E+3   -2.731500E+2   -2.731500E+2   -2.731500E+2   0.000000E+0   0.000000E+0   0.000000E+0   1.001974E+2   1.001974E+2   1.508892E+2   -8.391937E+0   1.523634E-1   -1.134539E-2   
1.422762E+3   -2.731500E+2   -2.731500E+2   -2.731500E+2   0.000000E+0   0.000000E+0   0.000000E+0   9.000380E+1   9.000380E+1   1.417533E+2   -8.102558E+0   1.431382E-1   -1.095409E-2   
1.430125E+3   -2.731500E+2   -2.731500E+2   -2.731500E+2   0.000000E+0   0.000000E+0   0.000000E+0   8.018579E+1   8.018579E+1   1.316663E+2   -7.771851E+0   1.329528E-1   -1.050691E-2   
1.437538E+3   -2.731500E+2   -2.731500E+2   -2.731500E+2   0.000000E+0   0.000000E+0   0.000000E+0   7.020683E+1   7.020683E+1   1.206708E+2   -7.358455E+0   1.218500E-1   -9.947917E-3   
1.444949E+3   -2.731500E+2   -2.731500E+2   -2.731500E+2   0.000000E+0   0.000000E+0   0.000000E+0   6.015633E+1   6.015633E+1   1.094264E+2   -6.945058E+0   1.104960E-1   -9.388925E-3   
1.452361E+3   -2.731500E+2   -2.731500E+2   -2.731500E+2   0.000000E+0   0.000000E+0   0.000000E+0   5.012372E+1   5.012372E+1   9.789253E+1   -6.366309E+0   9.884955E-2   -8.606344E-3   
1.459775E+3   -2.731500E+2   -2.731500E+2   -2.731500E+2   0.000000E+0   0.000000E+0   0.000000E+0   4.007322E+1   4.007322E+1   8.611059E+1   -5.704878E+0   8.695269E-2   -7.711963E-3   
1.467185E+3   -2.731500E+2   -2.731500E+2   -2.731500E+2   0.000000E+0   0.000000E+0   0.000000E+0   3.021945E+1   3.021945E+1   7.436992E+1   -5.084766E+0   7.509752E-2   -6.873453E-3   
1.474598E+3   -2.731500E+2   -2.731500E+2   -2.731500E+2   0.000000E+0   0.000000E+0   0.000000E+0   2.004377E+1   2.004377E+1   6.188541E+1   -4.340654E+0   6.249126E-2   -5.867272E-3   
1.482011E+3   -2.731500E+2   -2.731500E+2   -2.731500E+2   0.000000E+0   0.000000E+0   0.000000E+0   1.008269E+1   1.008269E+1   4.986388E+1   -3.596551E+0   5.035250E-2   -4.861103E-3   
1.489424E+3   -2.731500E+2   -2.731500E+2   -2.731500E+2   0.000000E+0   0.000000E+0   0.000000E+0   -3.934360E-2   -3.934360E-2   3.784226E+1   -2.893775E+0   3.821363E-2   -3.910816E-3   
1.496785E+3   -2.731500E+2   -2.731500E+2   -2.731500E+2   0.000000E+0   0.000000E+0   0.000000E+0   -9.803705E+0   -9.803705E+0   2.587036E+1   -2.149655E+0   2.612499E-2   -2.904623E-3   
1.504205E+3   -2.731500E+2   -2.731500E+2   -2.731500E+2   0.000000E+0   0.000000E+0   0.000000E+0   -1.985420E+1   -1.985420E+1   1.401416E+1   -1.446888E+0   1.415315E-2   -1.954348E-3   
1.511618E+3   -2.731500E+2   -2.731500E+2   -2.731500E+2   0.000000E+0   0.000000E+0   0.000000E+0   -2.992258E+1   -2.992258E+1   1.984301E+0   -7.027748E-1   2.005961E-3   -9.481657E-4   
1.519030E+3   -2.731500E+2   -2.731500E+2   -2.731500E+2   0.000000E+0   0.000000E+0   0.000000E+0   -3.983001E+1   -3.983001E+1   -9.838842E+0   -4.133973E-2   -9.932492E-3   -5.377913E-5   
1.526449E+3   -2.731500E+2   -2.731500E+2   -2.731500E+2   0.000000E+0   0.000000E+0   0.000000E+0   -4.995204E+1   -4.995204E+1   -2.170331E+1   6.200938E-1   -2.191269E-2   8.406054E-4   
1.533864E+3   -2.731500E+2   -2.731500E+2   -2.731500E+2   0.000000E+0   0.000000E+0   0.000000E+0   -5.987735E+1   -5.987735E+1   -3.340237E+1   1.281525E+0   -3.372585E-2   1.734987E-3   
1.541277E+3   -2.731500E+2   -2.731500E+2   -2.731500E+2   0.000000E+0   0.000000E+0   0.000000E+0   -7.001726E+1   -7.001726E+1   -4.509333E+1   1.984301E+0   -4.553085E-2   2.685274E-3   
1.548639E+3   -2.731500E+2   -2.731500E+2   -2.731500E+2   0.000000E+0   0.000000E+0   0.000000E+0   -7.985316E+1   -7.985316E+1   -5.646992E+1   2.604396E+0   -5.701841E-2   3.523761E-3   
1.556051E+3   -2.731500E+2   -2.731500E+2   -2.731500E+2   0.000000E+0   0.000000E+0   0.000000E+0   -8.974270E+1   -8.974270E+1   -6.759020E+1   3.224490E+0   -6.824718E-2   4.362247E-3   
1.563462E+3   -2.731500E+2   -2.731500E+2   -2.731500E+2   0.000000E+0   0.000000E+0   0.000000E+0   -9.991838E+1   -9.991838E+1   -7.883454E+1   3.844585E+0   -7.960124E-2   5.200734E-3   
1.572014E+3   -2.731500E+2   -2.731500E+2   -2.731500E+2   0.000000E+0   0.000000E+0   0.000000E+0   -1.499205E+2   -1.499205E+2   -1.318319E+2   6.490326E+0   -1.331158E-1   8.778284E-3   
1.579477E+3   -2.731500E+2   -2.731500E+2   -2.731500E+2   0.000000E+0   0.000000E+0   0.000000E+0   -1.997974E+2   -1.997974E+2   -1.759830E+2   8.433273E+0   -1.776984E-1   1.140553E-2   
1.586947E+3   -2.731500E+2   -2.731500E+2   -2.731500E+2   0.000000E+0   0.000000E+0   0.000000E+0   -2.498711E+2   -2.498711E+2   -2.099640E+2   9.673428E+0   -2.120121E-1   1.308246E-2   
1.594416E+3   -2.731500E+2   -2.731500E+2   -2.731500E+2   0.000000E+0   0.000000E+0   0.000000E+0   -2.997838E+2   -2.997838E+2   -2.360823E+2   1.033491E+1   -2.383868E-1   1.397692E-2   
1.601878E+3   -2.731500E+2   -2.731500E+2   -2.731500E+2   0.000000E+0   0.000000E+0   0.000000E+0   -3.501435E+2   -3.501435E+2   -2.572645E+2   1.070701E+1   -2.597776E-1   1.448008E-2   
1.609340E+3   -2.731500E+2   -2.731500E+2   -2.731500E+2   0.000000E+0   0.000000E+0   0.000000E+0   -3.999668E+2   -3.999668E+2   -2.749913E+2   1.087233E+1   -2.776795E-1   1.470364E-2   
1.616802E+3   -2.731500E+2   -2.731500E+2   -2.731500E+2   0.000000E+0   0.000000E+0   0.000000E+0   -4.499868E+2   -4.499868E+2   -2.901621E+2   1.089715E+1   -2.930006E-1   1.473721E-2   
1.624265E+3   -2.731500E+2   -2.731500E+2   -2.731500E+2   0.000000E+0   0.000000E+0   0.000000E+0   -4.999532E+2   -4.999532E+2   -3.034741E+2   1.083098E+1   -3.064448E-1   1.464775E-2   
1.631727E+3   -2.731500E+2   -2.731500E+2   -2.731500E+2   0.000000E+0   0.000000E+0   0.000000E+0   -5.497943E+2   -5.497943E+2   -3.152144E+2   1.070701E+1   -3.183020E-1   1.448013E-2   
1.639191E+3   -2.731500E+2   -2.731500E+2   -2.731500E+2   0.000000E+0   0.000000E+0   0.000000E+0   -5.998143E+2   -5.998143E+2   -3.257556E+2   1.050024E+1   -3.289486E-1   1.420055E-2   
1.646654E+3   -2.731500E+2   -2.731500E+2   -2.731500E+2   0.000000E+0   0.000000E+0   0.000000E+0   -6.498880E+2   -6.498880E+2   -3.352634E+2   1.025220E+1   -3.385518E-1   1.386518E-2   
1.654117E+3   -2.731500E+2   -2.731500E+2   -2.731500E+2   0.000000E+0   0.000000E+0   0.000000E+0   -7.001047E+2   -7.001047E+2   -3.439626E+2   1.000417E+1   -3.473385E-1   1.352980E-2   
1.661580E+3   -2.731500E+2   -2.731500E+2   -2.731500E+2   0.000000E+0   0.000000E+0   0.000000E+0   -7.501068E+2   -7.501068E+2   -3.518919E+2   9.714782E+0   -3.553478E-1   1.313851E-2   
1.669040E+3   -2.731500E+2   -2.731500E+2   -2.731500E+2   0.000000E+0   0.000000E+0   0.000000E+0   -7.998943E+2   -7.998943E+2   -3.592089E+2   9.425394E+0   -3.627389E-1   1.274721E-2   
1.676502E+3   -2.731500E+2   -2.731500E+2   -2.731500E+2   0.000000E+0   0.000000E+0   0.000000E+0   -8.499322E+2   -8.499322E+2   -3.660220E+2   9.094739E+0   -3.696211E-1   1.230012E-2   
1.683962E+3   -2.731500E+2   -2.731500E+2   -2.731500E+2   0.000000E+0   0.000000E+0   0.000000E+0   -8.999701E+2   -8.999701E+2   -3.723880E+2   8.763998E+0   -3.760520E-1   1.185291E-2   
1.691426E+3   -2.731500E+2   -2.731500E+2   -2.731500E+2   0.000000E+0   0.000000E+0   0.000000E+0   -9.498828E+2   -9.498828E+2   -3.783821E+2   8.433273E+0   -3.821073E-1   1.140572E-2   
1.698888E+3   -2.731500E+2   -2.731500E+2   -2.731500E+2   0.000000E+0   0.000000E+0   0.000000E+0   -9.998849E+2   -9.998849E+2   -3.840042E+2   8.102558E+0   -3.877871E-1   1.095855E-2   
1.707491E+3   -2.731500E+2   -2.731500E+2   -2.731500E+2   0.000000E+0   0.000000E+0   0.000000E+0   -1.100014E+3   -1.100014E+3   -3.944215E+2   7.482472E+0   -3.983117E-1   1.012010E-2   
1.714954E+3   -2.731500E+2   -2.731500E+2   -2.731500E+2   0.000000E+0   0.000000E+0   0.000000E+0   -1.200001E+3   -1.200001E+3   -4.038470E+2   6.779705E+0   -4.078348E-1   9.169853E-3   
1.722416E+3   -2.731500E+2   -2.731500E+2   -2.731500E+2   0.000000E+0   0.000000E+0   0.000000E+0   -1.299826E+3   -1.299826E+3   -4.124870E+2   6.118274E+0   -4.165648E-1   8.275501E-3   
1.729879E+3   -2.731500E+2   -2.731500E+2   -2.731500E+2   0.000000E+0   0.000000E+0   0.000000E+0   -1.400009E+3   -1.400009E+3   -4.205072E+2   5.506447E+0   -4.246690E-1   7.448222E-3   
1.737341E+3   -2.731500E+2   -2.731500E+2   -2.731500E+2   0.000000E+0   0.000000E+0   0.000000E+0   -1.500067E+3   -1.500067E+3   -4.279482E+2   4.878068E+0   -4.321884E-1   6.598561E-3   
1.744805E+3   -2.731500E+2   -2.731500E+2   -2.731500E+2   0.000000E+0   0.000000E+0   0.000000E+0   -1.599857E+3   -1.599857E+3   -4.349341E+2   4.299318E+0   -4.392482E-1   5.816010E-3   
1.752267E+3   -2.731500E+2   -2.731500E+2   -2.731500E+2   0.000000E+0   0.000000E+0   0.000000E+0   -1.699950E+3   -1.699950E+3   -4.414823E+2   3.720568E+0   -4.458662E-1   5.033458E-3   
1.759730E+3   -2.731500E+2   -2.731500E+2   -2.731500E+2   0.000000E+0   0.000000E+0   0.000000E+0   -1.800080E+3   -1.800080E+3   -4.476670E+2   3.141818E+0   -4.521170E-1   4.250906E-3   
1.767206E+3   -2.731500E+2   -2.731500E+2   -2.731500E+2   0.000000E+0   0.000000E+0   0.000000E+0   -1.900012E+3   -1.900012E+3   -4.535371E+2   2.645741E+0   -4.580503E-1   3.580142E-3   
1.774721E+3   -2.731500E+2   -2.731500E+2   -2.731500E+2   0.000000E+0   0.000000E+0   0.000000E+0   -1.999856E+3   -1.999856E+3   -4.590769E+2   2.108318E+0   -4.636500E-1   2.853473E-3   
1.782182E+3   -2.731500E+2   -2.731500E+2   -2.731500E+2   0.000000E+0   0.000000E+0   0.000000E+0   -2.100057E+3   -2.100057E+3   -4.643596E+2   1.612250E+0   -4.689902E-1   2.182721E-3   
1.789645E+3   -2.731500E+2   -2.731500E+2   -2.731500E+2   0.000000E+0   0.000000E+0   0.000000E+0   -2.200007E+3   -2.200007E+3   -4.692878E+2   1.157508E+0   -4.739724E-1   1.567852E-3   
1.797104E+3   -2.731500E+2   -2.731500E+2   -2.731500E+2   0.000000E+0   0.000000E+0   0.000000E+0   -2.299940E+3   -2.299940E+3   -4.740829E+2   7.027748E-1   -4.788202E-1   9.529935E-4   
1.804567E+3   -2.731500E+2   -2.731500E+2   -2.731500E+2   0.000000E+0   0.000000E+0   0.000000E+0   -2.399962E+3   -2.399962E+3   -4.785061E+2   2.480379E-1   -4.832925E-1   3.381302E-4   
1.812027E+3   -2.731500E+2   -2.731500E+2   -2.731500E+2   0.000000E+0   0.000000E+0   0.000000E+0   -2.500020E+3   -2.500020E+3   -4.827230E+2   -1.240189E-1   -4.875565E-1   -1.649341E-4   
1.819490E+3   -2.731500E+2   -2.731500E+2   -2.731500E+2   0.000000E+0   0.000000E+0   0.000000E+0   -2.600060E+3   -2.600060E+3   -4.866665E+2   -5.374145E-1   -4.915445E-1   -7.238961E-4   
1.826952E+3   -2.731500E+2   -2.731500E+2   -2.731500E+2   0.000000E+0   0.000000E+0   0.000000E+0   -2.699867E+3   -2.699867E+3   -4.904119E+2   -9.094739E-1   -4.953324E-1   -1.226964E-3   
1.834417E+3   -2.731500E+2   -2.731500E+2   -2.731500E+2   0.000000E+0   0.000000E+0   0.000000E+0   -2.800086E+3   -2.800086E+3   -4.938433E+2   -1.281525E+0   -4.988033E-1   -1.730021E-3   
1.841880E+3   -2.731500E+2   -2.731500E+2   -2.731500E+2   0.000000E+0   0.000000E+0   0.000000E+0   -2.900001E+3   -2.900001E+3   -4.970592E+2   -1.612250E+0   -5.020566E-1   -2.177196E-3   
1.849344E+3   -2.731500E+2   -2.731500E+2   -2.731500E+2   0.000000E+0   0.000000E+0   0.000000E+0   -2.999951E+3   -2.999951E+3   -5.000030E+2   -1.934696E+0   -5.050351E-1   -2.613178E-3   
1.856805E+3   -2.731500E+2   -2.731500E+2   -2.731500E+2   0.000000E+0   0.000000E+0   0.000000E+0   -3.099813E+3   -3.099813E+3   -5.027063E+2   -2.207534E+0   -5.077709E-1   -2.982079E-3   
1.864267E+3   -2.731500E+2   -2.731500E+2   -2.731500E+2   0.000000E+0   0.000000E+0   0.000000E+0   -3.200014E+3   -3.200014E+3   -5.052279E+2   -2.513446E+0   -5.103232E-1   -3.395703E-3   
1.871730E+3   -2.731500E+2   -2.731500E+2   -2.731500E+2   0.000000E+0   0.000000E+0   0.000000E+0   -3.300036E+3   -3.300036E+3   -5.075264E+2   -2.769758E+0   -5.126501E-1   -3.742259E-3   
1.879193E+3   -2.731500E+2   -2.731500E+2   -2.731500E+2   0.000000E+0   0.000000E+0   0.000000E+0   -3.399933E+3   -3.399933E+3   -5.095932E+2   -3.001258E+0   -5.147432E-1   -4.055264E-3   
1.886657E+3   -2.731500E+2   -2.731500E+2   -2.731500E+2   0.000000E+0   0.000000E+0   0.000000E+0   -3.500134E+3   -3.500134E+3   -5.115360E+2   -3.265835E+0   -5.167110E-1   -4.412996E-3   
1.894121E+3   -2.731500E+2   -2.731500E+2   -2.731500E+2   0.000000E+0   0.000000E+0   0.000000E+0   -3.599959E+3   -3.599959E+3   -5.133058E+2   -3.472534E+0   -5.185042E-1   -4.692465E-3   
1.901585E+3   -2.731500E+2   -2.731500E+2   -2.731500E+2   0.000000E+0   0.000000E+0   0.000000E+0   -3.700017E+3   -3.700017E+3   -5.149014E+2   -3.679223E+0   -5.201214E-1   -4.971922E-3   
1.909049E+3   -2.731500E+2   -2.731500E+2   -2.731500E+2   0.000000E+0   0.000000E+0   0.000000E+0   -3.799985E+3   -3.799985E+3   -5.163811E+2   -3.885921E+0   -5.216217E-1   -5.251390E-3   
1.916511E+3   -2.731500E+2   -2.731500E+2   -2.731500E+2   0.000000E+0   0.000000E+0   0.000000E+0   -3.899989E+3   -3.899989E+3   -5.177373E+2   -4.092620E+0   -5.229973E-1   -5.530859E-3   
1.923972E+3   -2.731500E+2   -2.731500E+2   -2.731500E+2   0.000000E+0   0.000000E+0   0.000000E+0   -3.999869E+3   -3.999869E+3   -5.189771E+2   -4.291051E+0   -5.242552E-1   -5.799149E-3   
1.931482E+3   -2.731500E+2   -2.731500E+2   -2.731500E+2   0.000000E+0   0.000000E+0   0.000000E+0   -4.100034E+3   -4.100034E+3   -5.201345E+2   -4.464671E+0   -5.254300E-1   -6.033890E-3   
1.938955E+3   -2.731500E+2   -2.731500E+2   -2.731500E+2   0.000000E+0   0.000000E+0   0.000000E+0   -4.200074E+3   -4.200074E+3   -5.211850E+2   -4.630033E+0   -5.264970E-1   -6.257464E-3   
1.946417E+3   -2.731500E+2   -2.731500E+2   -2.731500E+2   0.000000E+0   0.000000E+0   0.000000E+0   -4.300060E+3   -4.300060E+3   -5.221605E+2   -4.795387E+0   -5.274881E-1   -6.481027E-3   
1.953879E+3   -2.731500E+2   -2.731500E+2   -2.731500E+2   0.000000E+0   0.000000E+0   0.000000E+0   -4.399957E+3   -4.399957E+3   -5.230616E+2   -4.960749E+0   -5.284042E-1   -6.704601E-3   
1.961342E+3   -2.731500E+2   -2.731500E+2   -2.731500E+2   0.000000E+0   0.000000E+0   0.000000E+0   -4.500015E+3   -4.500015E+3   -5.238970E+2   -5.126102E+0   -5.292539E-1   -6.928164E-3   
1.968806E+3   -2.731500E+2   -2.731500E+2   -2.731500E+2   0.000000E+0   0.000000E+0   0.000000E+0   -4.600019E+3   -4.600019E+3   -5.247399E+2   -5.250128E+0   -5.301111E-1   -7.095844E-3   
1.976272E+3   -2.731500E+2   -2.731500E+2   -2.731500E+2   0.000000E+0   0.000000E+0   0.000000E+0   -4.699934E+3   -4.699934E+3   -5.254679E+2   -5.407231E+0   -5.308524E-1   -7.308251E-3   
1.983735E+3   -2.731500E+2   -2.731500E+2   -2.731500E+2   0.000000E+0   0.000000E+0   0.000000E+0   -4.799956E+3   -4.799956E+3   -5.262118E+2   -5.498180E+0   -5.316097E-1   -7.431204E-3   
1.991209E+3   -2.731500E+2   -2.731500E+2   -2.731500E+2   0.000000E+0   0.000000E+0   0.000000E+0   -4.899996E+3   -4.899996E+3   -5.268649E+2   -5.663542E+0   -5.322754E-1   -7.654778E-3   
1.998718E+3   -2.731500E+2   -2.731500E+2   -2.731500E+2   0.000000E+0   0.000000E+0   0.000000E+0   -5.000036E+3   -5.000036E+3   -5.274524E+2   -5.787559E+0   -5.328747E-1   -7.822446E-3   
2.006179E+3   -2.731500E+2   -2.731500E+2   -2.731500E+2   0.000000E+0   0.000000E+0   0.000000E+0   -5.099933E+3   -5.099933E+3   -5.280722E+2   -5.870231E+0   -5.335068E-1   -7.934209E-3   
2.013643E+3   -2.731500E+2   -2.731500E+2   -2.731500E+2   0.000000E+0   0.000000E+0   0.000000E+0   -5.199830E+3   -5.199830E+3   -5.286505E+2   -5.994257E+0   -5.340968E-1   -8.101889E-3   
2.021106E+3   -2.731500E+2   -2.731500E+2   -2.731500E+2   0.000000E+0   0.000000E+0   0.000000E+0   -5.300120E+3   -5.300120E+3   -5.291880E+2   -6.118274E+0   -5.346458E-1   -8.269557E-3   
2.028574E+3   -2.731500E+2   -2.731500E+2   -2.731500E+2   0.000000E+0   0.000000E+0   0.000000E+0   -5.400053E+3   -5.400053E+3   -5.296839E+2   -6.217485E+0   -5.351527E-1   -8.403682E-3   
2.036037E+3   -2.731500E+2   -2.731500E+2   -2.731500E+2   0.000000E+0   0.000000E+0   0.000000E+0   -5.499914E+3   -5.499914E+3   -5.301391E+2   -6.324972E+0   -5.356184E-1   -8.549000E-3   
2.043499E+3   -2.731500E+2   -2.731500E+2   -2.731500E+2   0.000000E+0   0.000000E+0   0.000000E+0   -5.600097E+3   -5.600097E+3   -5.305933E+2   -6.407645E+0   -5.360833E-1   -8.660762E-3   
2.050959E+3   -2.731500E+2   -2.731500E+2   -2.731500E+2   0.000000E+0   0.000000E+0   0.000000E+0   -5.699994E+3   -5.699994E+3   -5.310069E+2   -6.531662E+0   -5.365071E-1   -8.828430E-3   
2.058423E+3   -2.731500E+2   -2.731500E+2   -2.731500E+2   0.000000E+0   0.000000E+0   0.000000E+0   -5.799980E+3   -5.799980E+3   -5.314204E+2   -6.614343E+0   -5.369308E-1   -8.940204E-3   
2.065886E+3   -2.731500E+2   -2.731500E+2   -2.731500E+2   0.000000E+0   0.000000E+0   0.000000E+0   -5.899967E+3   -5.899967E+3   -5.317923E+2   -6.697024E+0   -5.373125E-1   -9.051978E-3   
2.073349E+3   -2.731500E+2   -2.731500E+2   -2.731500E+2   0.000000E+0   0.000000E+0   0.000000E+0   -6.000007E+3   -6.000007E+3   -5.321643E+2   -6.821041E+0   -5.376942E-1   -9.219647E-3   
2.080868E+3   -2.731500E+2   -2.731500E+2   -2.731500E+2   0.000000E+0   0.000000E+0   0.000000E+0   -6.099904E+3   -6.099904E+3   -5.325370E+2   -6.878915E+0   -5.380768E-1   -9.297877E-3   
2.088331E+3   -2.731500E+2   -2.731500E+2   -2.731500E+2   0.000000E+0   0.000000E+0   0.000000E+0   -6.199908E+3   -6.199908E+3   -5.328341E+2   -6.986395E+0   -5.383829E-1   -9.443183E-3   
2.095795E+3   -2.731500E+2   -2.731500E+2   -2.731500E+2   0.000000E+0   0.000000E+0   0.000000E+0   -6.300037E+3   -6.300037E+3   -5.331985E+2   -7.027739E+0   -5.387571E-1   -9.499063E-3   
2.103257E+3   -2.731500E+2   -2.731500E+2   -2.731500E+2   0.000000E+0   0.000000E+0   0.000000E+0   -6.399952E+3   -6.399952E+3   -5.334465E+2   -7.110420E+0   -5.390137E-1   -9.610837E-3   
2.110720E+3   -2.731500E+2   -2.731500E+2   -2.731500E+2   0.000000E+0   0.000000E+0   0.000000E+0   -6.499903E+3   -6.499903E+3   -5.337352E+2   -7.234438E+0   -5.393114E-1   -9.778505E-3   
2.118182E+3   -2.731500E+2   -2.731500E+2   -2.731500E+2   0.000000E+0   0.000000E+0   0.000000E+0   -6.599960E+3   -6.599960E+3   -5.340247E+2   -7.275774E+0   -5.396099E-1   -9.834374E-3   
2.125644E+3   -2.731500E+2   -2.731500E+2   -2.731500E+2   0.000000E+0   0.000000E+0   0.000000E+0   -6.700072E+3   -6.700072E+3   -5.342727E+2   -7.358455E+0   -5.398665E-1   -9.946148E-3   
2.133106E+3   -2.731500E+2   -2.731500E+2   -2.731500E+2   0.000000E+0   0.000000E+0   0.000000E+0   -6.799915E+3   -6.799915E+3   -5.345622E+2   -7.399791E+0   -5.401651E-1   -1.000202E-2   
2.140569E+3   -2.731500E+2   -2.731500E+2   -2.731500E+2   0.000000E+0   0.000000E+0   0.000000E+0   -6.899902E+3   -6.899902E+3   -5.348102E+2   -7.523808E+0   -5.404216E-1   -1.016968E-2   
2.148032E+3   -2.731500E+2   -2.731500E+2   -2.731500E+2   0.000000E+0   0.000000E+0   0.000000E+0   -6.999995E+3   -6.999995E+3   -5.350581E+2   -7.606489E+0   -5.406782E-1   -1.028146E-2   
2.155497E+3   -2.731500E+2   -2.731500E+2   -2.731500E+2   0.000000E+0   0.000000E+0   0.000000E+0   -7.100017E+3   -7.100017E+3   -5.352653E+2   -7.639558E+0   -5.408936E-1   -1.032615E-2   
2.162959E+3   -2.731500E+2   -2.731500E+2   -2.731500E+2   0.000000E+0   0.000000E+0   0.000000E+0   -7.199950E+3   -7.199950E+3   -5.355050E+2   -7.689170E+0   -5.411417E-1   -1.039321E-2   
2.170420E+3   -2.731500E+2   -2.731500E+2   -2.731500E+2   0.000000E+0   0.000000E+0   0.000000E+0   -7.300044E+3   -7.300044E+3   -5.356789E+2   -7.771851E+0   -5.413235E-1   -1.050498E-2   
2.177881E+3   -2.731500E+2   -2.731500E+2   -2.731500E+2   0.000000E+0   0.000000E+0   0.000000E+0   -7.399958E+3   -7.399958E+3   -5.358852E+2   -7.813187E+0   -5.415380E-1   -1.056085E-2   
2.185343E+3   -2.731500E+2   -2.731500E+2   -2.731500E+2   0.000000E+0   0.000000E+0   0.000000E+0   -7.499963E+3   -7.499963E+3   -5.360915E+2   -7.895868E+0   -5.417526E-1   -1.067262E-2   
2.192802E+3   -2.731500E+2   -2.731500E+2   -2.731500E+2   0.000000E+0   0.000000E+0   0.000000E+0   -7.599895E+3   -7.599895E+3   -5.362987E+2   -7.937205E+0   -5.419680E-1   -1.072849E-2   
2.200315E+3   -2.731500E+2   -2.731500E+2   -2.731500E+2   0.000000E+0   0.000000E+0   0.000000E+0   -7.700025E+3   -7.700025E+3   -5.364643E+2   -7.978541E+0   -5.421414E-1   -1.078436E-2   
2.207776E+3   -2.731500E+2   -2.731500E+2   -2.731500E+2   0.000000E+0   0.000000E+0   0.000000E+0   -7.799993E+3   -7.799993E+3   -5.366290E+2   -8.061222E+0   -5.423139E-1   -1.089613E-2   
2.215241E+3   -2.731500E+2   -2.731500E+2   -2.731500E+2   0.000000E+0   0.000000E+0   0.000000E+0   -7.899872E+3   -7.899872E+3   -5.367946E+2   -8.102558E+0   -5.424873E-1   -1.095200E-2   
2.222704E+3   -2.731500E+2   -2.731500E+2   -2.731500E+2   0.000000E+0   0.000000E+0   0.000000E+0   -8.000002E+3   -8.000002E+3   -5.369602E+2   -8.185239E+0   -5.426607E-1   -1.106377E-2   
2.231315E+3   -2.731500E+2   -2.731500E+2   -2.731500E+2   0.000000E+0   0.000000E+0   0.000000E+0   -7.899819E+3   -7.899819E+3   -5.368362E+2   -8.135634E+0   -5.425293E-1   -1.099673E-2   
2.238829E+3   -2.731500E+2   -2.731500E+2   -2.731500E+2   0.000000E+0   0.000000E+0   0.000000E+0   -7.799779E+3   -7.799779E+3   -5.366707E+2   -8.061222E+0   -5.423559E-1   -1.089613E-2   
2.246292E+3   -2.731500E+2   -2.731500E+2   -2.731500E+2   0.000000E+0   0.000000E+0   0.000000E+0   -7.699864E+3   -7.699864E+3   -5.365051E+2   -7.978541E+0   -5.421825E-1   -1.078436E-2   
2.253755E+3   -2.731500E+2   -2.731500E+2   -2.731500E+2   0.000000E+0   0.000000E+0   0.000000E+0   -7.599734E+3   -7.599734E+3   -5.362987E+2   -7.945472E+0   -5.419680E-1   -1.073967E-2   
2.261217E+3   -2.731500E+2   -2.731500E+2   -2.731500E+2   0.000000E+0   0.000000E+0   0.000000E+0   -7.499891E+3   -7.499891E+3   -5.361332E+2   -7.895868E+0   -5.417946E-1   -1.067262E-2   
2.268679E+3   -2.731500E+2   -2.731500E+2   -2.731500E+2   0.000000E+0   0.000000E+0   0.000000E+0   -7.399762E+3   -7.399762E+3   -5.359676E+2   -7.854524E+0   -5.416212E-1   -1.061674E-2   
2.276142E+3   -2.731500E+2   -2.731500E+2   -2.731500E+2   0.000000E+0   0.000000E+0   0.000000E+0   -7.299954E+3   -7.299954E+3   -5.357363E+2   -7.813187E+0   -5.413814E-1   -1.056087E-2   
2.283604E+3   -2.731500E+2   -2.731500E+2   -2.731500E+2   0.000000E+0   0.000000E+0   0.000000E+0   -7.199771E+3   -7.199771E+3   -5.355299E+2   -7.697438E+0   -5.411669E-1   -1.040438E-2   
2.291066E+3   -2.731500E+2   -2.731500E+2   -2.731500E+2   0.000000E+0   0.000000E+0   0.000000E+0   -7.099821E+3   -7.099821E+3   -5.353477E+2   -7.647825E+0   -5.409767E-1   -1.033733E-2   
2.298577E+3   -2.731500E+2   -2.731500E+2   -2.731500E+2   0.000000E+0   0.000000E+0   0.000000E+0   -6.999834E+3   -6.999834E+3   -5.351414E+2   -7.606489E+0   -5.407622E-1   -1.028146E-2   
2.306043E+3   -2.731500E+2   -2.731500E+2   -2.731500E+2   0.000000E+0   0.000000E+0   0.000000E+0   -6.899759E+3   -6.899759E+3   -5.348934E+2   -7.523808E+0   -5.405056E-1   -1.016968E-2   
2.313505E+3   -2.731500E+2   -2.731500E+2   -2.731500E+2   0.000000E+0   0.000000E+0   0.000000E+0   -6.799772E+3   -6.799772E+3   -5.346446E+2   -7.474205E+0   -5.402482E-1   -1.010264E-2   
2.320967E+3   -2.731500E+2   -2.731500E+2   -2.731500E+2   0.000000E+0   0.000000E+0   0.000000E+0   -6.699840E+3   -6.699840E+3   -5.344216E+2   -7.399791E+0   -5.400169E-1   -1.000204E-2   
2.328428E+3   -2.731500E+2   -2.731500E+2   -2.731500E+2   0.000000E+0   0.000000E+0   0.000000E+0   -6.599889E+3   -6.599889E+3   -5.341080E+2   -7.317110E+0   -5.396940E-1   -9.890268E-3   
2.335891E+3   -2.731500E+2   -2.731500E+2   -2.731500E+2   0.000000E+0   0.000000E+0   0.000000E+0   -6.499760E+3   -6.499760E+3   -5.338265E+2   -7.234438E+0   -5.394036E-1   -9.778505E-3   
2.343352E+3   -2.731500E+2   -2.731500E+2   -2.731500E+2   0.000000E+0   0.000000E+0   0.000000E+0   -6.399809E+3   -6.399809E+3   -5.335704E+2   -7.176558E+0   -5.391389E-1   -9.700268E-3   
2.350816E+3   -2.731500E+2   -2.731500E+2   -2.731500E+2   0.000000E+0   0.000000E+0   0.000000E+0   -6.299823E+3   -6.299823E+3   -5.332726E+2   -7.110420E+0   -5.388319E-1   -9.610863E-3   
2.358279E+3   -2.731500E+2   -2.731500E+2   -2.731500E+2   0.000000E+0   0.000000E+0   0.000000E+0   -6.199747E+3   -6.199747E+3   -5.329497E+2   -7.027739E+0   -5.384997E-1   -9.499089E-3   
2.365744E+3   -2.731500E+2   -2.731500E+2   -2.731500E+2   0.000000E+0   0.000000E+0   0.000000E+0   -6.099850E+3   -6.099850E+3   -5.326194E+2   -6.945058E+0   -5.381600E-1   -9.387315E-3   
2.373207E+3   -2.731500E+2   -2.731500E+2   -2.731500E+2   0.000000E+0   0.000000E+0   0.000000E+0   -5.999899E+3   -5.999899E+3   -5.322475E+2   -6.829308E+0   -5.377783E-1   -9.230826E-3   
2.380670E+3   -2.731500E+2   -2.731500E+2   -2.731500E+2   0.000000E+0   0.000000E+0   0.000000E+0   -5.899698E+3   -5.899698E+3   -5.319000E+2   -6.746629E+0   -5.374212E-1   -9.119054E-3   
2.388131E+3   -2.731500E+2   -2.731500E+2   -2.731500E+2   0.000000E+0   0.000000E+0   0.000000E+0   -5.799837E+3   -5.799837E+3   -5.315199E+2   -6.672217E+0   -5.370313E-1   -9.018461E-3   
2.395594E+3   -2.731500E+2   -2.731500E+2   -2.731500E+2   0.000000E+0   0.000000E+0   0.000000E+0   -5.699779E+3   -5.699779E+3   -5.311308E+2   -6.573007E+0   -5.366322E-1   -8.884336E-3   
2.403054E+3   -2.731500E+2   -2.731500E+2   -2.731500E+2   0.000000E+0   0.000000E+0   0.000000E+0   -5.599972E+3   -5.599972E+3   -5.307182E+2   -6.490326E+0   -5.362094E-1   -8.772562E-3   
2.410517E+3   -2.731500E+2   -2.731500E+2   -2.731500E+2   0.000000E+0   0.000000E+0   0.000000E+0   -5.499735E+3   -5.499735E+3   -5.302630E+2   -6.407645E+0   -5.357436E-1   -8.660788E-3   
2.417980E+3   -2.731500E+2   -2.731500E+2   -2.731500E+2   0.000000E+0   0.000000E+0   0.000000E+0   -5.399838E+3   -5.399838E+3   -5.297916E+2   -6.283628E+0   -5.352614E-1   -8.493120E-3   
2.425444E+3   -2.731500E+2   -2.731500E+2   -2.731500E+2   0.000000E+0   0.000000E+0   0.000000E+0   -5.299923E+3   -5.299923E+3   -5.292794E+2   -6.184412E+0   -5.347380E-1   -8.358988E-3   
2.432906E+3   -2.731500E+2   -2.731500E+2   -2.731500E+2   0.000000E+0   0.000000E+0   0.000000E+0   -5.199776E+3   -5.199776E+3   -5.287745E+2   -6.076929E+0   -5.342220E-1   -8.213677E-3   
2.440370E+3   -2.731500E+2   -2.731500E+2   -2.731500E+2   0.000000E+0   0.000000E+0   0.000000E+0   -5.099772E+3   -5.099772E+3   -5.282378E+2   -5.952912E+0   -5.336740E-1   -8.046009E-3   
2.447830E+3   -2.731500E+2   -2.731500E+2   -2.731500E+2   0.000000E+0   0.000000E+0   0.000000E+0   -4.999821E+3   -4.999821E+3   -5.276587E+2   -5.870231E+0   -5.330830E-1   -7.934235E-3   
2.455343E+3   -2.731500E+2   -2.731500E+2   -2.731500E+2   0.000000E+0   0.000000E+0   0.000000E+0   -4.899853E+3   -4.899853E+3   -5.270056E+2   -5.737947E+0   -5.324173E-1   -7.755388E-3   
2.462804E+3   -2.731500E+2   -2.731500E+2   -2.731500E+2   0.000000E+0   0.000000E+0   0.000000E+0   -4.799831E+3   -4.799831E+3   -5.263357E+2   -5.580861E+0   -5.317348E-1   -7.543004E-3   
2.470268E+3   -2.731500E+2   -2.731500E+2   -2.731500E+2   0.000000E+0   0.000000E+0   0.000000E+0   -4.699755E+3   -4.699755E+3   -5.256493E+2   -5.498180E+0   -5.310355E-1   -7.431230E-3   
2.477731E+3   -2.731500E+2   -2.731500E+2   -2.731500E+2   0.000000E+0   0.000000E+0   0.000000E+0   -4.599804E+3   -4.599804E+3   -5.248888E+2   -5.332826E+0   -5.302615E-1   -7.207667E-3   
2.485192E+3   -2.731500E+2   -2.731500E+2   -2.731500E+2   0.000000E+0   0.000000E+0   0.000000E+0   -4.499890E+3   -4.499890E+3   -5.241034E+2   -5.208783E+0   -5.294622E-1   -7.039964E-3   
2.492652E+3   -2.731500E+2   -2.731500E+2   -2.731500E+2   0.000000E+0   0.000000E+0   0.000000E+0   -4.399796E+3   -4.399796E+3   -5.232355E+2   -5.068231E+0   -5.285798E-1   -6.849938E-3   
2.500115E+3   -2.731500E+2   -2.731500E+2   -2.731500E+2   0.000000E+0   0.000000E+0   0.000000E+0   -4.299971E+3   -4.299971E+3   -5.223095E+2   -4.919412E+0   -5.276385E-1   -6.648733E-3   
2.507580E+3   -2.731500E+2   -2.731500E+2   -2.731500E+2   0.000000E+0   0.000000E+0   0.000000E+0   -4.199949E+3   -4.199949E+3   -5.213334E+2   -4.754050E+0   -5.266468E-1   -6.425159E-3   
2.515055E+3   -2.731500E+2   -2.731500E+2   -2.731500E+2   0.000000E+0   0.000000E+0   0.000000E+0   -4.099765E+3   -4.099765E+3   -5.202593E+2   -4.588697E+0   -5.255561E-1   -6.201596E-3   
2.522518E+3   -2.731500E+2   -2.731500E+2   -2.731500E+2   0.000000E+0   0.000000E+0   0.000000E+0   -3.999797E+3   -3.999797E+3   -5.191011E+2   -4.423335E+0   -5.243804E-1   -5.978022E-3   
2.529980E+3   -2.731500E+2   -2.731500E+2   -2.731500E+2   0.000000E+0   0.000000E+0   0.000000E+0   -3.899882E+3   -3.899882E+3   -5.178613E+2   -4.257982E+0   -5.231224E-1   -5.754459E-3   
2.537442E+3   -2.731500E+2   -2.731500E+2   -2.731500E+2   0.000000E+0   0.000000E+0   0.000000E+0   -3.799717E+3   -3.799717E+3   -5.165383E+2   -4.051283E+0   -5.217804E-1   -5.474991E-3   
2.544914E+3   -2.731500E+2   -2.731500E+2   -2.731500E+2   0.000000E+0   0.000000E+0   0.000000E+0   -3.699784E+3   -3.699784E+3   -5.150498E+2   -3.844585E+0   -5.202712E-1   -5.195522E-3   
2.552377E+3   -2.731500E+2   -2.731500E+2   -2.731500E+2   0.000000E+0   0.000000E+0   0.000000E+0   -3.599852E+3   -3.599852E+3   -5.134381E+2   -3.637887E+0   -5.186378E-1   -4.916054E-3   
2.559841E+3   -2.731500E+2   -2.731500E+2   -2.731500E+2   0.000000E+0   0.000000E+0   0.000000E+0   -3.499919E+3   -3.499919E+3   -5.117016E+2   -3.431189E+0   -5.168782E-1   -4.636585E-3   
2.567303E+3   -2.731500E+2   -2.731500E+2   -2.731500E+2   0.000000E+0   0.000000E+0   0.000000E+0   -3.399646E+3   -3.399646E+3   -5.098004E+2   -3.183154E+0   -5.149523E-1   -4.301222E-3   
2.574765E+3   -2.731500E+2   -2.731500E+2   -2.731500E+2   0.000000E+0   0.000000E+0   0.000000E+0   -3.299893E+3   -3.299893E+3   -5.077327E+2   -2.935120E+0   -5.128584E-1   -3.965860E-3   
2.582229E+3   -2.731500E+2   -2.731500E+2   -2.731500E+2   0.000000E+0   0.000000E+0   0.000000E+0   -3.199853E+3   -3.199853E+3   -5.054180E+2   -2.728422E+0   -5.105150E-1   -3.686391E-3   
2.589703E+3   -2.731500E+2   -2.731500E+2   -2.731500E+2   0.000000E+0   0.000000E+0   0.000000E+0   -3.099723E+3   -3.099723E+3   -5.029376E+2   -2.439034E+0   -5.080044E-1   -3.295111E-3   
2.597170E+3   -2.731500E+2   -2.731500E+2   -2.731500E+2   0.000000E+0   0.000000E+0   0.000000E+0   -2.999719E+3   -2.999719E+3   -5.002510E+2   -2.141387E+0   -5.052855E-1   -2.892663E-3   
2.604632E+3   -2.731500E+2   -2.731500E+2   -2.731500E+2   0.000000E+0   0.000000E+0   0.000000E+0   -2.899876E+3   -2.899876E+3   -4.973155E+2   -1.818948E+0   -5.023153E-1   -2.456691E-3   
2.612089E+3   -2.731500E+2   -2.731500E+2   -2.731500E+2   0.000000E+0   0.000000E+0   0.000000E+0   -2.799854E+3   -2.799854E+3   -4.941320E+2   -1.488232E+0   -4.990948E-1   -2.009528E-3   
2.619551E+3   -2.731500E+2   -2.731500E+2   -2.731500E+2   0.000000E+0   0.000000E+0   0.000000E+0   -2.699778E+3   -2.699778E+3   -4.907422E+2   -1.157508E+0   -4.956659E-1   -1.562353E-3   
2.627013E+3   -2.731500E+2   -2.731500E+2   -2.731500E+2   0.000000E+0   0.000000E+0   0.000000E+0   -2.599827E+3   -2.599827E+3   -4.870719E+2   -7.854532E-1   -4.919538E-1   -1.059291E-3   
2.634475E+3   -2.731500E+2   -2.731500E+2   -2.731500E+2   0.000000E+0   0.000000E+0   0.000000E+0   -2.499948E+3   -2.499948E+3   -4.832189E+2   -4.133964E-1   -4.880572E-1   -5.562266E-4   
2.641937E+3   -2.731500E+2   -2.731500E+2   -2.731500E+2   0.000000E+0   0.000000E+0   0.000000E+0   -2.399658E+3   -2.399658E+3   -4.790852E+2   0.000000E+0   -4.838773E-1   2.736508E-6   
2.649398E+3   -2.731500E+2   -2.731500E+2   -2.731500E+2   0.000000E+0   0.000000E+0   0.000000E+0   -2.299815E+3   -2.299815E+3   -4.746612E+2   3.720568E-1   -4.794041E-1   5.058008E-4   
2.656862E+3   -2.731500E+2   -2.731500E+2   -2.731500E+2   0.000000E+0   0.000000E+0   0.000000E+0   -2.199900E+3   -2.199900E+3   -4.700733E+2   8.267929E-1   -4.747655E-1   1.120663E-3   
2.664322E+3   -2.731500E+2   -2.731500E+2   -2.731500E+2   0.000000E+0   0.000000E+0   0.000000E+0   -2.099967E+3   -2.099967E+3   -4.651534E+2   1.281525E+0   -4.697916E-1   1.735520E-3   
2.671787E+3   -2.731500E+2   -2.731500E+2   -2.731500E+2   0.000000E+0   0.000000E+0   0.000000E+0   -1.999873E+3   -1.999873E+3   -4.600271E+2   1.736267E+0   -4.646094E-1   2.350390E-3   
2.679249E+3   -2.731500E+2   -2.731500E+2   -2.731500E+2   0.000000E+0   0.000000E+0   0.000000E+0   -1.899905E+3   -1.899905E+3   -4.546121E+2   2.232336E+0   -4.591357E-1   3.021141E-3   
2.686712E+3   -2.731500E+2   -2.731500E+2   -2.731500E+2   0.000000E+0   0.000000E+0   0.000000E+0   -1.799847E+3   -1.799847E+3   -4.488660E+2   2.769758E+0   -4.533277E-1   3.747811E-3   
2.694174E+3   -2.731500E+2   -2.731500E+2   -2.731500E+2   0.000000E+0   0.000000E+0   0.000000E+0   -1.699807E+3   -1.699807E+3   -4.428303E+2   3.265835E+0   -4.472272E-1   4.418574E-3   
2.701637E+3   -2.731500E+2   -2.731500E+2   -2.731500E+2   0.000000E+0   0.000000E+0   0.000000E+0   -1.599857E+3   -1.599857E+3   -4.364393E+2   3.844585E+0   -4.407680E-1   5.201126E-3   
2.709100E+3   -2.731500E+2   -2.731500E+2   -2.731500E+2   0.000000E+0   0.000000E+0   0.000000E+0   -1.499817E+3   -1.499817E+3   -4.296431E+2   4.381999E+0   -4.338997E-1   5.927784E-3   
2.716564E+3   -2.731500E+2   -2.731500E+2   -2.731500E+2   0.000000E+0   0.000000E+0   0.000000E+0   -1.399991E+3   -1.399991E+3   -4.224500E+2   4.960749E+0   -4.266307E-1   6.710336E-3   
2.724026E+3   -2.731500E+2   -2.731500E+2   -2.731500E+2   0.000000E+0   0.000000E+0   0.000000E+0   -1.299898E+3   -1.299898E+3   -4.146778E+2   5.580861E+0   -4.187769E-1   7.548817E-3   
2.731491E+3   -2.731500E+2   -2.731500E+2   -2.731500E+2   0.000000E+0   0.000000E+0   0.000000E+0   -1.199768E+3   -1.199768E+3   -4.063273E+2   6.200947E+0   -4.103392E-1   8.387263E-3   
2.738957E+3   -2.731500E+2   -2.731500E+2   -2.731500E+2   0.000000E+0   0.000000E+0   0.000000E+0   -1.099961E+3   -1.099961E+3   -3.972738E+2   6.862377E+0   -4.011916E-1   9.281615E-3   
2.746420E+3   -2.731500E+2   -2.731500E+2   -2.731500E+2   0.000000E+0   0.000000E+0   0.000000E+0   -9.997597E+2   -9.997597E+2   -3.873116E+2   7.482472E+0   -3.911266E-1   1.012007E-2   
2.755074E+3   -2.731500E+2   -2.731500E+2   -2.731500E+2   0.000000E+0   0.000000E+0   0.000000E+0   -9.497218E+2   -9.497218E+2   -3.819790E+2   7.813187E+0   -3.857392E-1   1.056725E-2   
2.762488E+3   -2.731500E+2   -2.731500E+2   -2.731500E+2   0.000000E+0   0.000000E+0   0.000000E+0   -8.998449E+2   -8.998449E+2   -3.763153E+2   8.143903E+0   -3.800174E-1   1.101443E-2   
2.769959E+3   -2.731500E+2   -2.731500E+2   -2.731500E+2   0.000000E+0   0.000000E+0   0.000000E+0   -8.498964E+2   -8.498964E+2   -3.703212E+2   8.433273E+0   -3.739620E-1   1.140570E-2   
2.777422E+3   -2.731500E+2   -2.731500E+2   -2.731500E+2   0.000000E+0   0.000000E+0   0.000000E+0   -7.998943E+2   -7.998943E+2   -3.639135E+2   8.763998E+0   -3.674892E-1   1.185288E-2   
2.784886E+3   -2.731500E+2   -2.731500E+2   -2.731500E+2   0.000000E+0   0.000000E+0   0.000000E+0   -7.498922E+2   -7.498922E+2   -3.570508E+2   9.053385E+0   -3.605567E-1   1.224418E-2   
2.792349E+3   -2.731500E+2   -2.731500E+2   -2.731500E+2   0.000000E+0   0.000000E+0   0.000000E+0   -6.999616E+2   -6.999616E+2   -3.497337E+2   9.342773E+0   -3.531656E-1   1.263547E-2   
2.799809E+3   -2.731500E+2   -2.731500E+2   -2.731500E+2   0.000000E+0   0.000000E+0   0.000000E+0   -6.497985E+2   -6.497985E+2   -3.417144E+2   9.607349E+0   -3.450654E-1   1.299321E-2   
2.807271E+3   -2.731500E+2   -2.731500E+2   -2.731500E+2   0.000000E+0   0.000000E+0   0.000000E+0   -5.997786E+2   -5.997786E+2   -3.330727E+2   9.880196E+0   -3.363367E-1   1.336214E-2   
2.814733E+3   -2.731500E+2   -2.731500E+2   -2.731500E+2   0.000000E+0   0.000000E+0   0.000000E+0   -5.498837E+2   -5.498837E+2   -3.236472E+2   1.005379E+1   -3.268167E-1   1.359686E-2   
2.822203E+3   -2.731500E+2   -2.731500E+2   -2.731500E+2   0.000000E+0   0.000000E+0   0.000000E+0   -4.997922E+2   -4.997922E+2   -3.132715E+2   1.025220E+1   -3.163373E-1   1.386514E-2   
2.829667E+3   -2.731500E+2   -2.731500E+2   -2.731500E+2   0.000000E+0   0.000000E+0   0.000000E+0   -4.499153E+2   -4.499153E+2   -3.017792E+2   1.038452E+1   -3.047304E-1   1.404404E-2   
2.837130E+3   -2.731500E+2   -2.731500E+2   -2.731500E+2   0.000000E+0   0.000000E+0   0.000000E+0   -3.999489E+2   -3.999489E+2   -2.889224E+2   1.046716E+1   -2.917457E-1   1.415577E-2   
2.844594E+3   -2.731500E+2   -2.731500E+2   -2.731500E+2   0.000000E+0   0.000000E+0   0.000000E+0   -3.499289E+2   -3.499289E+2   -2.744538E+2   1.050024E+1   -2.771337E-1   1.420049E-2   
2.852058E+3   -2.731500E+2   -2.731500E+2   -2.731500E+2   0.000000E+0   0.000000E+0   0.000000E+0   -2.998016E+2   -2.998016E+2   -2.577520E+2   1.045888E+1   -2.602668E-1   1.414456E-2   
2.859519E+3   -2.731500E+2   -2.731500E+2   -2.731500E+2   0.000000E+0   0.000000E+0   0.000000E+0   -2.497817E+2   -2.497817E+2   -2.384052E+2   1.033491E+1   -2.407292E-1   1.397691E-2   
2.866981E+3   -2.731500E+2   -2.731500E+2   -2.731500E+2   0.000000E+0   0.000000E+0   0.000000E+0   -1.997617E+2   -1.997617E+2   -2.157518E+2   1.004552E+1   -2.178529E-1   1.358559E-2   
2.874456E+3   -2.731500E+2   -2.731500E+2   -2.731500E+2   0.000000E+0   0.000000E+0   0.000000E+0   -1.498668E+2   -1.498668E+2   -1.883848E+2   9.458477E+0   -1.902173E-1   1.279178E-2   
2.881919E+3   -2.731500E+2   -2.731500E+2   -2.731500E+2   0.000000E+0   0.000000E+0   0.000000E+0   -9.986473E+1   -9.986473E+1   -1.508892E+2   8.185239E+0   -1.523549E-1   1.107011E-2   
2.890376E+3   -2.731500E+2   -2.731500E+2   -2.731500E+2   0.000000E+0   0.000000E+0   0.000000E+0   -8.985000E+1   -8.985000E+1   -1.417699E+2   7.854524E+0   -1.431465E-1   1.062292E-2   
2.897739E+3   -2.731500E+2   -2.731500E+2   -2.731500E+2   0.000000E+0   0.000000E+0   0.000000E+0   -7.978162E+1   -7.978162E+1   -1.314267E+2   7.532077E+0   -1.327023E-1   1.018691E-2   
2.905101E+3   -2.731500E+2   -2.731500E+2   -2.731500E+2   0.000000E+0   0.000000E+0   0.000000E+0   -6.985631E+1   -6.985631E+1   -1.205052E+2   7.143489E+0   -1.216743E-1   9.661462E-3   
2.912461E+3   -2.731500E+2   -2.731500E+2   -2.731500E+2   0.000000E+0   0.000000E+0   0.000000E+0   -5.985947E+1   -5.985947E+1   -1.093432E+2   6.721826E+0   -1.104034E-1   9.091291E-3   
2.919825E+3   -2.731500E+2   -2.731500E+2   -2.731500E+2   0.000000E+0   0.000000E+0   0.000000E+0   -4.993415E+1   -4.993415E+1   -9.801650E+1   6.200947E+0   -9.896619E-2   8.386963E-3   
2.927189E+3   -2.731500E+2   -2.731500E+2   -2.731500E+2   0.000000E+0   0.000000E+0   0.000000E+0   -3.983001E+1   -3.983001E+1   -8.602797E+1   5.539516E+0   -8.686073E-2   7.492582E-3   
2.934551E+3   -2.731500E+2   -2.731500E+2   -2.731500E+2   0.000000E+0   0.000000E+0   0.000000E+0   -2.990470E+1   -2.990470E+1   -7.428721E+1   4.919412E+0   -7.500546E-2   6.654083E-3   
2.941914E+3   -2.731500E+2   -2.731500E+2   -2.731500E+2   0.000000E+0   0.000000E+0   0.000000E+0   -1.981843E+1   -1.981843E+1   -6.177789E+1   4.216637E+0   -6.237416E-2   5.703796E-3   
2.949277E+3   -2.731500E+2   -2.731500E+2   -2.731500E+2   0.000000E+0   0.000000E+0   0.000000E+0   -9.857355E+0   -9.857355E+0   -4.984735E+1   3.513870E+0   -5.032727E-2   4.753521E-3   
2.956640E+3   -2.731500E+2   -2.731500E+2   -2.731500E+2   0.000000E+0   0.000000E+0   0.000000E+0   1.216074E-1   1.216074E-1   -3.788362E+1   2.769758E+0   -3.824685E-2   3.747340E-3   
2.964000E+3   -2.731500E+2   -2.731500E+2   -2.731500E+2   0.000000E+0   0.000000E+0   0.000000E+0   1.006480E+1   1.006480E+1   -2.587036E+1   2.066982E+0   -2.611644E-2   2.797054E-3   
2.971363E+3   -2.731500E+2   -2.731500E+2   -2.731500E+2   0.000000E+0   0.000000E+0   0.000000E+0   2.000800E+1   2.000800E+1   -1.391491E+1   1.322870E+0   -1.404440E-2   1.790872E-3   
2.978724E+3   -2.731500E+2   -2.731500E+2   -2.731500E+2   0.000000E+0   0.000000E+0   0.000000E+0   3.013003E+1   3.013003E+1   -1.942965E+0   6.614352E-1   -1.955683E-3   8.964857E-4   
2.986085E+3   -2.731500E+2   -2.731500E+2   -2.731500E+2   0.000000E+0   0.000000E+0   0.000000E+0   4.012687E+1   4.012687E+1   9.921462E+0   0.000000E+0   1.002446E-2   2.099024E-6   
2.993461E+3   -2.731500E+2   -2.731500E+2   -2.731500E+2   0.000000E+0   0.000000E+0   0.000000E+0   5.019525E+1   5.019525E+1   2.186873E+1   -6.614352E-1   2.208825E-2   -8.922877E-4   
3.000773E+3   -2.731500E+2   -2.731500E+2   -2.731500E+2   0.000000E+0   0.000000E+0   0.000000E+0   6.010268E+1   6.010268E+1   3.347681E+1   -1.281525E+0   3.380955E-2   -1.730768E-3   
3.008137E+3   -2.731500E+2   -2.731500E+2   -2.731500E+2   0.000000E+0   0.000000E+0   0.000000E+0   7.022471E+1   7.022471E+1   4.522566E+1   -1.942965E+0   4.567301E-2   -2.625161E-3   
3.015501E+3   -2.731500E+2   -2.731500E+2   -2.731500E+2   0.000000E+0   0.000000E+0   0.000000E+0   8.009637E+1   8.009637E+1   5.655262E+1   -2.604396E+0   5.711047E-2   -3.519542E-3   
3.022864E+3   -2.731500E+2   -2.731500E+2   -2.731500E+2   0.000000E+0   0.000000E+0   0.000000E+0   9.005745E+1   9.005745E+1   6.783832E+1   -3.224490E+0   6.850626E-2   -4.358028E-3   
3.030226E+3   -2.731500E+2   -2.731500E+2   -2.731500E+2   0.000000E+0   0.000000E+0   0.000000E+0   1.000901E+2   1.000901E+2   7.908257E+1   -3.803249E+0   7.986022E-2   -5.140621E-3   
3.038776E+3   -2.731500E+2   -2.731500E+2   -2.731500E+2   0.000000E+0   0.000000E+0   0.000000E+0   1.501279E+2   1.501279E+2   1.319975E+2   -6.448990E+0   1.332915E-1   -8.718170E-3   
3.046238E+3   -2.731500E+2   -2.731500E+2   -2.731500E+2   0.000000E+0   0.000000E+0   0.000000E+0   2.000943E+2   2.000943E+2   1.761486E+2   -8.309256E+0   1.778741E-1   -1.123361E-2   
3.053703E+3   -2.731500E+2   -2.731500E+2   -2.731500E+2   0.000000E+0   0.000000E+0   0.000000E+0   2.501679E+2   2.501679E+2   2.101296E+2   -9.508101E+0   2.121878E-1   -1.285469E-2   
3.061168E+3   -2.731500E+2   -2.731500E+2   -2.731500E+2   0.000000E+0   0.000000E+0   0.000000E+0   3.001343E+2   3.001343E+2   2.362477E+2   -1.016950E+1   2.385624E-1   -1.374903E-2   
3.068633E+3   -2.731500E+2   -2.731500E+2   -2.731500E+2   0.000000E+0   0.000000E+0   0.000000E+0   3.502437E+2   3.502437E+2   2.573801E+2   -1.050024E+1   2.599029E-1   -1.419627E-2   
3.076098E+3   -2.731500E+2   -2.731500E+2   -2.731500E+2   0.000000E+0   0.000000E+0   0.000000E+0   4.002100E+2   4.002100E+2   2.751153E+2   -1.066565E+1   2.778133E-1   -1.441995E-2   
3.083561E+3   -2.731500E+2   -2.731500E+2   -2.731500E+2   0.000000E+0   0.000000E+0   0.000000E+0   4.501943E+2   4.501943E+2   2.903277E+2   -1.066565E+1   2.931763E-1   -1.441997E-2   
3.091023E+3   -2.731500E+2   -2.731500E+2   -2.731500E+2   0.000000E+0   0.000000E+0   0.000000E+0   5.001248E+2   5.001248E+2   3.036388E+2   -1.058295E+1   3.066197E-1   -1.430814E-2   
3.098484E+3   -2.731500E+2   -2.731500E+2   -2.731500E+2   0.000000E+0   0.000000E+0   0.000000E+0   5.501270E+2   5.501270E+2   3.154207E+2   -1.045888E+1   3.185189E-1   -1.414040E-2   
3.105957E+3   -2.731500E+2   -2.731500E+2   -2.731500E+2   0.000000E+0   0.000000E+0   0.000000E+0   6.001291E+2   6.001291E+2   3.259212E+2   -1.025220E+1   3.291244E-1   -1.386095E-2   
3.113421E+3   -2.731500E+2   -2.731500E+2   -2.731500E+2   0.000000E+0   0.000000E+0   0.000000E+0   6.500418E+2   6.500418E+2   3.354290E+2   -1.000417E+1   3.387276E-1   -1.352557E-2   
3.120882E+3   -2.731500E+2   -2.731500E+2   -2.731500E+2   0.000000E+0   0.000000E+0   0.000000E+0   7.001512E+2   7.001512E+2   3.441365E+2   -9.756135E+0   3.475226E-1   -1.319019E-2   
3.128346E+3   -2.731500E+2   -2.731500E+2   -2.731500E+2   0.000000E+0   0.000000E+0   0.000000E+0   7.502427E+2   7.502427E+2   3.520656E+2   -9.466747E+0   3.555318E-1   -1.279890E-2   
3.135812E+3   -2.731500E+2   -2.731500E+2   -2.731500E+2   0.000000E+0   0.000000E+0   0.000000E+0   8.001733E+2   8.001733E+2   3.594071E+2   -9.177359E+0   3.629476E-1   -1.240761E-2   
3.143276E+3   -2.731500E+2   -2.731500E+2   -2.731500E+2   0.000000E+0   0.000000E+0   0.000000E+0   8.500502E+2   8.500502E+2   3.662283E+2   -8.846705E+0   3.698380E-1   -1.196051E-2   
3.150736E+3   -2.731500E+2   -2.731500E+2   -2.731500E+2   0.000000E+0   0.000000E+0   0.000000E+0   9.002312E+2   9.002312E+2   3.725943E+2   -8.532492E+0   3.762689E-1   -1.153565E-2   
3.158205E+3   -2.731500E+2   -2.731500E+2   -2.731500E+2   0.000000E+0   0.000000E+0   0.000000E+0   9.500723E+2   9.500723E+2   3.785884E+2   -8.185239E+0   3.823242E-1   -1.106611E-2   
3.165668E+3   -2.731500E+2   -2.731500E+2   -2.731500E+2   0.000000E+0   0.000000E+0   0.000000E+0   1.000074E+3   1.000074E+3   3.842106E+2   -7.895868E+0   3.880040E-1   -1.067484E-2   
3.174219E+3   -2.731500E+2   -2.731500E+2   -2.731500E+2   0.000000E+0   0.000000E+0   0.000000E+0   1.100311E+3   1.100311E+3   3.946695E+2   -7.234438E+0   3.985706E-1   -9.780491E-3   
3.181682E+3   -2.731500E+2   -2.731500E+2   -2.731500E+2   0.000000E+0   0.000000E+0   0.000000E+0   1.200083E+3   1.200083E+3   4.040542E+2   -6.531662E+0   4.080525E-1   -8.830233E-3   
3.189143E+3   -2.731500E+2   -2.731500E+2   -2.731500E+2   0.000000E+0   0.000000E+0   0.000000E+0   1.300194E+3   1.300194E+3   4.127350E+2   -5.911576E+0   4.168237E-1   -7.991787E-3   
3.196619E+3   -2.731500E+2   -2.731500E+2   -2.731500E+2   0.000000E+0   0.000000E+0   0.000000E+0   1.400234E+3   1.400234E+3   4.207551E+2   -5.291481E+0   4.249279E-1   -7.153329E-3   
3.204079E+3   -2.731500E+2   -2.731500E+2   -2.731500E+2   0.000000E+0   0.000000E+0   0.000000E+0   1.500203E+3   1.500203E+3   4.281961E+2   -4.671369E+0   4.324473E-1   -6.314848E-3   
3.211541E+3   -2.731500E+2   -2.731500E+2   -2.731500E+2   0.000000E+0   0.000000E+0   0.000000E+0   1.600243E+3   1.600243E+3   4.351820E+2   -4.092620E+0   4.395071E-1   -5.532296E-3   
3.219002E+3   -2.731500E+2   -2.731500E+2   -2.731500E+2   0.000000E+0   0.000000E+0   0.000000E+0   1.700086E+3   1.700086E+3   4.417552E+2   -3.513870E+0   4.461503E-1   -4.749744E-3   
3.226466E+3   -2.731500E+2   -2.731500E+2   -2.731500E+2   0.000000E+0   0.000000E+0   0.000000E+0   1.800269E+3   1.800269E+3   4.479565E+2   -2.976456E+0   4.524180E-1   -4.023086E-3   
3.233926E+3   -2.731500E+2   -2.731500E+2   -2.731500E+2   0.000000E+0   0.000000E+0   0.000000E+0   1.900202E+3   1.900202E+3   4.538267E+2   -2.439034E+0   4.583512E-1   -3.296417E-3   
3.241389E+3   -2.731500E+2   -2.731500E+2   -2.731500E+2   0.000000E+0   0.000000E+0   0.000000E+0   2.000135E+3   2.000135E+3   4.593656E+2   -1.942965E+0   4.639501E-1   -2.625665E-3   
3.248849E+3   -2.731500E+2   -2.731500E+2   -2.731500E+2   0.000000E+0   0.000000E+0   0.000000E+0   2.100282E+3   2.100282E+3   4.646575E+2   -1.446888E+0   4.692995E-1   -1.954902E-3   
3.256311E+3   -2.731500E+2   -2.731500E+2   -2.731500E+2   0.000000E+0   0.000000E+0   0.000000E+0   2.200232E+3   2.200232E+3   4.696598E+2   -9.921549E-1   4.743565E-1   -1.340044E-3   
3.263774E+3   -2.731500E+2   -2.731500E+2   -2.731500E+2   0.000000E+0   0.000000E+0   0.000000E+0   2.300165E+3   2.300165E+3   4.744132E+2   -4.960757E-1   4.791623E-1   -6.692787E-4   
3.271236E+3   -2.731500E+2   -2.731500E+2   -2.731500E+2   0.000000E+0   0.000000E+0   0.000000E+0   2.400080E+3   2.400080E+3   4.788364E+2   -1.240189E-1   4.836346E-1   -1.662144E-4   
3.278704E+3   -2.731500E+2   -2.731500E+2   -2.731500E+2   0.000000E+0   0.000000E+0   0.000000E+0   2.500281E+3   2.500281E+3   4.830533E+2   2.893766E-1   4.878985E-1   3.927476E-4   
3.286170E+3   -2.731500E+2   -2.731500E+2   -2.731500E+2   0.000000E+0   0.000000E+0   0.000000E+0   2.600160E+3   2.600160E+3   4.870222E+2   7.027748E-1   4.919121E-1   9.517132E-4   
3.293635E+3   -2.731500E+2   -2.731500E+2   -2.731500E+2   0.000000E+0   0.000000E+0   0.000000E+0   2.700057E+3   2.700057E+3   4.907341E+2   1.074827E+0   4.956663E-1   1.454772E-3   
3.301094E+3   -2.731500E+2   -2.731500E+2   -2.731500E+2   0.000000E+0   0.000000E+0   0.000000E+0   2.800186E+3   2.800186E+3   4.941736E+2   1.405551E+0   4.991454E-1   1.901946E-3   
3.308556E+3   -2.731500E+2   -2.731500E+2   -2.731500E+2   0.000000E+0   0.000000E+0   0.000000E+0   2.900298E+3   2.900298E+3   4.973571E+2   1.736267E+0   5.023659E-1   2.349109E-3   
3.316017E+3   -2.731500E+2   -2.731500E+2   -2.731500E+2   0.000000E+0   0.000000E+0   0.000000E+0   3.000105E+3   3.000105E+3   5.003749E+2   2.108318E+0   5.054192E-1   2.852167E-3   
3.323481E+3   -2.731500E+2   -2.731500E+2   -2.731500E+2   0.000000E+0   0.000000E+0   0.000000E+0   3.100181E+3   3.100181E+3   5.030616E+2   2.372891E+0   5.081381E-1   3.209892E-3   
3.330943E+3   -2.731500E+2   -2.731500E+2   -2.731500E+2   0.000000E+0   0.000000E+0   0.000000E+0   3.200185E+3   3.200185E+3   5.055420E+2   2.645741E+0   5.106487E-1   3.578810E-3   
3.338406E+3   -2.731500E+2   -2.731500E+2   -2.731500E+2   0.000000E+0   0.000000E+0   0.000000E+0   3.300225E+3   3.300225E+3   5.078567E+2   2.893775E+0   5.129922E-1   3.914173E-3   
3.345868E+3   -2.731500E+2   -2.731500E+2   -2.731500E+2   0.000000E+0   0.000000E+0   0.000000E+0   3.400176E+3   3.400176E+3   5.099488E+2   3.141818E+0   5.151108E-1   4.249547E-3   
3.353332E+3   -2.731500E+2   -2.731500E+2   -2.731500E+2   0.000000E+0   0.000000E+0   0.000000E+0   3.500234E+3   3.500234E+3   5.118256E+2   3.389853E+0   5.170119E-1   4.584910E-3   
3.360796E+3   -2.731500E+2   -2.731500E+2   -2.731500E+2   0.000000E+0   0.000000E+0   0.000000E+0   3.600202E+3   3.600202E+3   5.136029E+2   3.621352E+0   5.188126E-1   4.897915E-3   
3.368259E+3   -2.731500E+2   -2.731500E+2   -2.731500E+2   0.000000E+0   0.000000E+0   0.000000E+0   3.700063E+3   3.700063E+3   5.151904E+2   3.803249E+0   5.204218E-1   5.143847E-3   
3.375721E+3   -2.731500E+2   -2.731500E+2   -2.731500E+2   0.000000E+0   0.000000E+0   0.000000E+0   3.800211E+3   3.800211E+3   5.166623E+2   4.009939E+0   5.219142E-1   5.423304E-3   
3.383185E+3   -2.731500E+2   -2.731500E+2   -2.731500E+2   0.000000E+0   0.000000E+0   0.000000E+0   3.900125E+3   3.900125E+3   5.179853E+2   4.216637E+0   5.232562E-1   5.702772E-3   
3.390646E+3   -2.731500E+2   -2.731500E+2   -2.731500E+2   0.000000E+0   0.000000E+0   0.000000E+0   4.000273E+3   4.000273E+3   5.192666E+2   4.381999E+0   5.245561E-1   5.926346E-3   
3.398123E+3   -2.731500E+2   -2.731500E+2   -2.731500E+2   0.000000E+0   0.000000E+0   0.000000E+0   4.100134E+3   4.100134E+3   5.203833E+2   4.588697E+0   5.256898E-1   6.205815E-3   
3.405585E+3   -2.731500E+2   -2.731500E+2   -2.731500E+2   0.000000E+0   0.000000E+0   0.000000E+0   4.200227E+3   4.200227E+3   5.214574E+2   4.754050E+0   5.267806E-1   6.429378E-3   
3.413047E+3   -2.731500E+2   -2.731500E+2   -2.731500E+2   0.000000E+0   0.000000E+0   0.000000E+0   4.300196E+3   4.300196E+3   5.224085E+2   4.886337E+0   5.277470E-1   6.608227E-3   
3.420507E+3   -2.731500E+2   -2.731500E+2   -2.731500E+2   0.000000E+0   0.000000E+0   0.000000E+0   4.400254E+3   4.400254E+3   5.233595E+2   5.084766E+0   5.287135E-1   6.876514E-3   
3.427971E+3   -2.731500E+2   -2.731500E+2   -2.731500E+2   0.000000E+0   0.000000E+0   0.000000E+0   4.500061E+3   4.500061E+3   5.241694E+2   5.208783E+0   5.295374E-1   7.044183E-3   
3.435432E+3   -2.731500E+2   -2.731500E+2   -2.731500E+2   0.000000E+0   0.000000E+0   0.000000E+0   4.600191E+3   4.600191E+3   5.249712E+2   5.374162E+0   5.303532E-1   7.267781E-3   
3.442894E+3   -2.731500E+2   -2.731500E+2   -2.731500E+2   0.000000E+0   0.000000E+0   0.000000E+0   4.700284E+3   4.700284E+3   5.257403E+2   5.498180E+0   5.311360E-1   7.435449E-3   
3.450355E+3   -2.731500E+2   -2.731500E+2   -2.731500E+2   0.000000E+0   0.000000E+0   0.000000E+0   4.800128E+3   4.800128E+3   5.264514E+2   5.622197E+0   5.318602E-1   7.603117E-3   
3.457818E+3   -2.731500E+2   -2.731500E+2   -2.731500E+2   0.000000E+0   0.000000E+0   0.000000E+0   4.900257E+3   4.900257E+3   5.270551E+2   5.746214E+0   5.324760E-1   7.770786E-3   
3.465281E+3   -2.731500E+2   -2.731500E+2   -2.731500E+2   0.000000E+0   0.000000E+0   0.000000E+0   5.000154E+3   5.000154E+3   5.277003E+2   5.853697E+0   5.331336E-1   7.916096E-3   
3.472744E+3   -2.731500E+2   -2.731500E+2   -2.731500E+2   0.000000E+0   0.000000E+0   0.000000E+0   5.100158E+3   5.100158E+3   5.282786E+2   5.994257E+0   5.337237E-1   8.106134E-3   
3.480205E+3   -2.731500E+2   -2.731500E+2   -2.731500E+2   0.000000E+0   0.000000E+0   0.000000E+0   5.200198E+3   5.200198E+3   5.288577E+2   6.118274E+0   5.343146E-1   8.273802E-3   
3.487670E+3   -2.731500E+2   -2.731500E+2   -2.731500E+2   0.000000E+0   0.000000E+0   0.000000E+0   5.300345E+3   5.300345E+3   5.293536E+2   6.200947E+0   5.348215E-1   8.385565E-3   
3.495129E+3   -2.731500E+2   -2.731500E+2   -2.731500E+2   0.000000E+0   0.000000E+0   0.000000E+0   5.400081E+3   5.400081E+3   5.298495E+2   6.324972E+0   5.353284E-1   8.553245E-3   
3.502613E+3   -2.731500E+2   -2.731500E+2   -2.731500E+2   0.000000E+0   0.000000E+0   0.000000E+0   5.500050E+3   5.500050E+3   5.303046E+2   6.407645E+0   5.357942E-1   8.665007E-3   
3.510071E+3   -2.731500E+2   -2.731500E+2   -2.731500E+2   0.000000E+0   0.000000E+0   0.000000E+0   5.600358E+3   5.600358E+3   5.307508E+2   6.490326E+0   5.362508E-1   8.776781E-3   
3.517532E+3   -2.731500E+2   -2.731500E+2   -2.731500E+2   0.000000E+0   0.000000E+0   0.000000E+0   5.700184E+3   5.700184E+3   5.311808E+2   6.614343E+0   5.366912E-1   8.944449E-3   
3.524995E+3   -2.731500E+2   -2.731500E+2   -2.731500E+2   0.000000E+0   0.000000E+0   0.000000E+0   5.800259E+3   5.800259E+3   5.315444E+2   6.697024E+0   5.370645E-1   9.056223E-3   
3.532471E+3   -2.731500E+2   -2.731500E+2   -2.731500E+2   0.000000E+0   0.000000E+0   0.000000E+0   5.900103E+3   5.900103E+3   5.319163E+2   6.779705E+0   5.374462E-1   9.167998E-3   
3.539915E+3   -2.731500E+2   -2.731500E+2   -2.731500E+2   0.000000E+0   0.000000E+0   0.000000E+0   6.000250E+3   6.000250E+3   5.323298E+2   6.903722E+0   5.378700E-1   9.335666E-3   
3.547380E+3   -2.731500E+2   -2.731500E+2   -2.731500E+2   0.000000E+0   0.000000E+0   0.000000E+0   6.100308E+3   6.100308E+3   5.326773E+2   6.986395E+0   5.382270E-1   9.447428E-3   
3.554840E+3   -2.731500E+2   -2.731500E+2   -2.731500E+2   0.000000E+0   0.000000E+0   0.000000E+0   6.200151E+3   6.200151E+3   5.329913E+2   7.069076E+0   5.385503E-1   9.559202E-3   
3.562305E+3   -2.731500E+2   -2.731500E+2   -2.731500E+2   0.000000E+0   0.000000E+0   0.000000E+0   6.300388E+3   6.300388E+3   5.333225E+2   7.126955E+0   5.388909E-1   9.637440E-3   
3.569767E+3   -2.731500E+2   -2.731500E+2   -2.731500E+2   0.000000E+0   0.000000E+0   0.000000E+0   6.400213E+3   6.400213E+3   5.336112E+2   7.193093E+0   5.391885E-1   9.726845E-3   
3.577230E+3   -2.731500E+2   -2.731500E+2   -2.731500E+2   0.000000E+0   0.000000E+0   0.000000E+0   6.500146E+3   6.500146E+3   5.339008E+2   7.275774E+0   5.394871E-1   9.838619E-3   
3.584692E+3   -2.731500E+2   -2.731500E+2   -2.731500E+2   0.000000E+0   0.000000E+0   0.000000E+0   6.600132E+3   6.600132E+3   5.341903E+2   7.358455E+0   5.397857E-1   9.950393E-3   
3.592156E+3   -2.731500E+2   -2.731500E+2   -2.731500E+2   0.000000E+0   0.000000E+0   0.000000E+0   6.700190E+3   6.700190E+3   5.344383E+2   7.432867E+0   5.400422E-1   1.005099E-2   
3.599633E+3   -2.731500E+2   -2.731500E+2   -2.731500E+2   0.000000E+0   0.000000E+0   0.000000E+0   6.800123E+3   6.800123E+3   5.347112E+2   7.482472E+0   5.403240E-1   1.011803E-2   
3.607095E+3   -2.731500E+2   -2.731500E+2   -2.731500E+2   0.000000E+0   0.000000E+0   0.000000E+0   6.900181E+3   6.900181E+3   5.349342E+2   7.565153E+0   5.405553E-1   1.022981E-2   
3.614560E+3   -2.731500E+2   -2.731500E+2   -2.731500E+2   0.000000E+0   0.000000E+0   0.000000E+0   7.000328E+3   7.000328E+3   5.351821E+2   7.647825E+0   5.408119E-1   1.034157E-2   
3.622022E+3   -2.731500E+2   -2.731500E+2   -2.731500E+2   0.000000E+0   0.000000E+0   0.000000E+0   7.100171E+3   7.100171E+3   5.353893E+2   7.689170E+0   5.410273E-1   1.039745E-2   
3.629483E+3   -2.731500E+2   -2.731500E+2   -2.731500E+2   0.000000E+0   0.000000E+0   0.000000E+0   7.200140E+3   7.200140E+3   5.355956E+2   7.771851E+0   5.412418E-1   1.050923E-2   
3.636946E+3   -2.731500E+2   -2.731500E+2   -2.731500E+2   0.000000E+0   0.000000E+0   0.000000E+0   7.300376E+3   7.300376E+3   5.358028E+2   7.854524E+0   5.414572E-1   1.062099E-2   
3.644408E+3   -2.731500E+2   -2.731500E+2   -2.731500E+2   0.000000E+0   0.000000E+0   0.000000E+0   7.400309E+3   7.400309E+3   5.360092E+2   7.895868E+0   5.416718E-1   1.067687E-2   
3.651876E+3   -2.731500E+2   -2.731500E+2   -2.731500E+2   0.000000E+0   0.000000E+0   0.000000E+0   7.500134E+3   7.500134E+3   5.361748E+2   7.937205E+0   5.418451E-1   1.073274E-2   
3.659339E+3   -2.731500E+2   -2.731500E+2   -2.731500E+2   0.000000E+0   0.000000E+0   0.000000E+0   7.599996E+3   7.599996E+3   5.364227E+2   8.019886E+0   5.421017E-1   1.084451E-2   
3.666801E+3   -2.731500E+2   -2.731500E+2   -2.731500E+2   0.000000E+0   0.000000E+0   0.000000E+0   7.700286E+3   7.700286E+3   5.365717E+2   8.061222E+0   5.422583E-1   1.090038E-2   
3.674233E+3   -2.731500E+2   -2.731500E+2   -2.731500E+2   0.000000E+0   0.000000E+0   0.000000E+0   7.800183E+3   7.800183E+3   5.367530E+2   8.110827E+0   5.424476E-1   1.096743E-2   
3.681772E+3   -2.731500E+2   -2.731500E+2   -2.731500E+2   0.000000E+0   0.000000E+0   0.000000E+0   7.900223E+3   7.900223E+3   5.369186E+2   8.143903E+0   5.426210E-1   1.101213E-2   
3.689236E+3   -2.731500E+2   -2.731500E+2   -2.731500E+2   0.000000E+0   0.000000E+0   0.000000E+0   8.000299E+3   8.000299E+3   5.370842E+2   8.226584E+0   5.427944E-1   1.112390E-2   
