Time_since_start,Raw_Temperature,Temperature,Temperature_2,Raw_Applied_Field,Applied_Field,Field_Angle,Raw_Applied_Field_For_Plot_,Applied_Field_For_Plot_,Raw_Signal_Mx,Raw_Signal_My,Signal_X_direction,Signal_Y_direction,,
1.024100E+1,-2.731500E+2,-2.731500E+2,-2.731500E+2,0.000000E+0,0.000000E+0,0.000000E+0,-2.557350E-3,-2.557350E-3,0.000000E+0,0.000000E+0,4.264234E-6,2.109510E-6,
1.880800E+1,-2.731500E+2,-2.731500E+2,-2.731500E+2,0.000000E+0,0.000000E+0,0.000000E+0,9.999600E+0,9.999600E+0,3.187130E+0,1.634426E-1,3.192179E-3,2.271971E-4,
2.712500E+1,-2.731500E+2,-2.731500E+2,-2.731500E+2,0.000000E+0,0.000000E+0,0.000000E+0,2.000632E+1,2.000632E+1,6.292545E+0,2.451639E-1,6.298376E-3,3.397396E-4,
3.544100E+1,-2.731500E+2,-2.731500E+2,-2.731500E+2,0.000000E+0,0.000000E+0,0.000000E+0,3.000901E+1,3.000901E+1,9.479683E+0,4.086066E-1,9.486300E-3,5.648272E-4,
4.372000E+1,-2.731500E+2,-2.731500E+2,-2.731500E+2,0.000000E+0,0.000000E+0,0.000000E+0,4.000572E+1,4.000572E+1,1.266677E+1,4.903279E-1,1.267417E-2,6.773697E-4,
5.228600E+1,-2.731500E+2,-2.731500E+2,-2.731500E+2,0.000000E+0,0.000000E+0,0.000000E+0,5.000957E+1,5.000957E+1,1.585394E+1,7.354927E-1,1.586213E-2,1.015004E-3,
6.060200E+1,-2.731500E+2,-2.731500E+2,-2.731500E+2,0.000000E+0,0.000000E+0,0.000000E+0,6.001155E+1,6.001155E+1,1.904103E+1,8.172132E-1,1.905000E-2,1.127545E-3,
6.891900E+1,-2.731500E+2,-2.731500E+2,-2.731500E+2,0.000000E+0,0.000000E+0,0.000000E+0,7.001228E+1,7.001228E+1,2.230995E+1,9.806592E-1,2.231971E-2,1.352637E-3,
7.723600E+1,-2.731500E+2,-2.731500E+2,-2.731500E+2,0.000000E+0,0.000000E+0,0.000000E+0,8.001014E+1,8.001014E+1,2.557879E+1,1.144097E+0,2.558934E-2,1.577718E-3,
8.555300E+1,-2.731500E+2,-2.731500E+2,-2.731500E+2,0.000000E+0,0.000000E+0,0.000000E+0,9.001436E+1,9.001436E+1,2.876587E+1,1.389266E+0,2.877721E-2,1.915357E-3,
9.412900E+1,-2.731500E+2,-2.731500E+2,-2.731500E+2,0.000000E+0,0.000000E+0,0.000000E+0,1.000067E+2,1.000067E+2,3.219821E+1,1.634426E+0,3.221034E-2,2.252985E-3,
1.048750E+2,-2.731500E+2,-2.731500E+2,-2.731500E+2,0.000000E+0,0.000000E+0,0.000000E+0,1.501178E+2,1.501178E+2,4.985002E+1,4.249503E+0,4.986618E-2,5.854409E-3,
1.123390E+2,-2.731500E+2,-2.731500E+2,-2.731500E+2,0.000000E+0,0.000000E+0,0.000000E+0,2.000128E+2,2.000128E+2,6.987161E+1,8.825864E+0,6.989189E-2,1.215688E-2,
1.198020E+2,-2.731500E+2,-2.731500E+2,-2.731500E+2,0.000000E+0,0.000000E+0,0.000000E+0,2.499972E+2,2.499972E+2,9.218156E+1,1.266677E+1,9.220610E-2,1.744649E-2,
1.272640E+2,-2.731500E+2,-2.731500E+2,-2.731500E+2,0.000000E+0,0.000000E+0,0.000000E+0,3.000531E+2,3.000531E+2,1.150635E+2,1.593561E+1,1.150923E-1,2.194826E-2,
1.347260E+2,-2.731500E+2,-2.731500E+2,-2.731500E+2,0.000000E+0,0.000000E+0,0.000000E+0,3.501448E+2,3.501448E+2,1.372916E+2,1.855071E+1,1.373247E-1,2.554971E-2,
1.421880E+2,-2.731500E+2,-2.731500E+2,-2.731500E+2,0.000000E+0,0.000000E+0,0.000000E+0,4.000398E+2,4.000398E+2,1.577219E+2,2.010342E+1,1.577592E-1,2.768807E-2,
1.496150E+2,-2.731500E+2,-2.731500E+2,-2.731500E+2,0.000000E+0,0.000000E+0,0.000000E+0,4.501494E+2,4.501494E+2,1.769269E+2,2.092065E+1,1.769682E-1,2.881353E-2,
1.570870E+2,-2.731500E+2,-2.731500E+2,-2.731500E+2,0.000000E+0,0.000000E+0,0.000000E+0,5.000265E+2,5.000265E+2,1.955594E+2,2.190138E+1,1.956048E-1,3.016416E-2,
1.645500E+2,-2.731500E+2,-2.731500E+2,-2.731500E+2,0.000000E+0,0.000000E+0,0.000000E+0,5.499930E+2,5.499930E+2,2.136196E+2,2.257146E+1,2.136690E-1,3.108697E-2,
1.720130E+2,-2.731500E+2,-2.731500E+2,-2.731500E+2,0.000000E+0,0.000000E+0,0.000000E+0,6.001026E+2,6.001026E+2,2.315160E+2,2.329059E+1,2.315695E-1,3.207733E-2,
1.794750E+2,-2.731500E+2,-2.731500E+2,-2.731500E+2,0.000000E+0,0.000000E+0,0.000000E+0,6.499440E+2,6.499440E+2,2.489232E+2,2.386266E+1,2.489807E-1,3.286516E-2,
1.869360E+2,-2.731500E+2,-2.731500E+2,-2.731500E+2,0.000000E+0,0.000000E+0,0.000000E+0,7.001967E+2,7.001967E+2,2.664109E+2,2.435298E+1,2.664724E-1,3.354041E-2,
1.943980E+2,-2.731500E+2,-2.731500E+2,-2.731500E+2,0.000000E+0,0.000000E+0,0.000000E+0,7.501274E+2,7.501274E+2,2.834907E+2,2.484330E+1,2.835562E-1,3.421566E-2,
2.018620E+2,-2.731500E+2,-2.731500E+2,-2.731500E+2,0.000000E+0,0.000000E+0,0.000000E+0,8.000045E+2,8.000045E+2,3.004727E+2,2.526823E+1,3.005422E-1,3.480084E-2,
2.093240E+2,-2.731500E+2,-2.731500E+2,-2.731500E+2,0.000000E+0,0.000000E+0,0.000000E+0,8.501141E+2,8.501141E+2,3.172417E+2,2.574220E+1,3.173151E-1,3.545357E-2,
2.167870E+2,-2.731500E+2,-2.731500E+2,-2.731500E+2,0.000000E+0,0.000000E+0,0.000000E+0,9.000449E+2,9.000449E+2,3.339127E+2,2.615086E+1,3.339901E-1,3.601635E-2,
2.242490E+2,-2.731500E+2,-2.731500E+2,-2.731500E+2,0.000000E+0,0.000000E+0,0.000000E+0,9.499935E+2,9.499935E+2,3.503396E+2,2.662483E+1,3.504210E-1,3.666909E-2,
2.317110E+2,-2.731500E+2,-2.731500E+2,-2.731500E+2,0.000000E+0,0.000000E+0,0.000000E+0,9.998885E+2,9.998885E+2,3.666842E+2,2.704975E+1,3.667695E-1,3.725427E-2,
2.402620E+2,-2.731500E+2,-2.731500E+2,-2.731500E+2,0.000000E+0,0.000000E+0,0.000000E+0,1.100072E+3,1.100072E+3,3.990452E+2,2.786698E+1,3.991384E-1,3.837972E-2,
2.477330E+2,-2.731500E+2,-2.731500E+2,-2.731500E+2,0.000000E+0,0.000000E+0,0.000000E+0,1.199951E+3,1.199951E+3,4.305896E+2,2.876587E+1,4.306906E-1,3.961763E-2,
2.551950E+2,-2.731500E+2,-2.731500E+2,-2.731500E+2,0.000000E+0,0.000000E+0,0.000000E+0,1.300045E+3,1.300045E+3,4.616439E+2,2.974651E+1,4.617527E-1,4.096813E-2,
2.626570E+2,-2.731500E+2,-2.731500E+2,-2.731500E+2,0.000000E+0,0.000000E+0,0.000000E+0,1.400068E+3,1.400068E+3,4.920434E+2,3.080891E+1,4.921600E-1,4.243121E-2,
2.701190E+2,-2.731500E+2,-2.731500E+2,-2.731500E+2,0.000000E+0,0.000000E+0,0.000000E+0,1.500180E+3,1.500180E+3,5.218226E+2,3.196938E+1,5.219469E-1,4.402936E-2,
2.775810E+2,-2.731500E+2,-2.731500E+2,-2.731500E+2,0.000000E+0,0.000000E+0,0.000000E+0,1.600023E+3,1.600023E+3,5.508828E+2,3.327686E+1,5.510148E-1,4.582998E-2,
2.850460E+2,-2.731500E+2,-2.731500E+2,-2.731500E+2,0.000000E+0,0.000000E+0,0.000000E+0,1.699992E+3,1.699992E+3,5.792395E+2,3.466614E+1,5.793792E-1,4.774324E-2,
2.925080E+2,-2.731500E+2,-2.731500E+2,-2.731500E+2,0.000000E+0,0.000000E+0,0.000000E+0,1.800122E+3,1.800122E+3,6.069432E+2,3.636593E+1,6.070906E-1,5.008414E-2,
2.999720E+2,-2.731500E+2,-2.731500E+2,-2.731500E+2,0.000000E+0,0.000000E+0,0.000000E+0,1.900091E+3,1.900091E+3,6.338295E+2,3.831087E+1,6.339844E-1,5.276264E-2,
3.074360E+2,-2.731500E+2,-2.731500E+2,-2.731500E+2,0.000000E+0,0.000000E+0,0.000000E+0,2.000024E+3,2.000024E+3,6.598169E+2,4.041930E+1,6.599793E-1,5.566631E-2,
3.148990E+2,-2.731500E+2,-2.731500E+2,-2.731500E+2,0.000000E+0,0.000000E+0,0.000000E+0,2.100189E+3,2.100189E+3,6.849070E+2,4.282203E+1,6.850770E-1,5.897527E-2,
3.223680E+2,-2.731500E+2,-2.731500E+2,-2.731500E+2,0.000000E+0,0.000000E+0,0.000000E+0,2.200105E+3,2.200105E+3,7.087701E+2,4.532268E+1,7.089475E-1,6.241910E-2,
3.298330E+2,-2.731500E+2,-2.731500E+2,-2.731500E+2,0.000000E+0,0.000000E+0,0.000000E+0,2.299948E+3,2.299948E+3,7.312433E+2,4.756184E+1,7.314281E-1,6.550281E-2,
3.372950E+2,-2.731500E+2,-2.731500E+2,-2.731500E+2,0.000000E+0,0.000000E+0,0.000000E+0,2.399953E+3,2.399953E+3,7.520815E+2,4.942508E+1,7.522736E-1,6.806880E-2,
3.447590E+2,-2.731500E+2,-2.731500E+2,-2.731500E+2,0.000000E+0,0.000000E+0,0.000000E+0,2.500154E+3,2.500154E+3,7.711228E+2,5.071627E+1,7.713221E-1,6.984697E-2,
3.522200E+2,-2.731500E+2,-2.731500E+2,-2.731500E+2,0.000000E+0,0.000000E+0,0.000000E+0,2.599998E+3,2.599998E+3,7.882026E+2,5.138638E+1,7.884090E-1,7.076982E-2,
3.596840E+2,-2.731500E+2,-2.731500E+2,-2.731500E+2,0.000000E+0,0.000000E+0,0.000000E+0,2.699967E+3,2.699967E+3,8.033210E+2,5.145176E+1,8.035343E-1,7.085983E-2,
3.671470E+2,-2.731500E+2,-2.731500E+2,-2.731500E+2,0.000000E+0,0.000000E+0,0.000000E+0,2.800043E+3,2.800043E+3,8.165593E+2,5.097774E+1,8.167795E-1,7.020699E-2,
3.746090E+2,-2.731500E+2,-2.731500E+2,-2.731500E+2,0.000000E+0,0.000000E+0,0.000000E+0,2.900172E+3,2.900172E+3,8.280821E+2,5.006248E+1,8.283091E-1,6.894649E-2,
3.820700E+2,-2.731500E+2,-2.731500E+2,-2.731500E+2,0.000000E+0,0.000000E+0,0.000000E+0,2.999927E+3,2.999927E+3,8.378886E+2,4.870597E+1,8.381223E-1,6.707829E-2,
3.895320E+2,-2.731500E+2,-2.731500E+2,-2.731500E+2,0.000000E+0,0.000000E+0,0.000000E+0,3.100003E+3,3.100003E+3,8.462245E+2,4.723492E+1,8.464649E-1,6.505236E-2,
3.969940E+2,-2.731500E+2,-2.731500E+2,-2.731500E+2,0.000000E+0,0.000000E+0,0.000000E+0,3.200115E+3,3.200115E+3,8.533343E+2,4.551879E+1,8.535812E-1,6.268892E-2,
4.044570E+2,-2.731500E+2,-2.731500E+2,-2.731500E+2,0.000000E+0,0.000000E+0,0.000000E+0,3.300030E+3,3.300030E+3,8.593815E+2,4.373727E+1,8.596349E-1,6.023542E-2,
4.119200E+2,-2.731500E+2,-2.731500E+2,-2.731500E+2,0.000000E+0,0.000000E+0,0.000000E+0,3.399999E+3,3.399999E+3,8.644458E+2,4.192313E+1,8.647056E-1,5.773700E-2,
4.193830E+2,-2.731500E+2,-2.731500E+2,-2.731500E+2,0.000000E+0,0.000000E+0,0.000000E+0,3.500182E+3,3.500182E+3,8.687817E+2,4.017414E+1,8.690480E-1,5.532829E-2,
4.268420E+2,-2.731500E+2,-2.731500E+2,-2.731500E+2,0.000000E+0,0.000000E+0,0.000000E+0,3.600079E+3,3.600079E+3,8.724578E+2,3.844163E+1,8.727305E-1,5.294228E-2,
4.343080E+2,-2.731500E+2,-2.731500E+2,-2.731500E+2,0.000000E+0,0.000000E+0,0.000000E+0,3.700048E+3,3.700048E+3,8.756455E+2,3.677451E+1,8.759245E-1,5.064632E-2,
4.417710E+2,-2.731500E+2,-2.731500E+2,-2.731500E+2,0.000000E+0,0.000000E+0,0.000000E+0,3.799874E+3,3.799874E+3,8.782591E+2,3.522179E+1,8.785444E-1,4.850793E-2,
4.492430E+2,-2.731500E+2,-2.731500E+2,-2.731500E+2,0.000000E+0,0.000000E+0,0.000000E+0,3.900183E+3,3.900183E+3,8.806327E+2,3.375083E+1,8.809244E-1,4.648212E-2,
4.567050E+2,-2.731500E+2,-2.731500E+2,-2.731500E+2,0.000000E+0,0.000000E+0,0.000000E+0,3.999990E+3,3.999990E+3,8.826721E+2,3.227987E+1,8.829701E-1,4.445631E-2,
4.641710E+2,-2.731500E+2,-2.731500E+2,-2.731500E+2,0.000000E+0,0.000000E+0,0.000000E+0,4.100013E+3,4.100013E+3,8.843859E+2,3.097232E+1,8.846902E-1,4.265555E-2,
4.716340E+2,-2.731500E+2,-2.731500E+2,-2.731500E+2,0.000000E+0,0.000000E+0,0.000000E+0,4.200089E+3,4.200089E+3,8.859369E+2,2.974651E+1,8.862475E-1,4.096737E-2,
4.790960E+2,-2.731500E+2,-2.731500E+2,-2.731500E+2,0.000000E+0,0.000000E+0,0.000000E+0,4.300147E+3,4.300147E+3,8.873337E+2,2.860246E+1,8.876505E-1,3.939177E-2,
4.865580E+2,-2.731500E+2,-2.731500E+2,-2.731500E+2,0.000000E+0,0.000000E+0,0.000000E+0,4.400080E+3,4.400080E+3,8.885591E+2,2.754007E+1,8.888821E-1,3.792864E-2,
4.940330E+2,-2.731500E+2,-2.731500E+2,-2.731500E+2,0.000000E+0,0.000000E+0,0.000000E+0,4.500067E+3,4.500067E+3,8.896216E+2,2.655943E+1,8.899510E-1,3.657809E-2,
5.015010E+2,-2.731500E+2,-2.731500E+2,-2.731500E+2,0.000000E+0,0.000000E+0,0.000000E+0,4.600268E+3,4.600268E+3,8.905985E+2,2.557879E+1,8.909341E-1,3.522754E-2,
5.089650E+2,-2.731500E+2,-2.731500E+2,-2.731500E+2,0.000000E+0,0.000000E+0,0.000000E+0,4.700076E+3,4.700076E+3,8.914983E+2,2.467989E+1,8.918401E-1,3.398958E-2,
5.164290E+2,-2.731500E+2,-2.731500E+2,-2.731500E+2,0.000000E+0,0.000000E+0,0.000000E+0,4.800134E+3,4.800134E+3,8.922352E+2,2.386266E+1,8.925832E-1,3.286408E-2,
5.238930E+2,-2.731500E+2,-2.731500E+2,-2.731500E+2,0.000000E+0,0.000000E+0,0.000000E+0,4.900175E+3,4.900175E+3,8.928864E+2,2.312718E+1,8.932407E-1,3.185116E-2,
5.313530E+2,-2.731500E+2,-2.731500E+2,-2.731500E+2,0.000000E+0,0.000000E+0,0.000000E+0,5.000161E+3,5.000161E+3,8.935377E+2,2.239170E+1,8.938982E-1,3.083824E-2,
5.388290E+2,-2.731500E+2,-2.731500E+2,-2.731500E+2,0.000000E+0,0.000000E+0,0.000000E+0,5.099969E+3,5.099969E+3,8.941118E+2,2.173788E+1,8.944785E-1,2.993779E-2,
5.462920E+2,-2.731500E+2,-2.731500E+2,-2.731500E+2,0.000000E+0,0.000000E+0,0.000000E+0,5.200045E+3,5.200045E+3,8.946003E+2,2.108415E+1,8.949732E-1,2.903745E-2,
5.537550E+2,-2.731500E+2,-2.731500E+2,-2.731500E+2,0.000000E+0,0.000000E+0,0.000000E+0,5.300050E+3,5.300050E+3,8.951744E+2,2.043033E+1,8.955536E-1,2.813700E-2,
5.612200E+2,-2.731500E+2,-2.731500E+2,-2.731500E+2,0.000000E+0,0.000000E+0,0.000000E+0,5.400055E+3,5.400055E+3,8.955857E+2,1.985826E+1,8.959711E-1,2.734913E-2,
5.686830E+2,-2.731500E+2,-2.731500E+2,-2.731500E+2,0.000000E+0,0.000000E+0,0.000000E+0,5.500059E+3,5.500059E+3,8.959884E+2,1.936794E+1,8.963801E-1,2.667384E-2,
5.761450E+2,-2.731500E+2,-2.731500E+2,-2.731500E+2,0.000000E+0,0.000000E+0,0.000000E+0,5.600207E+3,5.600207E+3,8.963689E+2,1.887762E+1,8.967667E-1,2.599856E-2,
5.836170E+2,-2.731500E+2,-2.731500E+2,-2.731500E+2,0.000000E+0,0.000000E+0,0.000000E+0,5.700051E+3,5.700051E+3,8.967254E+2,1.838730E+1,8.971294E-1,2.532327E-2,
5.910840E+2,-2.731500E+2,-2.731500E+2,-2.731500E+2,0.000000E+0,0.000000E+0,0.000000E+0,5.799948E+3,5.799948E+3,8.970510E+2,1.797864E+1,8.974612E-1,2.476045E-2,
5.985480E+2,-2.731500E+2,-2.731500E+2,-2.731500E+2,0.000000E+0,0.000000E+0,0.000000E+0,5.900060E+3,5.900060E+3,8.973852E+2,1.750467E+1,8.978017E-1,2.410768E-2,
6.060120E+2,-2.731500E+2,-2.731500E+2,-2.731500E+2,0.000000E+0,0.000000E+0,0.000000E+0,6.000154E+3,6.000154E+3,8.976251E+2,1.707974E+1,8.980478E-1,2.352245E-2,
6.134720E+2,-2.731500E+2,-2.731500E+2,-2.731500E+2,0.000000E+0,0.000000E+0,0.000000E+0,6.100123E+3,6.100123E+3,8.978736E+2,1.675284E+1,8.983025E-1,2.307221E-2,
6.209270E+2,-2.731500E+2,-2.731500E+2,-2.731500E+2,0.000000E+0,0.000000E+0,0.000000E+0,6.200038E+3,6.200038E+3,8.981136E+2,1.634426E+1,8.985487E-1,2.250951E-2,
6.283800E+2,-2.731500E+2,-2.731500E+2,-2.731500E+2,0.000000E+0,0.000000E+0,0.000000E+0,6.300078E+3,6.300078E+3,8.983621E+2,1.601735E+1,8.988034E-1,2.205927E-2,
6.358370E+2,-2.731500E+2,-2.731500E+2,-2.731500E+2,0.000000E+0,0.000000E+0,0.000000E+0,6.400047E+3,6.400047E+3,8.986106E+2,1.569044E+1,8.990581E-1,2.160903E-2,
6.432960E+2,-2.731500E+2,-2.731500E+2,-2.731500E+2,0.000000E+0,0.000000E+0,0.000000E+0,6.499980E+3,6.499980E+3,8.987734E+2,1.536362E+1,8.992271E-1,2.115891E-2,
6.507550E+2,-2.731500E+2,-2.731500E+2,-2.731500E+2,0.000000E+0,0.000000E+0,0.000000E+0,6.600253E+3,6.600253E+3,8.989362E+2,1.511846E+1,8.993961E-1,2.082125E-2,
6.582120E+2,-2.731500E+2,-2.731500E+2,-2.731500E+2,0.000000E+0,0.000000E+0,0.000000E+0,6.700025E+3,6.700025E+3,8.991761E+2,1.479155E+1,8.996422E-1,2.037101E-2,
6.656690E+2,-2.731500E+2,-2.731500E+2,-2.731500E+2,0.000000E+0,0.000000E+0,0.000000E+0,6.800029E+3,6.800029E+3,8.993389E+2,1.454639E+1,8.998113E-1,2.003336E-2,
6.731350E+2,-2.731500E+2,-2.731500E+2,-2.731500E+2,0.000000E+0,0.000000E+0,0.000000E+0,6.900123E+3,6.900123E+3,8.995103E+2,1.430123E+1,8.999889E-1,1.969570E-2,
6.805970E+2,-2.731500E+2,-2.731500E+2,-2.731500E+2,0.000000E+0,0.000000E+0,0.000000E+0,7.000307E+3,7.000307E+3,8.996731E+2,1.397432E+1,9.001579E-1,1.924546E-2,
6.880570E+2,-2.731500E+2,-2.731500E+2,-2.731500E+2,0.000000E+0,0.000000E+0,0.000000E+0,7.100240E+3,7.100240E+3,8.998359E+2,1.381091E+1,9.003269E-1,1.902039E-2,
6.955190E+2,-2.731500E+2,-2.731500E+2,-2.731500E+2,0.000000E+0,0.000000E+0,0.000000E+0,7.200066E+3,7.200066E+3,8.999131E+2,1.356575E+1,9.004102E-1,1.868273E-2,
7.029770E+2,-2.731500E+2,-2.731500E+2,-2.731500E+2,0.000000E+0,0.000000E+0,0.000000E+0,7.300213E+3,7.300213E+3,9.000759E+2,1.332059E+1,9.005792E-1,1.834507E-2,
7.104350E+2,-2.731500E+2,-2.731500E+2,-2.731500E+2,0.000000E+0,0.000000E+0,0.000000E+0,7.400182E+3,7.400182E+3,9.001616E+2,1.315709E+1,9.006711E-1,1.811988E-2,
7.178900E+2,-2.731500E+2,-2.731500E+2,-2.731500E+2,0.000000E+0,0.000000E+0,0.000000E+0,7.500008E+3,7.500008E+3,9.003244E+2,1.291193E+1,9.008401E-1,1.778222E-2,
7.253420E+2,-2.731500E+2,-2.731500E+2,-2.731500E+2,0.000000E+0,0.000000E+0,0.000000E+0,7.600013E+3,7.600013E+3,9.004015E+2,1.274852E+1,9.009234E-1,1.755715E-2,
7.328020E+2,-2.731500E+2,-2.731500E+2,-2.731500E+2,0.000000E+0,0.000000E+0,0.000000E+0,7.700268E+3,7.700268E+3,9.004872E+2,1.250336E+1,9.010154E-1,1.721949E-2,
7.402610E+2,-2.731500E+2,-2.731500E+2,-2.731500E+2,0.000000E+0,0.000000E+0,0.000000E+0,7.800004E+3,7.800004E+3,9.005729E+2,1.233995E+1,9.011072E-1,1.699442E-2,
7.477230E+2,-2.731500E+2,-2.731500E+2,-2.731500E+2,0.000000E+0,0.000000E+0,0.000000E+0,7.900169E+3,7.900169E+3,9.006500E+2,1.217645E+1,9.011906E-1,1.676923E-2,
7.551870E+2,-2.731500E+2,-2.731500E+2,-2.731500E+2,0.000000E+0,0.000000E+0,0.000000E+0,8.000174E+3,8.000174E+3,9.007974E+2,1.201304E+1,9.013441E-1,1.654415E-2,
7.638340E+2,-2.731500E+2,-2.731500E+2,-2.731500E+2,0.000000E+0,0.000000E+0,0.000000E+0,7.900026E+3,7.900026E+3,9.006500E+2,1.217645E+1,9.011905E-1,1.676923E-2,
7.712430E+2,-2.731500E+2,-2.731500E+2,-2.731500E+2,0.000000E+0,0.000000E+0,0.000000E+0,7.800075E+3,7.800075E+3,9.006192E+2,1.233995E+1,9.011535E-1,1.699442E-2,
7.787040E+2,-2.731500E+2,-2.731500E+2,-2.731500E+2,0.000000E+0,0.000000E+0,0.000000E+0,7.699981E+3,7.699981E+3,9.004872E+2,1.250336E+1,9.010153E-1,1.721949E-2,
7.861670E+2,-2.731500E+2,-2.731500E+2,-2.731500E+2,0.000000E+0,0.000000E+0,0.000000E+0,7.599941E+3,7.599941E+3,9.003552E+2,1.266677E+1,9.008772E-1,1.744457E-2,
7.936250E+2,-2.731500E+2,-2.731500E+2,-2.731500E+2,0.000000E+0,0.000000E+0,0.000000E+0,7.500008E+3,7.500008E+3,9.003244E+2,1.291193E+1,9.008401E-1,1.778222E-2,
8.010760E+2,-2.731500E+2,-2.731500E+2,-2.731500E+2,0.000000E+0,0.000000E+0,0.000000E+0,7.399896E+3,7.399896E+3,9.000930E+2,1.307543E+1,9.006025E-1,1.800742E-2,
8.085230E+2,-2.731500E+2,-2.731500E+2,-2.731500E+2,0.000000E+0,0.000000E+0,0.000000E+0,7.300035E+3,7.300035E+3,8.999988E+2,1.332059E+1,9.005021E-1,1.834507E-2,
8.159840E+2,-2.731500E+2,-2.731500E+2,-2.731500E+2,0.000000E+0,0.000000E+0,0.000000E+0,7.200030E+3,7.200030E+3,8.998514E+2,1.356575E+1,9.003485E-1,1.868273E-2,
8.234460E+2,-2.731500E+2,-2.731500E+2,-2.731500E+2,0.000000E+0,0.000000E+0,0.000000E+0,7.099900E+3,7.099900E+3,8.997348E+2,1.381091E+1,9.002258E-1,1.902039E-2,
8.309100E+2,-2.731500E+2,-2.731500E+2,-2.731500E+2,0.000000E+0,0.000000E+0,0.000000E+0,7.000021E+3,7.000021E+3,8.995103E+2,1.405607E+1,8.999950E-1,1.935804E-2,
8.383730E+2,-2.731500E+2,-2.731500E+2,-2.731500E+2,0.000000E+0,0.000000E+0,0.000000E+0,6.899819E+3,6.899819E+3,8.994246E+2,1.430123E+1,8.999031E-1,1.969570E-2,
8.458350E+2,-2.731500E+2,-2.731500E+2,-2.731500E+2,0.000000E+0,0.000000E+0,0.000000E+0,6.799958E+3,6.799958E+3,8.992618E+2,1.454639E+1,8.997341E-1,2.003336E-2,
8.532960E+2,-2.731500E+2,-2.731500E+2,-2.731500E+2,0.000000E+0,0.000000E+0,0.000000E+0,6.700114E+3,6.700114E+3,8.990990E+2,1.487330E+1,8.995651E-1,2.048360E-2,
8.607570E+2,-2.731500E+2,-2.731500E+2,-2.731500E+2,0.000000E+0,0.000000E+0,0.000000E+0,6.599967E+3,6.599967E+3,8.989362E+2,1.511846E+1,8.993961E-1,2.082125E-2,
8.682300E+2,-2.731500E+2,-2.731500E+2,-2.731500E+2,0.000000E+0,0.000000E+0,0.000000E+0,6.499891E+3,6.499891E+3,8.986877E+2,1.552703E+1,8.991414E-1,2.138396E-2,
8.756950E+2,-2.731500E+2,-2.731500E+2,-2.731500E+2,0.000000E+0,0.000000E+0,0.000000E+0,6.399886E+3,6.399886E+3,8.984478E+2,1.585394E+1,8.988952E-1,2.183420E-2,
8.831570E+2,-2.731500E+2,-2.731500E+2,-2.731500E+2,0.000000E+0,0.000000E+0,0.000000E+0,6.300114E+3,6.300114E+3,8.982764E+2,1.618077E+1,8.987177E-1,2.228432E-2,
8.906250E+2,-2.731500E+2,-2.731500E+2,-2.731500E+2,0.000000E+0,0.000000E+0,0.000000E+0,6.199787E+3,6.199787E+3,8.980364E+2,1.650767E+1,8.984715E-1,2.273456E-2,
8.980860E+2,-2.731500E+2,-2.731500E+2,-2.731500E+2,0.000000E+0,0.000000E+0,0.000000E+0,6.100087E+3,6.100087E+3,8.977879E+2,1.691633E+1,8.982168E-1,2.329738E-2,
9.055480E+2,-2.731500E+2,-2.731500E+2,-2.731500E+2,0.000000E+0,0.000000E+0,0.000000E+0,5.999939E+3,5.999939E+3,8.974795E+2,1.732491E+1,8.979021E-1,2.386008E-2,
9.130070E+2,-2.731500E+2,-2.731500E+2,-2.731500E+2,0.000000E+0,0.000000E+0,0.000000E+0,5.899988E+3,5.899988E+3,8.972138E+2,1.781523E+1,8.976303E-1,2.453537E-2,
9.204700E+2,-2.731500E+2,-2.731500E+2,-2.731500E+2,0.000000E+0,0.000000E+0,0.000000E+0,5.799858E+3,5.799858E+3,8.968882E+2,1.822380E+1,8.972984E-1,2.509808E-2,
9.279380E+2,-2.731500E+2,-2.731500E+2,-2.731500E+2,0.000000E+0,0.000000E+0,0.000000E+0,5.700104E+3,5.700104E+3,8.964854E+2,1.871412E+1,8.968895E-1,2.577336E-2,
9.354010E+2,-2.731500E+2,-2.731500E+2,-2.731500E+2,0.000000E+0,0.000000E+0,0.000000E+0,5.599939E+3,5.599939E+3,8.961598E+2,1.928619E+1,8.965576E-1,2.656123E-2,
9.428700E+2,-2.731500E+2,-2.731500E+2,-2.731500E+2,0.000000E+0,0.000000E+0,0.000000E+0,5.499916E+3,5.499916E+3,8.958256E+2,1.985826E+1,8.962172E-1,2.734910E-2,
9.503380E+2,-2.731500E+2,-2.731500E+2,-2.731500E+2,0.000000E+0,0.000000E+0,0.000000E+0,5.399894E+3,5.399894E+3,8.953372E+2,2.043033E+1,8.957226E-1,2.813697E-2,
9.578010E+2,-2.731500E+2,-2.731500E+2,-2.731500E+2,0.000000E+0,0.000000E+0,0.000000E+0,5.300032E+3,5.300032E+3,8.949259E+2,2.108415E+1,8.953050E-1,2.903743E-2,
9.652650E+2,-2.731500E+2,-2.731500E+2,-2.731500E+2,0.000000E+0,0.000000E+0,0.000000E+0,5.199813E+3,5.199813E+3,8.944374E+2,2.181963E+1,8.948104E-1,3.005035E-2,
9.727280E+2,-2.731500E+2,-2.731500E+2,-2.731500E+2,0.000000E+0,0.000000E+0,0.000000E+0,5.100041E+3,5.100041E+3,8.938633E+2,2.255511E+1,8.942300E-1,3.106326E-2,
9.801910E+2,-2.731500E+2,-2.731500E+2,-2.731500E+2,0.000000E+0,0.000000E+0,0.000000E+0,5.000036E+3,5.000036E+3,8.932292E+2,2.329059E+1,8.935897E-1,3.207618E-2,
9.876540E+2,-2.731500E+2,-2.731500E+2,-2.731500E+2,0.000000E+0,0.000000E+0,0.000000E+0,4.900032E+3,4.900032E+3,8.925608E+2,2.418949E+1,8.929151E-1,3.331415E-2,
9.951170E+2,-2.731500E+2,-2.731500E+2,-2.731500E+2,0.000000E+0,0.000000E+0,0.000000E+0,4.799795E+3,4.799795E+3,8.918924E+2,2.508846E+1,8.922404E-1,3.455223E-2,
1.002578E+3,-2.731500E+2,-2.731500E+2,-2.731500E+2,0.000000E+0,0.000000E+0,0.000000E+0,4.700023E+3,4.700023E+3,8.910252E+2,2.606911E+1,8.913670E-1,3.590278E-2,
1.010042E+3,-2.731500E+2,-2.731500E+2,-2.731500E+2,0.000000E+0,0.000000E+0,0.000000E+0,4.600072E+3,4.600072E+3,8.901872E+2,2.713150E+1,8.905227E-1,3.736591E-2,
1.017504E+3,-2.731500E+2,-2.731500E+2,-2.731500E+2,0.000000E+0,0.000000E+0,0.000000E+0,4.499817E+3,4.499817E+3,8.891246E+2,2.827555E+1,8.894539E-1,3.894151E-2,
1.024965E+3,-2.731500E+2,-2.731500E+2,-2.731500E+2,0.000000E+0,0.000000E+0,0.000000E+0,4.399955E+3,4.399955E+3,8.879849E+2,2.958310E+1,8.883080E-1,4.074227E-2,
1.032428E+3,-2.731500E+2,-2.731500E+2,-2.731500E+2,0.000000E+0,0.000000E+0,0.000000E+0,4.299915E+3,4.299915E+3,8.867596E+2,3.089065E+1,8.870763E-1,4.254303E-2,
1.039892E+3,-2.731500E+2,-2.731500E+2,-2.731500E+2,0.000000E+0,0.000000E+0,0.000000E+0,4.200089E+3,4.200089E+3,8.852857E+2,3.244337E+1,8.855962E-1,4.468142E-2,
1.047354E+3,-2.731500E+2,-2.731500E+2,-2.731500E+2,0.000000E+0,0.000000E+0,0.000000E+0,4.099852E+3,4.099852E+3,8.836490E+2,3.401234E+1,8.839532E-1,4.684221E-2,
1.054816E+3,-2.731500E+2,-2.731500E+2,-2.731500E+2,0.000000E+0,0.000000E+0,0.000000E+0,3.999812E+3,3.999812E+3,8.818238E+2,3.579386E+1,8.821217E-1,4.929572E-2,
1.062278E+3,-2.731500E+2,-2.731500E+2,-2.731500E+2,0.000000E+0,0.000000E+0,0.000000E+0,3.899896E+3,3.899896E+3,8.796473E+2,3.772248E+1,8.799389E-1,5.195181E-2,
1.069747E+3,-2.731500E+2,-2.731500E+2,-2.731500E+2,0.000000E+0,0.000000E+0,0.000000E+0,3.799856E+3,3.799856E+3,8.772136E+2,3.979818E+1,8.774989E-1,5.481044E-2,
1.077211E+3,-2.731500E+2,-2.731500E+2,-2.731500E+2,0.000000E+0,0.000000E+0,0.000000E+0,3.699887E+3,3.699887E+3,8.744201E+2,4.207020E+1,8.746991E-1,5.793945E-2,
1.084674E+3,-2.731500E+2,-2.731500E+2,-2.731500E+2,0.000000E+0,0.000000E+0,0.000000E+0,3.599865E+3,3.599865E+3,8.711159E+2,4.453815E+1,8.713885E-1,6.133830E-2,
1.092137E+3,-2.731500E+2,-2.731500E+2,-2.731500E+2,0.000000E+0,0.000000E+0,0.000000E+0,3.499985E+3,3.499985E+3,8.673078E+2,4.716959E+1,8.675740E-1,6.496229E-2,
1.099601E+3,-2.731500E+2,-2.731500E+2,-2.731500E+2,0.000000E+0,0.000000E+0,0.000000E+0,3.399856E+3,3.399856E+3,8.628639E+2,5.004613E+1,8.631237E-1,6.892384E-2,
1.107065E+3,-2.731500E+2,-2.731500E+2,-2.731500E+2,0.000000E+0,0.000000E+0,0.000000E+0,3.300030E+3,3.300030E+3,8.576505E+2,5.310251E+1,8.579038E-1,7.313305E-2,
1.114537E+3,-2.731500E+2,-2.731500E+2,-2.731500E+2,0.000000E+0,0.000000E+0,0.000000E+0,3.199954E+3,3.199954E+3,8.515365E+2,5.630594E+1,8.517833E-1,7.754479E-2,
1.122005E+3,-2.731500E+2,-2.731500E+2,-2.731500E+2,0.000000E+0,0.000000E+0,0.000000E+0,3.099895E+3,3.099895E+3,8.444756E+2,5.973828E+1,8.447158E-1,8.227176E-2,
1.129470E+3,-2.731500E+2,-2.731500E+2,-2.731500E+2,0.000000E+0,0.000000E+0,0.000000E+0,2.999891E+3,2.999891E+3,8.361730E+2,6.328494E+1,8.364066E-1,8.715618E-2,
1.136933E+3,-2.731500E+2,-2.731500E+2,-2.731500E+2,0.000000E+0,0.000000E+0,0.000000E+0,2.900047E+3,2.900047E+3,8.266117E+2,6.701141E+1,8.268386E-1,9.228824E-2,
1.144393E+3,-2.731500E+2,-2.731500E+2,-2.731500E+2,0.000000E+0,0.000000E+0,0.000000E+0,2.800096E+3,2.800096E+3,8.155953E+2,7.073788E+1,8.158155E-1,9.742030E-2,
1.151858E+3,-2.731500E+2,-2.731500E+2,-2.731500E+2,0.000000E+0,0.000000E+0,0.000000E+0,2.699895E+3,2.699895E+3,8.029937E+2,7.434991E+1,8.032070E-1,1.023947E-1,
1.159319E+3,-2.731500E+2,-2.731500E+2,-2.731500E+2,0.000000E+0,0.000000E+0,0.000000E+0,2.599837E+3,2.599837E+3,7.888071E+2,7.779858E+1,7.890135E-1,1.071442E-1,
1.166782E+3,-2.731500E+2,-2.731500E+2,-2.731500E+2,0.000000E+0,0.000000E+0,0.000000E+0,2.500011E+3,2.500011E+3,7.729206E+2,8.103471E+1,7.731199E-1,1.116010E-1,
1.174244E+3,-2.731500E+2,-2.731500E+2,-2.731500E+2,0.000000E+0,0.000000E+0,0.000000E+0,2.399899E+3,2.399899E+3,7.555143E+2,8.400968E+1,7.557065E-1,1.156981E-1,
1.181708E+3,-2.731500E+2,-2.731500E+2,-2.731500E+2,0.000000E+0,0.000000E+0,0.000000E+0,2.300020E+3,2.300020E+3,7.363265E+2,8.664098E+1,7.365115E-1,1.193219E-1,
1.189171E+3,-2.731500E+2,-2.731500E+2,-2.731500E+2,0.000000E+0,0.000000E+0,0.000000E+0,2.199979E+3,2.199979E+3,7.157976E+2,8.878221E+1,7.159754E-1,1.222708E-1,
1.196634E+3,-2.731500E+2,-2.731500E+2,-2.731500E+2,0.000000E+0,0.000000E+0,0.000000E+0,2.100100E+3,2.100100E+3,6.938146E+2,9.046517E+1,6.939850E-1,1.245885E-1,
1.204095E+3,-2.731500E+2,-2.731500E+2,-2.731500E+2,0.000000E+0,0.000000E+0,0.000000E+0,1.999899E+3,1.999899E+3,6.704425E+2,9.161000E+1,6.706055E-1,1.261652E-1,
1.211557E+3,-2.731500E+2,-2.731500E+2,-2.731500E+2,0.000000E+0,0.000000E+0,0.000000E+0,1.900019E+3,1.900019E+3,6.459238E+2,9.210015E+1,6.460794E-1,1.268403E-1,
1.219019E+3,-2.731500E+2,-2.731500E+2,-2.731500E+2,0.000000E+0,0.000000E+0,0.000000E+0,1.799979E+3,1.799979E+3,6.201816E+2,9.185507E+1,6.203296E-1,1.265028E-1,
1.226484E+3,-2.731500E+2,-2.731500E+2,-2.731500E+2,0.000000E+0,0.000000E+0,0.000000E+0,1.699778E+3,1.699778E+3,5.933776E+2,9.062884E+1,5.935180E-1,1.248141E-1,
1.233947E+3,-2.731500E+2,-2.731500E+2,-2.731500E+2,0.000000E+0,0.000000E+0,0.000000E+0,1.599916E+3,1.599916E+3,5.655110E+2,8.855342E+1,5.656438E-1,1.219558E-1,
1.241418E+3,-2.731500E+2,-2.731500E+2,-2.731500E+2,0.000000E+0,0.000000E+0,0.000000E+0,1.499876E+3,1.499876E+3,5.367447E+2,8.557866E+1,5.368698E-1,1.178591E-1,
1.248878E+3,-2.731500E+2,-2.731500E+2,-2.731500E+2,0.000000E+0,0.000000E+0,0.000000E+0,1.400050E+3,1.400050E+3,5.070804E+2,8.183556E+1,5.071978E-1,1.127042E-1,
1.256343E+3,-2.731500E+2,-2.731500E+2,-2.731500E+2,0.000000E+0,0.000000E+0,0.000000E+0,1.299956E+3,1.299956E+3,4.765986E+2,7.730824E+1,4.767082E-1,1.064693E-1,
1.263803E+3,-2.731500E+2,-2.731500E+2,-2.731500E+2,0.000000E+0,0.000000E+0,0.000000E+0,1.199898E+3,1.199898E+3,4.453807E+2,7.225788E+1,4.454824E-1,9.951403E-2,
1.271266E+3,-2.731500E+2,-2.731500E+2,-2.731500E+2,0.000000E+0,0.000000E+0,0.000000E+0,1.100054E+3,1.100054E+3,4.137060E+2,6.676627E+1,4.138000E-1,9.195111E-2,
1.278729E+3,-2.731500E+2,-2.731500E+2,-2.731500E+2,0.000000E+0,0.000000E+0,0.000000E+0,9.998170E+2,9.998170E+2,3.813938E+2,6.096406E+1,3.814799E-1,8.396044E-2,
1.287281E+3,-2.731500E+2,-2.731500E+2,-2.731500E+2,0.000000E+0,0.000000E+0,0.000000E+0,9.499220E+2,9.499220E+2,3.649678E+2,5.745008E+1,3.650499E-1,7.912106E-2,
1.294742E+3,-2.731500E+2,-2.731500E+2,-2.731500E+2,0.000000E+0,0.000000E+0,0.000000E+0,9.000091E+2,9.000091E+2,3.485418E+2,5.426291E+1,3.486200E-1,7.473176E-2,
1.302217E+3,-2.731500E+2,-2.731500E+2,-2.731500E+2,0.000000E+0,0.000000E+0,0.000000E+0,8.498816E+2,8.498816E+2,3.319513E+2,5.120662E+1,3.320255E-1,7.052271E-2,
1.309685E+3,-2.731500E+2,-2.731500E+2,-2.731500E+2,0.000000E+0,0.000000E+0,0.000000E+0,7.999151E+2,7.999151E+2,3.153616E+2,4.826464E+1,3.154318E-1,6.647108E-2,
1.317148E+3,-2.731500E+2,-2.731500E+2,-2.731500E+2,0.000000E+0,0.000000E+0,0.000000E+0,7.500738E+2,7.500738E+2,2.986905E+2,4.556784E+1,2.987568E-1,6.275711E-2,
1.324610E+3,-2.731500E+2,-2.731500E+2,-2.731500E+2,0.000000E+0,0.000000E+0,0.000000E+0,7.000357E+2,7.000357E+2,2.819380E+2,4.303449E+1,2.820003E-1,5.926824E-2,
1.332072E+3,-2.731500E+2,-2.731500E+2,-2.731500E+2,0.000000E+0,0.000000E+0,0.000000E+0,6.497830E+2,6.497830E+2,2.649405E+2,4.053366E+1,2.649988E-1,5.582416E-2,
1.339533E+3,-2.731500E+2,-2.731500E+2,-2.731500E+2,0.000000E+0,0.000000E+0,0.000000E+0,5.999417E+2,5.999417E+2,2.480243E+2,3.818014E+1,2.480786E-1,5.258294E-2,
1.347006E+3,-2.731500E+2,-2.731500E+2,-2.731500E+2,0.000000E+0,0.000000E+0,0.000000E+0,5.499573E+2,5.499573E+2,2.311081E+2,3.595736E+1,2.311585E-1,4.952179E-2,
1.354467E+3,-2.731500E+2,-2.731500E+2,-2.731500E+2,0.000000E+0,0.000000E+0,0.000000E+0,4.999729E+2,4.999729E+2,2.139460E+2,3.375083E+1,2.139924E-1,4.648301E-2,
1.361930E+3,-2.731500E+2,-2.731500E+2,-2.731500E+2,0.000000E+0,0.000000E+0,0.000000E+0,4.500958E+2,4.500958E+2,1.967848E+2,3.162614E+1,1.968272E-1,4.355693E-2,
1.369391E+3,-2.731500E+2,-2.731500E+2,-2.731500E+2,0.000000E+0,0.000000E+0,0.000000E+0,3.999862E+2,3.999862E+2,1.794599E+2,2.958310E+1,1.794983E-1,4.074331E-2,
1.376855E+3,-2.731500E+2,-2.731500E+2,-2.731500E+2,0.000000E+0,0.000000E+0,0.000000E+0,3.499839E+2,3.499839E+2,1.620692E+2,2.762182E+1,1.621036E-1,3.804228E-2,
1.384317E+3,-2.731500E+2,-2.731500E+2,-2.731500E+2,0.000000E+0,0.000000E+0,0.000000E+0,2.998385E+2,2.998385E+2,1.445650E+2,2.566053E+1,1.445954E-1,3.534125E-2,
1.391780E+3,-2.731500E+2,-2.731500E+2,-2.731500E+2,0.000000E+0,0.000000E+0,0.000000E+0,2.498362E+2,2.498362E+2,1.269621E+2,2.369916E+1,1.269885E-1,3.264010E-2,
1.399253E+3,-2.731500E+2,-2.731500E+2,-2.731500E+2,0.000000E+0,0.000000E+0,0.000000E+0,1.999412E+2,1.999412E+2,1.092614E+2,2.181963E+1,1.092837E-1,3.005165E-2,
1.406719E+3,-2.731500E+2,-2.731500E+2,-2.731500E+2,0.000000E+0,0.000000E+0,0.000000E+0,1.499210E+2,1.499210E+2,9.144633E+1,1.985826E+1,9.146464E-2,2.735050E-2,
1.414182E+3,-2.731500E+2,-2.731500E+2,-2.731500E+2,0.000000E+0,0.000000E+0,0.000000E+0,9.995452E+1,9.995452E+1,7.346735E+1,1.781523E+1,7.348163E-2,2.453689E-2,
1.422635E+3,-2.731500E+2,-2.731500E+2,-2.731500E+2,0.000000E+0,0.000000E+0,0.000000E+0,8.985033E+1,8.985033E+1,6.978994E+1,1.740665E+1,6.980340E-2,2.397421E-2,
1.430010E+3,-2.731500E+2,-2.731500E+2,-2.731500E+2,0.000000E+0,0.000000E+0,0.000000E+0,7.997863E+1,7.997863E+1,6.619420E+1,1.707974E+1,6.620686E-2,2.352400E-2,
1.437374E+3,-2.731500E+2,-2.731500E+2,-2.731500E+2,0.000000E+0,0.000000E+0,0.000000E+0,6.994598E+1,6.994598E+1,6.259845E+1,1.658942E+1,6.261031E-2,2.284874E-2,
1.444736E+3,-2.731500E+2,-2.731500E+2,-2.731500E+2,0.000000E+0,0.000000E+0,0.000000E+0,5.991334E+1,5.991334E+1,5.883930E+1,1.609910E+1,5.885033E-2,2.217348E-2,
1.452049E+3,-2.731500E+2,-2.731500E+2,-2.731500E+2,0.000000E+0,0.000000E+0,0.000000E+0,5.011317E+1,5.011317E+1,5.524364E+1,1.569044E+1,5.525388E-2,2.161069E-2,
1.459461E+3,-2.731500E+2,-2.731500E+2,-2.731500E+2,0.000000E+0,0.000000E+0,0.000000E+0,3.991957E+1,3.991957E+1,5.156614E+1,1.528187E+1,5.157556E-2,2.104801E-2,
1.466824E+3,-2.731500E+2,-2.731500E+2,-2.731500E+2,0.000000E+0,0.000000E+0,0.000000E+0,3.010152E+1,3.010152E+1,4.782334E+1,1.479155E+1,4.783195E-2,2.037276E-2,
1.474237E+3,-2.731500E+2,-2.731500E+2,-2.731500E+2,0.000000E+0,0.000000E+0,0.000000E+0,1.981851E+1,1.981851E+1,4.406418E+1,1.430123E+1,4.407196E-2,1.969750E-2,
1.481599E+3,-2.731500E+2,-2.731500E+2,-2.731500E+2,0.000000E+0,0.000000E+0,0.000000E+0,1.000046E+1,1.000046E+1,4.037025E+1,1.381091E+1,4.037723E-2,1.902224E-2,
1.488960E+3,-2.731500E+2,-2.731500E+2,-2.731500E+2,0.000000E+0,0.000000E+0,0.000000E+0,-3.219030E-2,-3.219030E-2,3.661109E+1,1.323884E+1,3.661726E-2,1.823440E-2,
1.496324E+3,-2.731500E+2,-2.731500E+2,-2.731500E+2,0.000000E+0,0.000000E+0,0.000000E+0,-1.001119E+1,-1.001119E+1,3.286829E+1,1.266677E+1,3.287364E-2,1.744656E-2,
1.503687E+3,-2.731500E+2,-2.731500E+2,-2.731500E+2,0.000000E+0,0.000000E+0,0.000000E+0,-1.993654E+1,-1.993654E+1,2.917453E+1,1.209479E+1,2.917908E-2,1.665883E-2,
1.511100E+3,-2.731500E+2,-2.731500E+2,-2.731500E+2,0.000000E+0,0.000000E+0,0.000000E+0,-3.011225E+1,-3.011225E+1,2.525188E+1,1.144097E+1,2.525559E-2,1.575841E-2,
1.518464E+3,-2.731500E+2,-2.731500E+2,-2.731500E+2,0.000000E+0,0.000000E+0,0.000000E+0,-3.998395E+1,-3.998395E+1,2.141106E+1,1.062382E+1,2.141396E-2,1.463305E-2,
1.525878E+3,-2.731500E+2,-2.731500E+2,-2.731500E+2,0.000000E+0,0.000000E+0,0.000000E+0,-5.010602E+1,-5.010602E+1,1.740665E+1,9.479683E+0,1.740872E-2,1.305737E-2,
1.533240E+3,-2.731500E+2,-2.731500E+2,-2.731500E+2,0.000000E+0,0.000000E+0,0.000000E+0,-6.004925E+1,-6.004925E+1,1.350035E+1,8.499007E+0,1.350160E-2,1.170680E-2,
1.540604E+3,-2.731500E+2,-2.731500E+2,-2.731500E+2,0.000000E+0,0.000000E+0,0.000000E+0,-7.004613E+1,-7.004613E+1,9.561346E+0,7.518356E+0,9.561768E-3,1.035627E-2,
1.547968E+3,-2.731500E+2,-2.731500E+2,-2.731500E+2,0.000000E+0,0.000000E+0,0.000000E+0,-8.007878E+1,-8.007878E+1,5.557055E+0,6.374268E+0,5.556647E-3,8.780656E-3,
1.555331E+3,-2.731500E+2,-2.731500E+2,-2.731500E+2,0.000000E+0,0.000000E+0,0.000000E+0,-8.995048E+1,-8.995048E+1,1.552703E+0,5.148431E+0,1.551475E-3,7.092458E-3,
1.562754E+3,-2.731500E+2,-2.731500E+2,-2.731500E+2,0.000000E+0,0.000000E+0,0.000000E+0,-1.001262E+2,-1.001262E+2,-2.696809E+0,3.759182E+0,-2.698888E-3,5.179213E-3,
1.571307E+3,-2.731500E+2,-2.731500E+2,-2.731500E+2,0.000000E+0,0.000000E+0,0.000000E+0,-1.499318E+2,-1.499318E+2,-2.394433E+1,-3.644770E+0,-2.395059E-2,-5.017362E-3,
1.578771E+3,-2.731500E+2,-2.731500E+2,-2.731500E+2,0.000000E+0,0.000000E+0,0.000000E+0,-2.000056E+2,-2.000056E+2,-4.649944E+1,-1.086898E+1,-4.650998E-2,-1.496640E-2,
1.586234E+3,-2.731500E+2,-2.731500E+2,-2.731500E+2,0.000000E+0,0.000000E+0,0.000000E+0,-2.500794E+2,-2.500794E+2,-7.215980E+1,-1.675284E+1,-7.217478E-2,-2.306952E-2,
1.593696E+3,-2.731500E+2,-2.731500E+2,-2.731500E+2,0.000000E+0,0.000000E+0,0.000000E+0,-2.999565E+2,-2.999565E+2,-1.002725E+2,-2.206479E+1,-1.002920E-1,-3.038504E-2,
1.601169E+3,-2.731500E+2,-2.731500E+2,-2.731500E+2,0.000000E+0,0.000000E+0,0.000000E+0,-3.502092E+2,-3.502092E+2,-1.270764E+2,-2.606911E+1,-1.271005E-1,-3.589970E-2,
1.608631E+3,-2.731500E+2,-2.731500E+2,-2.731500E+2,0.000000E+0,0.000000E+0,0.000000E+0,-4.001221E+2,-4.001221E+2,-1.515111E+2,-2.868421E+1,-1.515395E-1,-3.950115E-2,
1.616095E+3,-2.731500E+2,-2.731500E+2,-2.731500E+2,0.000000E+0,0.000000E+0,0.000000E+0,-4.499813E+2,-4.499813E+2,-1.730862E+2,-3.072716E+1,-1.731189E-1,-4.231465E-2,
1.623558E+3,-2.731500E+2,-2.731500E+2,-2.731500E+2,0.000000E+0,0.000000E+0,0.000000E+0,-5.001267E+2,-5.001267E+2,-1.930749E+2,-3.227987E+1,-1.931117E-1,-4.445300E-2,
1.631019E+3,-2.731500E+2,-2.731500E+2,-2.731500E+2,0.000000E+0,0.000000E+0,0.000000E+0,-5.500395E+2,-5.500395E+2,-2.122305E+2,-3.366917E+1,-2.122714E-1,-4.636631E-2,
1.638478E+3,-2.731500E+2,-2.731500E+2,-2.731500E+2,0.000000E+0,0.000000E+0,0.000000E+0,-6.001134E+2,-6.001134E+2,-2.306171E+2,-3.489497E+1,-2.306620E-1,-4.805445E-2,
1.645942E+3,-2.731500E+2,-2.731500E+2,-2.731500E+2,0.000000E+0,0.000000E+0,0.000000E+0,-6.500620E+2,-6.500620E+2,-2.486781E+2,-3.603902E+1,-2.487271E-1,-4.963001E-2,
1.653404E+3,-2.731500E+2,-2.731500E+2,-2.731500E+2,0.000000E+0,0.000000E+0,0.000000E+0,-7.001895E+2,-7.001895E+2,-2.663295E+2,-3.701967E+1,-2.663825E-1,-5.098052E-2,
1.660866E+3,-2.731500E+2,-2.731500E+2,-2.731500E+2,0.000000E+0,0.000000E+0,0.000000E+0,-7.502276E+2,-7.502276E+2,-2.837358E+2,-3.783690E+1,-2.837928E-1,-5.210598E-2,
1.668329E+3,-2.731500E+2,-2.731500E+2,-2.731500E+2,0.000000E+0,0.000000E+0,0.000000E+0,-8.000868E+2,-8.000868E+2,-3.009135E+2,-3.857238E+1,-3.009745E-1,-5.311886E-2,
1.675793E+3,-2.731500E+2,-2.731500E+2,-2.731500E+2,0.000000E+0,0.000000E+0,0.000000E+0,-8.501248E+2,-8.501248E+2,-3.178955E+2,-3.930786E+1,-3.179604E-1,-5.413174E-2,
1.683256E+3,-2.731500E+2,-2.731500E+2,-2.731500E+2,0.000000E+0,0.000000E+0,0.000000E+0,-9.000556E+2,-9.000556E+2,-3.346646E+2,-4.004334E+1,-3.347335E-1,-5.514461E-2,
1.690719E+3,-2.731500E+2,-2.731500E+2,-2.731500E+2,0.000000E+0,0.000000E+0,0.000000E+0,-9.499685E+2,-9.499685E+2,-3.513208E+2,-4.061541E+1,-3.513936E-1,-5.593245E-2,
1.698185E+3,-2.731500E+2,-2.731500E+2,-2.731500E+2,0.000000E+0,0.000000E+0,0.000000E+0,-1.000042E+3,-1.000042E+3,-3.678117E+2,-4.126914E+1,-3.678886E-1,-5.683274E-2,
1.706887E+3,-2.731500E+2,-2.731500E+2,-2.731500E+2,0.000000E+0,0.000000E+0,0.000000E+0,-1.100118E+3,-1.100118E+3,-4.002715E+2,-4.241346E+1,-4.003562E-1,-5.840864E-2,
1.714253E+3,-2.731500E+2,-2.731500E+2,-2.731500E+2,0.000000E+0,0.000000E+0,0.000000E+0,-1.200212E+3,-1.200212E+3,-4.321423E+2,-4.372092E+1,-4.322349E-1,-6.020923E-2,
1.721719E+3,-2.731500E+2,-2.731500E+2,-2.731500E+2,0.000000E+0,0.000000E+0,0.000000E+0,-1.299949E+3,-1.299949E+3,-4.632780E+2,-4.515927E+1,-4.633783E-1,-6.219007E-2,
1.729181E+3,-2.731500E+2,-2.731500E+2,-2.731500E+2,0.000000E+0,0.000000E+0,0.000000E+0,-1.400150E+3,-1.400150E+3,-4.938412E+2,-4.682634E+1,-4.939494E-1,-6.448591E-2,
1.736643E+3,-2.731500E+2,-2.731500E+2,-2.731500E+2,0.000000E+0,0.000000E+0,0.000000E+0,-1.500155E+3,-1.500155E+3,-5.236692E+2,-4.878763E+1,-5.237851E-1,-6.718693E-2,
1.744105E+3,-2.731500E+2,-2.731500E+2,-2.731500E+2,0.000000E+0,0.000000E+0,0.000000E+0,-1.600177E+3,-1.600177E+3,-5.527620E+2,-5.122297E+1,-5.528856E-1,-7.054081E-2,
1.751570E+3,-2.731500E+2,-2.731500E+2,-2.731500E+2,0.000000E+0,0.000000E+0,0.000000E+0,-1.700003E+3,-1.700003E+3,-5.812010E+2,-5.424659E+1,-5.813322E-1,-7.470486E-2,
1.759031E+3,-2.731500E+2,-2.731500E+2,-2.731500E+2,0.000000E+0,0.000000E+0,0.000000E+0,-1.800168E+3,-1.800168E+3,-6.090675E+2,-5.779327E+1,-6.092064E-1,-7.958926E-2,
1.766494E+3,-2.731500E+2,-2.731500E+2,-2.731500E+2,0.000000E+0,0.000000E+0,0.000000E+0,-1.900137E+3,-1.900137E+3,-6.360360E+2,-6.174859E+1,-6.361826E-1,-8.503643E-2,
1.773956E+3,-2.731500E+2,-2.731500E+2,-2.731500E+2,0.000000E+0,0.000000E+0,0.000000E+0,-2.000160E+3,-2.000160E+3,-6.621048E+2,-6.578559E+1,-6.622589E-1,-9.059608E-2,
1.781418E+3,-2.731500E+2,-2.731500E+2,-2.731500E+2,0.000000E+0,0.000000E+0,0.000000E+0,-2.100146E+3,-2.100146E+3,-6.870322E+2,-6.934864E+1,-6.871937E-1,-9.550302E-2,
1.788878E+3,-2.731500E+2,-2.731500E+2,-2.731500E+2,0.000000E+0,0.000000E+0,0.000000E+0,-2.200169E+3,-2.200169E+3,-7.104042E+2,-7.224151E+1,-7.105732E-1,-9.948701E-2,
1.796340E+3,-2.731500E+2,-2.731500E+2,-2.731500E+2,0.000000E+0,0.000000E+0,0.000000E+0,-2.300102E+3,-2.300102E+3,-7.322236E+2,-7.448067E+1,-7.323999E-1,-1.025707E-1,
1.803803E+3,-2.731500E+2,-2.731500E+2,-2.731500E+2,0.000000E+0,0.000000E+0,0.000000E+0,-2.399999E+3,-2.399999E+3,-7.523275E+2,-7.582089E+1,-7.525110E-1,-1.044164E-1,
1.811266E+3,-2.731500E+2,-2.731500E+2,-2.731500E+2,0.000000E+0,0.000000E+0,0.000000E+0,-2.500183E+3,-2.500183E+3,-7.705504E+2,-7.626221E+1,-7.707411E-1,-1.050242E-1,
1.818727E+3,-2.731500E+2,-2.731500E+2,-2.731500E+2,0.000000E+0,0.000000E+0,0.000000E+0,-2.600098E+3,-2.600098E+3,-7.868950E+2,-7.586992E+1,-7.870927E-1,-1.044839E-1,
1.826190E+3,-2.731500E+2,-2.731500E+2,-2.731500E+2,0.000000E+0,0.000000E+0,0.000000E+0,-2.700085E+3,-2.700085E+3,-8.013433E+2,-7.479123E+1,-8.015480E-1,-1.029983E-1,
1.833654E+3,-2.731500E+2,-2.731500E+2,-2.731500E+2,0.000000E+0,0.000000E+0,0.000000E+0,-2.800196E+3,-2.800196E+3,-8.140263E+2,-7.315679E+1,-8.142379E-1,-1.007474E-1,
1.841118E+3,-2.731500E+2,-2.731500E+2,-2.731500E+2,0.000000E+0,0.000000E+0,0.000000E+0,-2.900219E+3,-2.900219E+3,-8.249767E+2,-7.106474E+1,-8.251950E-1,-9.786620E-2,
1.848580E+3,-2.731500E+2,-2.731500E+2,-2.731500E+2,0.000000E+0,0.000000E+0,0.000000E+0,-2.999991E+3,-2.999991E+3,-8.343744E+2,-6.872755E+1,-8.345994E-1,-9.464743E-2,
1.856041E+3,-2.731500E+2,-2.731500E+2,-2.731500E+2,0.000000E+0,0.000000E+0,0.000000E+0,-3.100067E+3,-3.100067E+3,-8.424653E+2,-6.616150E+1,-8.426969E-1,-9.111349E-2,
1.863518E+3,-2.731500E+2,-2.731500E+2,-2.731500E+2,0.000000E+0,0.000000E+0,0.000000E+0,-3.200108E+3,-3.200108E+3,-8.494928E+2,-6.354643E+1,-8.497309E-1,-8.751204E-2,
1.870981E+3,-2.731500E+2,-2.731500E+2,-2.731500E+2,0.000000E+0,0.000000E+0,0.000000E+0,-3.300094E+3,-3.300094E+3,-8.553771E+2,-6.091503E+1,-8.556218E-1,-8.388809E-2,
1.878443E+3,-2.731500E+2,-2.731500E+2,-2.731500E+2,0.000000E+0,0.000000E+0,0.000000E+0,-3.400063E+3,-3.400063E+3,-8.605297E+2,-5.826731E+1,-8.607808E-1,-8.024168E-2,
1.885907E+3,-2.731500E+2,-2.731500E+2,-2.731500E+2,0.000000E+0,0.000000E+0,0.000000E+0,-3.500121E+3,-3.500121E+3,-8.649342E+2,-5.581562E+1,-8.651918E-1,-7.686523E-2,
1.893369E+3,-2.731500E+2,-2.731500E+2,-2.731500E+2,0.000000E+0,0.000000E+0,0.000000E+0,-3.600126E+3,-3.600126E+3,-8.686960E+2,-5.336402E+1,-8.689600E-1,-7.348890E-2,
1.900832E+3,-2.731500E+2,-2.731500E+2,-2.731500E+2,0.000000E+0,0.000000E+0,0.000000E+0,-3.700130E+3,-3.700130E+3,-8.719694E+2,-5.107582E+1,-8.722397E-1,-7.033761E-2,
1.908307E+3,-2.731500E+2,-2.731500E+2,-2.731500E+2,0.000000E+0,0.000000E+0,0.000000E+0,-3.800010E+3,-3.800010E+3,-8.748229E+2,-4.886938E+1,-8.750995E-1,-6.729891E-2,
1.915773E+3,-2.731500E+2,-2.731500E+2,-2.731500E+2,0.000000E+0,0.000000E+0,0.000000E+0,-3.900140E+3,-3.900140E+3,-8.772822E+2,-4.682634E+1,-8.775652E-1,-6.448526E-2,
1.923239E+3,-2.731500E+2,-2.731500E+2,-2.731500E+2,0.000000E+0,0.000000E+0,0.000000E+0,-4.000198E+3,-4.000198E+3,-8.794844E+2,-4.486506E+1,-8.797737E-1,-6.178419E-2,
1.930699E+3,-2.731500E+2,-2.731500E+2,-2.731500E+2,0.000000E+0,0.000000E+0,0.000000E+0,-4.099988E+3,-4.099988E+3,-8.813611E+2,-4.306719E+1,-8.816567E-1,-5.930816E-2,
1.938163E+3,-2.731500E+2,-2.731500E+2,-2.731500E+2,0.000000E+0,0.000000E+0,0.000000E+0,-4.200153E+3,-4.200153E+3,-8.830834E+2,-4.135089E+1,-8.833853E-1,-5.694449E-2,
1.945635E+3,-2.731500E+2,-2.731500E+2,-2.731500E+2,0.000000E+0,0.000000E+0,0.000000E+0,-4.300247E+3,-4.300247E+3,-8.846344E+2,-3.971652E+1,-8.849426E-1,-5.469363E-2,
1.953098E+3,-2.731500E+2,-2.731500E+2,-2.731500E+2,0.000000E+0,0.000000E+0,0.000000E+0,-4.400091E+3,-4.400091E+3,-8.859369E+2,-3.824547E+1,-8.862514E-1,-5.266770E-2,
1.960561E+3,-2.731500E+2,-2.731500E+2,-2.731500E+2,0.000000E+0,0.000000E+0,0.000000E+0,-4.500042E+3,-4.500042E+3,-8.872480E+2,-3.685626E+1,-8.875687E-1,-5.075448E-2,
1.968024E+3,-2.731500E+2,-2.731500E+2,-2.731500E+2,0.000000E+0,0.000000E+0,0.000000E+0,-4.600225E+3,-4.600225E+3,-8.882763E+2,-3.554870E+1,-8.886032E-1,-4.895371E-2,
1.975485E+3,-2.731500E+2,-2.731500E+2,-2.731500E+2,0.000000E+0,0.000000E+0,0.000000E+0,-4.700069E+3,-4.700069E+3,-8.892874E+2,-3.432290E+1,-8.896206E-1,-4.726553E-2,
1.982948E+3,-2.731500E+2,-2.731500E+2,-2.731500E+2,0.000000E+0,0.000000E+0,0.000000E+0,-4.800163E+3,-4.800163E+3,-8.901872E+2,-3.309710E+1,-8.905266E-1,-4.557736E-2,
1.990412E+3,-2.731500E+2,-2.731500E+2,-2.731500E+2,0.000000E+0,0.000000E+0,0.000000E+0,-4.900239E+3,-4.900239E+3,-8.910098E+2,-3.203471E+1,-8.913555E-1,-4.411422E-2,
1.997873E+3,-2.731500E+2,-2.731500E+2,-2.731500E+2,0.000000E+0,0.000000E+0,0.000000E+0,-5.000154E+3,-5.000154E+3,-8.917468E+2,-3.097232E+1,-8.920987E-1,-4.265109E-2,
2.005336E+3,-2.731500E+2,-2.731500E+2,-2.731500E+2,0.000000E+0,0.000000E+0,0.000000E+0,-5.100141E+3,-5.100141E+3,-8.923980E+2,-2.999168E+1,-8.927561E-1,-4.130054E-2,
2.012797E+3,-2.731500E+2,-2.731500E+2,-2.731500E+2,0.000000E+0,0.000000E+0,0.000000E+0,-5.199985E+3,-5.199985E+3,-8.929721E+2,-2.912548E+1,-8.933365E-1,-4.010761E-2,
2.020260E+3,-2.731500E+2,-2.731500E+2,-2.731500E+2,0.000000E+0,0.000000E+0,0.000000E+0,-5.300240E+3,-5.300240E+3,-8.935377E+2,-2.827555E+1,-8.939083E-1,-3.893708E-2,
2.027722E+3,-2.731500E+2,-2.731500E+2,-2.731500E+2,0.000000E+0,0.000000E+0,0.000000E+0,-5.400101E+3,-5.400101E+3,-8.941118E+2,-2.745832E+1,-8.944886E-1,-3.781158E-2,
2.035185E+3,-2.731500E+2,-2.731500E+2,-2.731500E+2,0.000000E+0,0.000000E+0,0.000000E+0,-5.500070E+3,-5.500070E+3,-8.946003E+2,-2.672284E+1,-8.949833E-1,-3.679866E-2,
2.042647E+3,-2.731500E+2,-2.731500E+2,-2.731500E+2,0.000000E+0,0.000000E+0,0.000000E+0,-5.600236E+3,-5.600236E+3,-8.950116E+2,-2.598736E+1,-8.954008E-1,-3.578574E-2,
2.050107E+3,-2.731500E+2,-2.731500E+2,-2.731500E+2,0.000000E+0,0.000000E+0,0.000000E+0,-5.700133E+3,-5.700133E+3,-8.954229E+2,-2.525188E+1,-8.958183E-1,-3.477282E-2,
2.057570E+3,-2.731500E+2,-2.731500E+2,-2.731500E+2,0.000000E+0,0.000000E+0,0.000000E+0,-5.800012E+3,-5.800012E+3,-8.958256E+2,-2.467989E+1,-8.962273E-1,-3.398507E-2,
2.065032E+3,-2.731500E+2,-2.731500E+2,-2.731500E+2,0.000000E+0,0.000000E+0,0.000000E+0,-5.900124E+3,-5.900124E+3,-8.961598E+2,-2.402607E+1,-8.965677E-1,-3.308462E-2,
2.072495E+3,-2.731500E+2,-2.731500E+2,-2.731500E+2,0.000000E+0,0.000000E+0,0.000000E+0,-6.000164E+3,-6.000164E+3,-8.964854E+2,-2.345400E+1,-8.968995E-1,-3.229675E-2,
2.079957E+3,-2.731500E+2,-2.731500E+2,-2.731500E+2,0.000000E+0,0.000000E+0,0.000000E+0,-6.100205E+3,-6.100205E+3,-8.967939E+2,-2.288202E+1,-8.972142E-1,-3.150900E-2,
2.087420E+3,-2.731500E+2,-2.731500E+2,-2.731500E+2,0.000000E+0,0.000000E+0,0.000000E+0,-6.199977E+3,-6.199977E+3,-8.971367E+2,-2.239170E+1,-8.975632E-1,-3.083371E-2,
2.094931E+3,-2.731500E+2,-2.731500E+2,-2.731500E+2,0.000000E+0,0.000000E+0,0.000000E+0,-6.300125E+3,-6.300125E+3,-8.973852E+2,-2.190138E+1,-8.978179E-1,-3.015842E-2,
2.102407E+3,-2.731500E+2,-2.731500E+2,-2.731500E+2,0.000000E+0,0.000000E+0,0.000000E+0,-6.400093E+3,-6.400093E+3,-8.977108E+2,-2.141106E+1,-8.981498E-1,-2.948313E-2,
2.109871E+3,-2.731500E+2,-2.731500E+2,-2.731500E+2,0.000000E+0,0.000000E+0,0.000000E+0,-6.500026E+3,-6.500026E+3,-8.978736E+2,-2.092065E+1,-8.983188E-1,-2.880773E-2,
2.117334E+3,-2.731500E+2,-2.731500E+2,-2.731500E+2,0.000000E+0,0.000000E+0,0.000000E+0,-6.600210E+3,-6.600210E+3,-8.981136E+2,-2.051199E+1,-8.985649E-1,-2.824491E-2,
2.124797E+3,-2.731500E+2,-2.731500E+2,-2.731500E+2,0.000000E+0,0.000000E+0,0.000000E+0,-6.700214E+3,-6.700214E+3,-8.983621E+2,-2.010342E+1,-8.988196E-1,-2.768220E-2,
2.132261E+3,-2.731500E+2,-2.731500E+2,-2.731500E+2,0.000000E+0,0.000000E+0,0.000000E+0,-6.800040E+3,-6.800040E+3,-8.986106E+2,-1.969476E+1,-8.990743E-1,-2.711938E-2,
2.139724E+3,-2.731500E+2,-2.731500E+2,-2.731500E+2,0.000000E+0,0.000000E+0,0.000000E+0,-6.900045E+3,-6.900045E+3,-8.987734E+2,-1.928619E+1,-8.992433E-1,-2.655668E-2,
2.147185E+3,-2.731500E+2,-2.731500E+2,-2.731500E+2,0.000000E+0,0.000000E+0,0.000000E+0,-7.000192E+3,-7.000192E+3,-8.989825E+2,-1.895928E+1,-8.994586E-1,-2.610644E-2,
2.154648E+3,-2.731500E+2,-2.731500E+2,-2.731500E+2,0.000000E+0,0.000000E+0,0.000000E+0,-7.100090E+3,-7.100090E+3,-8.990990E+2,-1.863246E+1,-8.995814E-1,-2.565631E-2,
2.162112E+3,-2.731500E+2,-2.731500E+2,-2.731500E+2,0.000000E+0,0.000000E+0,0.000000E+0,-7.200076E+3,-7.200076E+3,-8.992618E+2,-1.822380E+1,-8.997504E-1,-2.509349E-2,
2.169575E+3,-2.731500E+2,-2.731500E+2,-2.731500E+2,0.000000E+0,0.000000E+0,0.000000E+0,-7.300153E+3,-7.300153E+3,-8.994246E+2,-1.789698E+1,-8.999194E-1,-2.464337E-2,
2.177037E+3,-2.731500E+2,-2.731500E+2,-2.731500E+2,0.000000E+0,0.000000E+0,0.000000E+0,-7.400086E+3,-7.400086E+3,-8.995874E+2,-1.765181E+1,-9.000884E-1,-2.430571E-2,
2.184500E+3,-2.731500E+2,-2.731500E+2,-2.731500E+2,0.000000E+0,0.000000E+0,0.000000E+0,-7.500144E+3,-7.500144E+3,-8.997348E+2,-1.732491E+1,-9.002420E-1,-2.385547E-2,
2.191962E+3,-2.731500E+2,-2.731500E+2,-2.731500E+2,0.000000E+0,0.000000E+0,0.000000E+0,-7.600005E+3,-7.600005E+3,-8.998359E+2,-1.699800E+1,-9.003493E-1,-2.340523E-2,
2.199426E+3,-2.731500E+2,-2.731500E+2,-2.731500E+2,0.000000E+0,0.000000E+0,0.000000E+0,-7.700135E+3,-7.700135E+3,-8.999988E+2,-1.675284E+1,-9.005184E-1,-2.306758E-2,
2.206889E+3,-2.731500E+2,-2.731500E+2,-2.731500E+2,0.000000E+0,0.000000E+0,0.000000E+0,-7.800015E+3,-7.800015E+3,-9.000759E+2,-1.650767E+1,-9.006017E-1,-2.272992E-2,
2.214357E+3,-2.731500E+2,-2.731500E+2,-2.731500E+2,0.000000E+0,0.000000E+0,0.000000E+0,-7.900055E+3,-7.900055E+3,-9.001616E+2,-1.622981E+1,-9.006936E-1,-2.234723E-2,
2.221820E+3,-2.731500E+2,-2.731500E+2,-2.731500E+2,0.000000E+0,0.000000E+0,0.000000E+0,-8.000149E+3,-8.000149E+3,-9.003244E+2,-1.601735E+1,-9.008626E-1,-2.205461E-2,
2.230433E+3,-2.731500E+2,-2.731500E+2,-2.731500E+2,0.000000E+0,0.000000E+0,0.000000E+0,-7.899858E+3,-7.899858E+3,-9.001616E+2,-1.618077E+1,-9.006935E-1,-2.227968E-2,
2.237896E+3,-2.731500E+2,-2.731500E+2,-2.731500E+2,0.000000E+0,0.000000E+0,0.000000E+0,-7.799907E+3,-7.799907E+3,-9.000142E+2,-1.642593E+1,-9.005400E-1,-2.261734E-2,
2.245357E+3,-2.731500E+2,-2.731500E+2,-2.731500E+2,0.000000E+0,0.000000E+0,0.000000E+0,-7.700117E+3,-7.700117E+3,-8.999131E+2,-1.675284E+1,-9.004327E-1,-2.306758E-2,
2.252820E+3,-2.731500E+2,-2.731500E+2,-2.731500E+2,0.000000E+0,0.000000E+0,0.000000E+0,-7.599862E+3,-7.599862E+3,-8.998359E+2,-1.696533E+1,-9.003493E-1,-2.336025E-2,
2.260333E+3,-2.731500E+2,-2.731500E+2,-2.731500E+2,0.000000E+0,0.000000E+0,0.000000E+0,-7.500001E+3,-7.500001E+3,-8.996731E+2,-1.724316E+1,-9.001803E-1,-2.374289E-2,
2.267798E+3,-2.731500E+2,-2.731500E+2,-2.731500E+2,0.000000E+0,0.000000E+0,0.000000E+0,-7.400086E+3,-7.400086E+3,-8.995720E+2,-1.755372E+1,-9.000730E-1,-2.417061E-2,
2.275260E+3,-2.731500E+2,-2.731500E+2,-2.731500E+2,0.000000E+0,0.000000E+0,0.000000E+0,-7.300135E+3,-7.300135E+3,-8.994246E+2,-1.789698E+1,-8.999194E-1,-2.464337E-2,
2.282722E+3,-2.731500E+2,-2.731500E+2,-2.731500E+2,0.000000E+0,0.000000E+0,0.000000E+0,-7.199862E+3,-7.199862E+3,-8.992618E+2,-1.820747E+1,-8.997504E-1,-2.507100E-2,
2.290182E+3,-2.731500E+2,-2.731500E+2,-2.731500E+2,0.000000E+0,0.000000E+0,0.000000E+0,-7.100000E+3,-7.100000E+3,-8.990647E+2,-1.846896E+1,-8.995471E-1,-2.543115E-2,
2.297646E+3,-2.731500E+2,-2.731500E+2,-2.731500E+2,0.000000E+0,0.000000E+0,0.000000E+0,-6.999978E+3,-6.999978E+3,-8.988505E+2,-1.879587E+1,-8.993267E-1,-2.588139E-2,
2.305108E+3,-2.731500E+2,-2.731500E+2,-2.731500E+2,0.000000E+0,0.000000E+0,0.000000E+0,-6.899902E+3,-6.899902E+3,-8.987391E+2,-1.920444E+1,-8.992091E-1,-2.644409E-2,
2.312572E+3,-2.731500E+2,-2.731500E+2,-2.731500E+2,0.000000E+0,0.000000E+0,0.000000E+0,-6.799987E+3,-6.799987E+3,-8.985249E+2,-1.961310E+1,-8.989886E-1,-2.700691E-2,
2.320034E+3,-2.731500E+2,-2.731500E+2,-2.731500E+2,0.000000E+0,0.000000E+0,0.000000E+0,-6.700107E+3,-6.700107E+3,-8.983106E+2,-2.002167E+1,-8.987682E-1,-2.756962E-2,
2.327496E+3,-2.731500E+2,-2.731500E+2,-2.731500E+2,0.000000E+0,0.000000E+0,0.000000E+0,-6.600013E+3,-6.600013E+3,-8.981136E+2,-2.043033E+1,-8.985649E-1,-2.813244E-2,
2.334959E+3,-2.731500E+2,-2.731500E+2,-2.731500E+2,0.000000E+0,0.000000E+0,0.000000E+0,-6.499848E+3,-6.499848E+3,-8.978736E+2,-2.092065E+1,-8.983188E-1,-2.880773E-2,
2.342423E+3,-2.731500E+2,-2.731500E+2,-2.731500E+2,0.000000E+0,0.000000E+0,0.000000E+0,-6.400022E+3,-6.400022E+3,-8.975943E+2,-2.132931E+1,-8.980332E-1,-2.937055E-2,
2.349882E+3,-2.731500E+2,-2.731500E+2,-2.731500E+2,0.000000E+0,0.000000E+0,0.000000E+0,-6.299999E+3,-6.299999E+3,-8.972995E+2,-2.190138E+1,-8.977322E-1,-3.015842E-2,
2.357346E+3,-2.731500E+2,-2.731500E+2,-2.731500E+2,0.000000E+0,0.000000E+0,0.000000E+0,-6.200031E+3,-6.200031E+3,-8.970510E+2,-2.239170E+1,-8.974775E-1,-3.083371E-2,
2.364807E+3,-2.731500E+2,-2.731500E+2,-2.731500E+2,0.000000E+0,0.000000E+0,0.000000E+0,-6.099972E+3,-6.099972E+3,-8.967254E+2,-2.288202E+1,-8.971457E-1,-3.150900E-2,
2.372273E+3,-2.731500E+2,-2.731500E+2,-2.731500E+2,0.000000E+0,0.000000E+0,0.000000E+0,-5.999950E+3,-5.999950E+3,-8.963998E+2,-2.350305E+1,-8.968138E-1,-3.236430E-2,
2.379736E+3,-2.731500E+2,-2.731500E+2,-2.731500E+2,0.000000E+0,0.000000E+0,0.000000E+0,-5.899892E+3,-5.899892E+3,-8.960741E+2,-2.410782E+1,-8.964820E-1,-3.319720E-2,
2.387199E+3,-2.731500E+2,-2.731500E+2,-2.731500E+2,0.000000E+0,0.000000E+0,0.000000E+0,-5.799887E+3,-5.799887E+3,-8.956800E+2,-2.476156E+1,-8.960816E-1,-3.409754E-2,
2.394674E+3,-2.731500E+2,-2.731500E+2,-2.731500E+2,0.000000E+0,0.000000E+0,0.000000E+0,-5.700026E+3,-5.700026E+3,-8.953372E+2,-2.549704E+1,-8.957326E-1,-3.511045E-2,
2.402136E+3,-2.731500E+2,-2.731500E+2,-2.731500E+2,0.000000E+0,0.000000E+0,0.000000E+0,-5.600057E+3,-5.600057E+3,-8.948488E+2,-2.615086E+1,-8.952380E-1,-3.601091E-2,
2.409602E+3,-2.731500E+2,-2.731500E+2,-2.731500E+2,0.000000E+0,0.000000E+0,0.000000E+0,-5.500016E+3,-5.500016E+3,-8.944374E+2,-2.696800E+1,-8.948204E-1,-3.713629E-2,
2.417065E+3,-2.731500E+2,-2.731500E+2,-2.731500E+2,0.000000E+0,0.000000E+0,0.000000E+0,-5.400012E+3,-5.400012E+3,-8.939490E+2,-2.778523E+1,-8.943258E-1,-3.826179E-2,
2.424528E+3,-2.731500E+2,-2.731500E+2,-2.731500E+2,0.000000E+0,0.000000E+0,0.000000E+0,-5.300168E+3,-5.300168E+3,-8.933920E+2,-2.868421E+1,-8.937626E-1,-3.949987E-2,
2.431991E+3,-2.731500E+2,-2.731500E+2,-2.731500E+2,0.000000E+0,0.000000E+0,0.000000E+0,-5.199859E+3,-5.199859E+3,-8.928093E+2,-2.958310E+1,-8.931736E-1,-4.073784E-2,
2.439452E+3,-2.731500E+2,-2.731500E+2,-2.731500E+2,0.000000E+0,0.000000E+0,0.000000E+0,-5.099980E+3,-5.099980E+3,-8.922352E+2,-3.056374E+1,-8.925933E-1,-4.208839E-2,
2.446915E+3,-2.731500E+2,-2.731500E+2,-2.731500E+2,0.000000E+0,0.000000E+0,0.000000E+0,-4.999958E+3,-4.999958E+3,-8.914983E+2,-3.162614E+1,-8.918501E-1,-4.355152E-2,
2.454379E+3,-2.731500E+2,-2.731500E+2,-2.731500E+2,0.000000E+0,0.000000E+0,0.000000E+0,-4.900150E+3,-4.900150E+3,-8.906842E+2,-3.277019E+1,-8.910298E-1,-4.512712E-2,
2.461845E+3,-2.731500E+2,-2.731500E+2,-2.731500E+2,0.000000E+0,0.000000E+0,0.000000E+0,-4.799877E+3,-4.799877E+3,-8.899130E+2,-3.399599E+1,-8.902524E-1,-4.681530E-2,
2.469308E+3,-2.731500E+2,-2.731500E+2,-2.731500E+2,0.000000E+0,0.000000E+0,0.000000E+0,-4.700033E+3,-4.700033E+3,-8.889618E+2,-3.530354E+1,-8.892950E-1,-4.861606E-2,
2.476770E+3,-2.731500E+2,-2.731500E+2,-2.731500E+2,0.000000E+0,0.000000E+0,0.000000E+0,-4.600172E+3,-4.600172E+3,-8.878993E+2,-3.669284E+1,-8.882262E-1,-5.052940E-2,
2.484233E+3,-2.731500E+2,-2.731500E+2,-2.731500E+2,0.000000E+0,0.000000E+0,0.000000E+0,-4.499863E+3,-4.499863E+3,-8.867596E+2,-3.821280E+1,-8.870802E-1,-5.262269E-2,
2.491696E+3,-2.731500E+2,-2.731500E+2,-2.731500E+2,0.000000E+0,0.000000E+0,0.000000E+0,-4.400002E+3,-4.400002E+3,-8.855342E+2,-3.987993E+1,-8.858486E-1,-5.491865E-2,
2.499167E+3,-2.731500E+2,-2.731500E+2,-2.731500E+2,0.000000E+0,0.000000E+0,0.000000E+0,-4.300140E+3,-4.300140E+3,-8.841117E+2,-4.159605E+1,-8.844199E-1,-5.728209E-2,
2.506629E+3,-2.731500E+2,-2.731500E+2,-2.731500E+2,0.000000E+0,0.000000E+0,0.000000E+0,-4.200136E+3,-4.200136E+3,-8.825093E+2,-4.347576E+1,-8.828112E-1,-5.987082E-2,
2.514091E+3,-2.731500E+2,-2.731500E+2,-2.731500E+2,0.000000E+0,0.000000E+0,0.000000E+0,-4.100024E+3,-4.100024E+3,-8.807098E+2,-4.551879E+1,-8.810054E-1,-6.268447E-2,
2.521555E+3,-2.731500E+2,-2.731500E+2,-2.731500E+2,0.000000E+0,0.000000E+0,0.000000E+0,-3.999983E+3,-3.999983E+3,-8.787475E+2,-4.772532E+1,-8.790368E-1,-6.572329E-2,
2.529009E+3,-2.731500E+2,-2.731500E+2,-2.731500E+2,0.000000E+0,0.000000E+0,0.000000E+0,-3.900068E+3,-3.900068E+3,-8.764596E+2,-5.009518E+1,-8.767425E-1,-6.898704E-2,
2.536473E+3,-2.731500E+2,-2.731500E+2,-2.731500E+2,0.000000E+0,0.000000E+0,0.000000E+0,-3.799849E+3,-3.799849E+3,-8.737603E+2,-5.262853E+1,-8.740369E-1,-7.247595E-2,
2.543937E+3,-2.731500E+2,-2.731500E+2,-2.731500E+2,0.000000E+0,0.000000E+0,0.000000E+0,-3.699844E+3,-3.699844E+3,-8.707594E+2,-5.540705E+1,-8.710297E-1,-7.630250E-2,
2.551399E+3,-2.731500E+2,-2.731500E+2,-2.731500E+2,0.000000E+0,0.000000E+0,0.000000E+0,-3.600001E+3,-3.600001E+3,-8.673935E+2,-5.831631E+1,-8.676574E-1,-8.030911E-2,
2.558862E+3,-2.731500E+2,-2.731500E+2,-2.731500E+2,0.000000E+0,0.000000E+0,0.000000E+0,-3.499960E+3,-3.499960E+3,-8.634689E+2,-6.153606E+1,-8.637264E-1,-8.474332E-2,
2.566323E+3,-2.731500E+2,-2.731500E+2,-2.731500E+2,0.000000E+0,0.000000E+0,0.000000E+0,-3.399884E+3,-3.399884E+3,-8.588930E+2,-6.491935E+1,-8.591441E-1,-8.940274E-2,
2.573786E+3,-2.731500E+2,-2.731500E+2,-2.731500E+2,0.000000E+0,0.000000E+0,0.000000E+0,-3.300041E+3,-3.300041E+3,-8.536608E+2,-6.851506E+1,-8.539053E-1,-9.435471E-2,
2.581250E+3,-2.731500E+2,-2.731500E+2,-2.731500E+2,0.000000E+0,0.000000E+0,0.000000E+0,-3.200000E+3,-3.200000E+3,-8.476136E+2,-7.232321E+1,-8.478516E-1,-9.959926E-2,
2.588718E+3,-2.731500E+2,-2.731500E+2,-2.731500E+2,0.000000E+0,0.000000E+0,0.000000E+0,-3.099888E+3,-3.099888E+3,-8.406017E+2,-7.632761E+1,-8.408332E-1,-1.051141E-1,
2.596181E+3,-2.731500E+2,-2.731500E+2,-2.731500E+2,0.000000E+0,0.000000E+0,0.000000E+0,-2.999884E+3,-2.999884E+3,-8.325766E+2,-8.047899E+1,-8.328015E-1,-1.108313E-1,
2.603644E+3,-2.731500E+2,-2.731500E+2,-2.731500E+2,0.000000E+0,0.000000E+0,0.000000E+0,-2.899897E+3,-2.899897E+3,-8.233426E+2,-8.469611E+1,-8.235608E-1,-1.166391E-1,
2.611107E+3,-2.731500E+2,-2.731500E+2,-2.731500E+2,0.000000E+0,0.000000E+0,0.000000E+0,-2.800089E+3,-2.800089E+3,-8.127187E+2,-8.905985E+1,-8.129302E-1,-1.226488E-1,
2.618570E+3,-2.731500E+2,-2.731500E+2,-2.731500E+2,0.000000E+0,0.000000E+0,0.000000E+0,-2.699959E+3,-2.699959E+3,-8.007057E+2,-9.339133E+1,-8.009104E-1,-1.286140E-1,
2.626083E+3,-2.731500E+2,-2.731500E+2,-2.731500E+2,0.000000E+0,0.000000E+0,0.000000E+0,-2.599955E+3,-2.599955E+3,-7.871401E+2,-9.767346E+1,-7.873378E-1,-1.345113E-1,
2.633546E+3,-2.731500E+2,-2.731500E+2,-2.731500E+2,0.000000E+0,0.000000E+0,0.000000E+0,-2.500004E+3,-2.500004E+3,-7.721031E+2,-1.017923E+2,-7.722939E-1,-1.401837E-1,
2.641014E+3,-2.731500E+2,-2.731500E+2,-2.731500E+2,0.000000E+0,0.000000E+0,0.000000E+0,-2.399874E+3,-2.399874E+3,-7.554320E+2,-1.057472E+2,-7.556157E-1,-1.456304E-1,
2.648477E+3,-2.731500E+2,-2.731500E+2,-2.731500E+2,0.000000E+0,0.000000E+0,0.000000E+0,-2.299923E+3,-2.299923E+3,-7.373068E+2,-1.093921E+2,-7.374833E-1,-1.506502E-1,
2.655935E+3,-2.731500E+2,-2.731500E+2,-2.731500E+2,0.000000E+0,0.000000E+0,0.000000E+0,-2.200079E+3,-2.200079E+3,-7.177591E+2,-1.126444E+2,-7.179284E-1,-1.551292E-1,
2.663399E+3,-2.731500E+2,-2.731500E+2,-2.731500E+2,0.000000E+0,0.000000E+0,0.000000E+0,-2.100164E+3,-2.100164E+3,-6.968060E+2,-1.154722E+2,-6.969681E-1,-1.590236E-1,
2.670861E+3,-2.731500E+2,-2.731500E+2,-2.731500E+2,0.000000E+0,0.000000E+0,0.000000E+0,-1.999891E+3,-1.999891E+3,-6.745291E+2,-1.177602E+2,-6.746838E-1,-1.621745E-1,
2.678326E+3,-2.731500E+2,-2.731500E+2,-2.731500E+2,0.000000E+0,0.000000E+0,0.000000E+0,-1.900012E+3,-1.900012E+3,-6.509907E+2,-1.194766E+2,-6.511380E-1,-1.645383E-1,
2.685789E+3,-2.731500E+2,-2.731500E+2,-2.731500E+2,0.000000E+0,0.000000E+0,0.000000E+0,-1.800079E+3,-1.800079E+3,-6.263110E+2,-1.205391E+2,-6.264508E-1,-1.660017E-1,
2.693252E+3,-2.731500E+2,-2.731500E+2,-2.731500E+2,0.000000E+0,0.000000E+0,0.000000E+0,-1.699896E+3,-1.699896E+3,-6.004059E+2,-1.209479E+2,-6.005382E-1,-1.665646E-1,
2.700718E+3,-2.731500E+2,-2.731500E+2,-2.731500E+2,0.000000E+0,0.000000E+0,0.000000E+0,-1.599963E+3,-1.599963E+3,-5.734374E+2,-1.204568E+2,-5.735621E-1,-1.658884E-1,
2.708181E+3,-2.731500E+2,-2.731500E+2,-2.731500E+2,0.000000E+0,0.000000E+0,0.000000E+0,-1.500137E+3,-1.500137E+3,-5.454894E+2,-1.190678E+2,-5.456065E-1,-1.639755E-1,
2.715644E+3,-2.731500E+2,-2.731500E+2,-2.731500E+2,0.000000E+0,0.000000E+0,0.000000E+0,-1.400150E+3,-1.400150E+3,-5.163638E+2,-1.165019E+2,-5.164731E-1,-1.604418E-1,
2.723106E+3,-2.731500E+2,-2.731500E+2,-2.731500E+2,0.000000E+0,0.000000E+0,0.000000E+0,-1.299949E+3,-1.299949E+3,-4.859962E+2,-1.122031E+2,-4.860978E-1,-1.545217E-1,
2.730569E+3,-2.731500E+2,-2.731500E+2,-2.731500E+2,0.000000E+0,0.000000E+0,0.000000E+0,-1.199980E+3,-1.199980E+3,-4.546969E+2,-1.064996E+2,-4.547907E-1,-1.466669E-1,
2.738030E+3,-2.731500E+2,-2.731500E+2,-2.731500E+2,0.000000E+0,0.000000E+0,0.000000E+0,-1.100136E+3,-1.100136E+3,-4.224996E+2,-9.976534E+1,-4.225854E-1,-1.373926E-1,
2.745492E+3,-2.731500E+2,-2.731500E+2,-2.731500E+2,0.000000E+0,0.000000E+0,0.000000E+0,-9.999887E+2,-9.999887E+2,-3.895497E+2,-9.239407E+1,-3.896276E-1,-1.272411E-1,
2.754193E+3,-2.731500E+2,-2.731500E+2,-2.731500E+2,0.000000E+0,0.000000E+0,0.000000E+0,-9.499506E+2,-9.499506E+2,-3.726166E+2,-8.794844E+1,-3.726905E-1,-1.211186E-1,
2.761555E+3,-2.731500E+2,-2.731500E+2,-2.731500E+2,0.000000E+0,0.000000E+0,0.000000E+0,-8.999483E+2,-8.999483E+2,-3.556678E+2,-8.338827E+1,-3.557378E-1,-1.148385E-1,
2.769019E+3,-2.731500E+2,-2.731500E+2,-2.731500E+2,0.000000E+0,0.000000E+0,0.000000E+0,-8.499997E+2,-8.499997E+2,-3.386046E+2,-7.892628E+1,-3.386706E-1,-1.086935E-1,
2.776481E+3,-2.731500E+2,-2.731500E+2,-2.731500E+2,0.000000E+0,0.000000E+0,0.000000E+0,-8.001047E+2,-8.001047E+2,-3.214422E+2,-7.443164E+1,-3.215042E-1,-1.025036E-1,
2.783944E+3,-2.731500E+2,-2.731500E+2,-2.731500E+2,0.000000E+0,0.000000E+0,0.000000E+0,-7.499593E+2,-7.499593E+2,-3.041499E+2,-6.990430E+1,-3.042079E-1,-9.626863E-2,
2.791407E+3,-2.731500E+2,-2.731500E+2,-2.731500E+2,0.000000E+0,0.000000E+0,0.000000E+0,-7.001180E+2,-7.001180E+2,-2.868577E+2,-6.540967E+1,-2.869117E-1,-9.007871E-2,
2.798870E+3,-2.731500E+2,-2.731500E+2,-2.731500E+2,0.000000E+0,0.000000E+0,0.000000E+0,-6.499011E+2,-6.499011E+2,-2.694512E+2,-6.117654E+1,-2.695012E-1,-8.424893E-2,
2.806331E+3,-2.731500E+2,-2.731500E+2,-2.731500E+2,0.000000E+0,0.000000E+0,0.000000E+0,-6.000061E+2,-6.000061E+2,-2.521100E+2,-5.730293E+1,-2.521560E-1,-7.891429E-2,
2.813794E+3,-2.731500E+2,-2.731500E+2,-2.731500E+2,0.000000E+0,0.000000E+0,0.000000E+0,-5.498786E+2,-5.498786E+2,-2.346214E+2,-5.349476E+1,-2.346634E-1,-7.366976E-2,
2.821255E+3,-2.731500E+2,-2.731500E+2,-2.731500E+2,0.000000E+0,0.000000E+0,0.000000E+0,-5.000909E+2,-5.000909E+2,-2.171663E+2,-4.986637E+1,-2.172043E-1,-6.867281E-2,
2.828719E+3,-2.731500E+2,-2.731500E+2,-2.731500E+2,0.000000E+0,0.000000E+0,0.000000E+0,-4.499813E+2,-4.499813E+2,-1.996126E+2,-4.640142E+1,-1.996466E-1,-6.390096E-2,
2.836180E+3,-2.731500E+2,-2.731500E+2,-2.731500E+2,0.000000E+0,0.000000E+0,0.000000E+0,-4.000327E+2,-4.000327E+2,-1.820100E+2,-4.313259E+1,-1.820400E-1,-5.939920E-2,
2.843643E+3,-2.731500E+2,-2.731500E+2,-2.731500E+2,0.000000E+0,0.000000E+0,0.000000E+0,-3.501556E+2,-3.501556E+2,-1.643415E+2,-3.994533E+1,-1.643675E-1,-5.500978E-2,
2.851106E+3,-2.731500E+2,-2.731500E+2,-2.731500E+2,0.000000E+0,0.000000E+0,0.000000E+0,-2.999744E+2,-2.999744E+2,-1.465100E+2,-3.685626E+1,-1.465320E-1,-5.075557E-2,
2.858570E+3,-2.731500E+2,-2.731500E+2,-2.731500E+2,0.000000E+0,0.000000E+0,0.000000E+0,-2.499006E+2,-2.499006E+2,-1.285477E+2,-3.383258E+1,-1.285656E-1,-4.659144E-2,
2.866031E+3,-2.731500E+2,-2.731500E+2,-2.731500E+2,0.000000E+0,0.000000E+0,0.000000E+0,-1.998446E+2,-1.998446E+2,-1.106016E+2,-3.089065E+1,-1.106155E-1,-4.253988E-2,
2.873507E+3,-2.731500E+2,-2.731500E+2,-2.731500E+2,0.000000E+0,0.000000E+0,0.000000E+0,-1.499497E+2,-1.499497E+2,-9.250889E+1,-2.794864E+1,-9.251873E-2,-3.848821E-2,
2.880968E+3,-2.731500E+2,-2.731500E+2,-2.731500E+2,0.000000E+0,0.000000E+0,0.000000E+0,-9.987583E+1,-9.987583E+1,-7.420283E+1,-2.492505E+1,-7.420861E-2,-3.432419E-2,
2.889427E+3,-2.731500E+2,-2.731500E+2,-2.731500E+2,0.000000E+0,0.000000E+0,0.000000E+0,-8.982529E+1,-8.982529E+1,-7.044368E+1,-2.435298E+1,-7.044864E-2,-3.353635E-2,
2.896789E+3,-2.731500E+2,-2.731500E+2,-2.731500E+2,0.000000E+0,0.000000E+0,0.000000E+0,-7.998936E+1,-7.998936E+1,-6.676627E+1,-2.369916E+1,-6.677043E-2,-3.263593E-2,
2.904155E+3,-2.731500E+2,-2.731500E+2,-2.731500E+2,0.000000E+0,0.000000E+0,0.000000E+0,-6.995672E+1,-6.995672E+1,-6.308877E+1,-2.304543E+1,-6.309212E-2,-3.173562E-2,
2.911516E+3,-2.731500E+2,-2.731500E+2,-2.731500E+2,0.000000E+0,0.000000E+0,0.000000E+0,-5.997772E+1,-5.997772E+1,-5.924795E+1,-2.240803E+1,-5.925049E-2,-3.085781E-2,
2.918879E+3,-2.731500E+2,-2.731500E+2,-2.731500E+2,0.000000E+0,0.000000E+0,0.000000E+0,-5.015967E+1,-5.015967E+1,-5.557046E+1,-2.173788E+1,-5.557219E-2,-2.993489E-2,
2.926292E+3,-2.731500E+2,-2.731500E+2,-2.731500E+2,0.000000E+0,0.000000E+0,0.000000E+0,-3.994819E+1,-3.994819E+1,-5.172964E+1,-2.108415E+1,-5.173054E-2,-2.903458E-2,
2.933655E+3,-2.731500E+2,-2.731500E+2,-2.731500E+2,0.000000E+0,0.000000E+0,0.000000E+0,-3.009437E+1,-3.009437E+1,-4.800315E+1,-2.026683E+1,-4.800325E-2,-2.790899E-2,
2.941067E+3,-2.731500E+2,-2.731500E+2,-2.731500E+2,0.000000E+0,0.000000E+0,0.000000E+0,-1.991865E+1,-1.991865E+1,-4.412958E+1,-1.953135E+1,-4.412884E-2,-2.689610E-2,
2.948434E+3,-2.731500E+2,-2.731500E+2,-2.731500E+2,0.000000E+0,0.000000E+0,0.000000E+0,-9.921771E+0,-9.921771E+0,-4.028850E+1,-1.871412E+1,-4.028695E-2,-2.577063E-2,
2.955796E+3,-2.731500E+2,-2.731500E+2,-2.731500E+2,0.000000E+0,0.000000E+0,0.000000E+0,-1.037244E-1,-1.037244E-1,-3.644768E+1,-1.789698E+1,-3.644532E-2,-2.464528E-2,
2.963209E+3,-2.731500E+2,-2.731500E+2,-2.731500E+2,0.000000E+0,0.000000E+0,0.000000E+0,1.005411E+1,1.005411E+1,-3.252503E+1,-1.691633E+1,-3.252183E-2,-2.329476E-2,
2.970571E+3,-2.731500E+2,-2.731500E+2,-2.731500E+2,0.000000E+0,0.000000E+0,0.000000E+0,1.981851E+1,1.981851E+1,-2.868421E+1,-1.601735E+1,-2.868021E-2,-2.205670E-2,
2.977984E+3,-2.731500E+2,-2.731500E+2,-2.731500E+2,0.000000E+0,0.000000E+0,0.000000E+0,2.997634E+1,2.997634E+1,-2.443465E+1,-1.430123E+1,-2.442980E-2,-1.969329E-2,
2.985397E+3,-2.731500E+2,-2.731500E+2,-2.731500E+2,0.000000E+0,0.000000E+0,0.000000E+0,3.995534E+1,3.995534E+1,-2.034858E+1,-1.291193E+1,-2.034290E-2,-1.777998E-2,
2.992821E+3,-2.731500E+2,-2.731500E+2,-2.731500E+2,0.000000E+0,0.000000E+0,0.000000E+0,5.004164E+1,5.004164E+1,-1.618077E+1,-1.144097E+1,-1.617424E-2,-1.575419E-2,
3.000185E+3,-2.731500E+2,-2.731500E+2,-2.731500E+2,0.000000E+0,0.000000E+0,0.000000E+0,5.985969E+1,5.985969E+1,-1.201304E+1,-9.888255E+0,-1.200569E-2,-1.361583E-2,
3.007596E+3,-2.731500E+2,-2.731500E+2,-2.731500E+2,0.000000E+0,0.000000E+0,0.000000E+0,7.010694E+1,7.010694E+1,-7.763516E+0,-8.417284E+0,-7.755312E-3,-1.159004E-2,
3.014960E+3,-2.731500E+2,-2.731500E+2,-2.731500E+2,0.000000E+0,0.000000E+0,0.000000E+0,7.999652E+1,7.999652E+1,-3.595736E+0,-6.782866E+0,-3.586703E-3,-9.339150E-3,
3.022323E+3,-2.731500E+2,-2.731500E+2,-2.731500E+2,0.000000E+0,0.000000E+0,0.000000E+0,8.995763E+1,8.995763E+1,6.537714E-1,-5.148431E+0,6.636431E-4,-7.088239E-3,
3.029736E+3,-2.731500E+2,-2.731500E+2,-2.731500E+2,0.000000E+0,0.000000E+0,0.000000E+0,1.001155E+2,1.001155E+2,5.066708E+0,-3.268853E+0,5.077438E-3,-4.499721E-3,
3.038288E+3,-2.731500E+2,-2.731500E+2,-2.731500E+2,0.000000E+0,0.000000E+0,0.000000E+0,1.499389E+2,1.499389E+2,2.713150E+1,5.704156E+0,2.714646E-2,7.857730E-3,
3.045751E+3,-2.731500E+2,-2.731500E+2,-2.731500E+2,0.000000E+0,0.000000E+0,0.000000E+0,2.000664E+2,2.000664E+2,5.025859E+1,1.438298E+1,5.027787E-2,1.981003E-2,
3.053214E+3,-2.731500E+2,-2.731500E+2,-2.731500E+2,0.000000E+0,0.000000E+0,0.000000E+0,2.499614E+2,2.499614E+2,7.608245E+1,2.214654E+1,7.610616E-2,3.050185E-2,
3.060677E+3,-2.731500E+2,-2.731500E+2,-2.731500E+2,0.000000E+0,0.000000E+0,0.000000E+0,2.999458E+2,2.999458E+2,1.035407E+2,2.876587E+1,1.035689E-1,3.961786E-2,
3.068140E+3,-2.731500E+2,-2.731500E+2,-2.731500E+2,0.000000E+0,0.000000E+0,0.000000E+0,3.502164E+2,3.502164E+2,1.299368E+2,3.375083E+1,1.299695E-1,4.648305E-2,
3.075604E+3,-2.731500E+2,-2.731500E+2,-2.731500E+2,0.000000E+0,0.000000E+0,0.000000E+0,4.001650E+2,4.001650E+2,1.538813E+2,3.734658E+1,1.539183E-1,5.143503E-2,
3.083066E+3,-2.731500E+2,-2.731500E+2,-2.731500E+2,0.000000E+0,0.000000E+0,0.000000E+0,4.500600E+2,4.500600E+2,1.752928E+2,3.987993E+1,1.753340E-1,5.492390E-2,
3.090529E+3,-2.731500E+2,-2.731500E+2,-2.731500E+2,0.000000E+0,0.000000E+0,0.000000E+0,4.999550E+2,4.999550E+2,1.952321E+2,4.208655E+1,1.952775E-1,5.796280E-2,
3.097990E+3,-2.731500E+2,-2.731500E+2,-2.731500E+2,0.000000E+0,0.000000E+0,0.000000E+0,5.500646E+2,5.500646E+2,2.143548E+2,4.396617E+1,2.144043E-1,6.055137E-2,
3.105454E+3,-2.731500E+2,-2.731500E+2,-2.731500E+2,0.000000E+0,0.000000E+0,0.000000E+0,5.999775E+2,5.999775E+2,2.328237E+2,4.568229E+1,2.328772E-1,6.291477E-2,
3.112921E+3,-2.731500E+2,-2.731500E+2,-2.731500E+2,0.000000E+0,0.000000E+0,0.000000E+0,6.499440E+2,6.499440E+2,2.509661E+2,4.723492E+1,2.510236E-1,6.505300E-2,
3.120384E+3,-2.731500E+2,-2.731500E+2,-2.731500E+2,0.000000E+0,0.000000E+0,0.000000E+0,7.001251E+2,7.001251E+2,2.687485E+2,4.854247E+1,2.688102E-1,6.685373E-2,
3.127847E+3,-2.731500E+2,-2.731500E+2,-2.731500E+2,0.000000E+0,0.000000E+0,0.000000E+0,7.499665E+2,7.499665E+2,2.861874E+2,4.976827E+1,2.862530E-1,6.854187E-2,
3.135309E+3,-2.731500E+2,-2.731500E+2,-2.731500E+2,0.000000E+0,0.000000E+0,0.000000E+0,8.000761E+2,8.000761E+2,3.035123E+2,5.083066E+1,3.035819E-1,7.000496E-2,
3.142770E+3,-2.731500E+2,-2.731500E+2,-2.731500E+2,0.000000E+0,0.000000E+0,0.000000E+0,8.501141E+2,8.501141E+2,3.205107E+2,5.197480E+1,3.205843E-1,7.158063E-2,
3.150234E+3,-2.731500E+2,-2.731500E+2,-2.731500E+2,0.000000E+0,0.000000E+0,0.000000E+0,8.999555E+2,8.999555E+2,3.374278E+2,5.295544E+1,3.375053E-1,7.293114E-2,
3.157697E+3,-2.731500E+2,-2.731500E+2,-2.731500E+2,0.000000E+0,0.000000E+0,0.000000E+0,9.499756E+2,9.499756E+2,3.540989E+2,5.400142E+1,3.541804E-1,7.437162E-2,
3.165160E+3,-2.731500E+2,-2.731500E+2,-2.731500E+2,0.000000E+0,0.000000E+0,0.000000E+0,9.998706E+2,9.998706E+2,3.707048E+2,5.499848E+1,3.707903E-1,7.574475E-2,
3.173711E+3,-2.731500E+2,-2.731500E+2,-2.731500E+2,0.000000E+0,0.000000E+0,0.000000E+0,1.100233E+3,1.100233E+3,4.036055E+2,5.712317E+1,4.036989E-1,7.867081E-2,
3.181173E+3,-2.731500E+2,-2.731500E+2,-2.731500E+2,0.000000E+0,0.000000E+0,0.000000E+0,1.200005E+3,1.200005E+3,4.356891E+2,5.964018E+1,4.357903E-1,8.213716E-2,
3.188635E+3,-2.731500E+2,-2.731500E+2,-2.731500E+2,0.000000E+0,0.000000E+0,0.000000E+0,1.300027E+3,1.300027E+3,4.672823E+2,6.279462E+1,4.673914E-1,8.648137E-2,
3.196095E+3,-2.731500E+2,-2.731500E+2,-2.731500E+2,0.000000E+0,0.000000E+0,0.000000E+0,1.400265E+3,1.400265E+3,4.983691E+2,6.658644E+1,4.984860E-1,9.170337E-2,
3.203558E+3,-2.731500E+2,-2.731500E+2,-2.731500E+2,0.000000E+0,0.000000E+0,0.000000E+0,1.500055E+3,1.500055E+3,5.287525E+2,7.090130E+1,5.288772E-1,9.764569E-2,
3.211031E+3,-2.731500E+2,-2.731500E+2,-2.731500E+2,0.000000E+0,0.000000E+0,0.000000E+0,1.600095E+3,1.600095E+3,5.584827E+2,7.559208E+1,5.586151E-1,1.041057E-1,
3.218498E+3,-2.731500E+2,-2.731500E+2,-2.731500E+2,0.000000E+0,0.000000E+0,0.000000E+0,1.699903E+3,1.699903E+3,5.874932E+2,8.067514E+1,5.876333E-1,1.111060E-1,
3.225963E+3,-2.731500E+2,-2.731500E+2,-2.731500E+2,0.000000E+0,0.000000E+0,0.000000E+0,1.800247E+3,1.800247E+3,6.157365E+2,8.587285E+1,6.158843E-1,1.182642E-1,
3.233425E+3,-2.731500E+2,-2.731500E+2,-2.731500E+2,0.000000E+0,0.000000E+0,0.000000E+0,1.899983E+3,1.899983E+3,6.427370E+2,9.074350E+1,6.428924E-1,1.249719E-1,
3.240885E+3,-2.731500E+2,-2.731500E+2,-2.731500E+2,0.000000E+0,0.000000E+0,0.000000E+0,2.000095E+3,2.000095E+3,6.684793E+2,9.479683E+1,6.686422E-1,1.305540E-1,
3.248350E+3,-2.731500E+2,-2.731500E+2,-2.731500E+2,0.000000E+0,0.000000E+0,0.000000E+0,2.100225E+3,2.100225E+3,6.927199E+2,9.778794E+1,6.928904E-1,1.346733E-1,
3.255813E+3,-2.731500E+2,-2.731500E+2,-2.731500E+2,0.000000E+0,0.000000E+0,0.000000E+0,2.200105E+3,2.200105E+3,7.152260E+2,9.952043E+1,7.154038E-1,1.370593E-1,
3.263277E+3,-2.731500E+2,-2.731500E+2,-2.731500E+2,0.000000E+0,0.000000E+0,0.000000E+0,2.300145E+3,2.300145E+3,7.360643E+2,1.001249E+2,7.362493E-1,1.378917E-1,
3.270740E+3,-2.731500E+2,-2.731500E+2,-2.731500E+2,0.000000E+0,0.000000E+0,0.000000E+0,2.399971E+3,2.399971E+3,7.550241E+2,9.968376E+1,7.552164E-1,1.372841E-1,
3.278202E+3,-2.731500E+2,-2.731500E+2,-2.731500E+2,0.000000E+0,0.000000E+0,0.000000E+0,2.500136E+3,2.500136E+3,7.721854E+2,9.829437E+1,7.723847E-1,1.353707E-1,
3.285667E+3,-2.731500E+2,-2.731500E+2,-2.731500E+2,0.000000E+0,0.000000E+0,0.000000E+0,2.599980E+3,2.599980E+3,7.874837E+2,9.623523E+1,7.876900E-1,1.325348E-1,
3.293130E+3,-2.731500E+2,-2.731500E+2,-2.731500E+2,0.000000E+0,0.000000E+0,0.000000E+0,2.700038E+3,2.700038E+3,8.010331E+2,9.361996E+1,8.012463E-1,1.289331E-1,
3.300591E+3,-2.731500E+2,-2.731500E+2,-2.731500E+2,0.000000E+0,0.000000E+0,0.000000E+0,2.800221E+3,2.800221E+3,8.129638E+2,9.059628E+1,8.131838E-1,1.247689E-1,
3.308054E+3,-2.731500E+2,-2.731500E+2,-2.731500E+2,0.000000E+0,0.000000E+0,0.000000E+0,2.900119E+3,2.900119E+3,8.232932E+2,8.732770E+1,8.235200E-1,1.202675E-1,
3.315516E+3,-2.731500E+2,-2.731500E+2,-2.731500E+2,0.000000E+0,0.000000E+0,0.000000E+0,3.000070E+3,3.000070E+3,8.322501E+2,8.394428E+1,8.324835E-1,1.156079E-1,
3.322978E+3,-2.731500E+2,-2.731500E+2,-2.731500E+2,0.000000E+0,0.000000E+0,0.000000E+0,3.099913E+3,3.099913E+3,8.399643E+2,8.049534E+1,8.402043E-1,1.108580E-1,
3.330441E+3,-2.731500E+2,-2.731500E+2,-2.731500E+2,0.000000E+0,0.000000E+0,0.000000E+0,3.200115E+3,3.200115E+3,8.467147E+2,7.707943E+1,8.469612E-1,1.061537E-1,
3.337912E+3,-2.731500E+2,-2.731500E+2,-2.731500E+2,0.000000E+0,0.000000E+0,0.000000E+0,3.300191E+3,3.300191E+3,8.524679E+2,7.379426E+1,8.527210E-1,1.016294E-1,
3.345376E+3,-2.731500E+2,-2.731500E+2,-2.731500E+2,0.000000E+0,0.000000E+0,0.000000E+0,3.400088E+3,3.400088E+3,8.575048E+2,7.060709E+1,8.577643E-1,9.724001E-2,
3.352839E+3,-2.731500E+2,-2.731500E+2,-2.731500E+2,0.000000E+0,0.000000E+0,0.000000E+0,3.500271E+3,3.500271E+3,8.618493E+2,6.758341E+1,8.621153E-1,9.307583E-2,
3.360302E+3,-2.731500E+2,-2.731500E+2,-2.731500E+2,0.000000E+0,0.000000E+0,0.000000E+0,3.600061E+3,3.600061E+3,8.655940E+2,6.465784E+1,8.658663E-1,8.904676E-2,
3.367762E+3,-2.731500E+2,-2.731500E+2,-2.731500E+2,0.000000E+0,0.000000E+0,0.000000E+0,3.700030E+3,3.700030E+3,8.689445E+2,6.202647E+1,8.692232E-1,8.542286E-2,
3.375225E+3,-2.731500E+2,-2.731500E+2,-2.731500E+2,0.000000E+0,0.000000E+0,0.000000E+0,3.799981E+3,3.799981E+3,8.718066E+2,5.937867E+1,8.720916E-1,8.177633E-2,
3.382698E+3,-2.731500E+2,-2.731500E+2,-2.731500E+2,0.000000E+0,0.000000E+0,0.000000E+0,3.900200E+3,3.900200E+3,8.743344E+2,5.695976E+1,8.746258E-1,7.844503E-2,
3.390169E+3,-2.731500E+2,-2.731500E+2,-2.731500E+2,0.000000E+0,0.000000E+0,0.000000E+0,4.000151E+3,4.000151E+3,8.766224E+2,5.467157E+1,8.769201E-1,7.529375E-2,
3.397628E+3,-2.731500E+2,-2.731500E+2,-2.731500E+2,0.000000E+0,0.000000E+0,0.000000E+0,4.100102E+3,4.100102E+3,8.786704E+2,5.254679E+1,8.789744E-1,7.236751E-2,
3.405085E+3,-2.731500E+2,-2.731500E+2,-2.731500E+2,0.000000E+0,0.000000E+0,0.000000E+0,4.200089E+3,4.200089E+3,8.803842E+2,5.050375E+1,8.806945E-1,6.955386E-2,
3.412544E+3,-2.731500E+2,-2.731500E+2,-2.731500E+2,0.000000E+0,0.000000E+0,0.000000E+0,4.300201E+3,4.300201E+3,8.820209E+2,4.862422E+1,8.823374E-1,6.696537E-2,
3.420008E+3,-2.731500E+2,-2.731500E+2,-2.731500E+2,0.000000E+0,0.000000E+0,0.000000E+0,4.400170E+3,4.400170E+3,8.834091E+2,4.682634E+1,8.837319E-1,6.448935E-2,
3.427462E+3,-2.731500E+2,-2.731500E+2,-2.731500E+2,0.000000E+0,0.000000E+0,0.000000E+0,4.499978E+3,4.499978E+3,8.847116E+2,4.519197E+1,8.850406E-1,6.223849E-2,
3.434915E+3,-2.731500E+2,-2.731500E+2,-2.731500E+2,0.000000E+0,0.000000E+0,0.000000E+0,4.600215E+3,4.600215E+3,8.858598E+2,4.363926E+1,8.861952E-1,6.010010E-2,
3.442371E+3,-2.731500E+2,-2.731500E+2,-2.731500E+2,0.000000E+0,0.000000E+0,0.000000E+0,4.700219E+3,4.700219E+3,8.869224E+2,4.216830E+1,8.872640E-1,5.807429E-2,
3.449823E+3,-2.731500E+2,-2.731500E+2,-2.731500E+2,0.000000E+0,0.000000E+0,0.000000E+0,4.800063E+3,4.800063E+3,8.878530E+2,4.077882E+1,8.882008E-1,5.616071E-2,
3.457275E+3,-2.731500E+2,-2.731500E+2,-2.731500E+2,0.000000E+0,0.000000E+0,0.000000E+0,4.900050E+3,4.900050E+3,8.887219E+2,3.947136E+1,8.890759E-1,5.436006E-2,
3.464735E+3,-2.731500E+2,-2.731500E+2,-2.731500E+2,0.000000E+0,0.000000E+0,0.000000E+0,5.000126E+3,5.000126E+3,8.896216E+2,3.824547E+1,8.899819E-1,5.267176E-2,
3.472233E+3,-2.731500E+2,-2.731500E+2,-2.731500E+2,0.000000E+0,0.000000E+0,0.000000E+0,5.100184E+3,5.100184E+3,8.903500E+2,3.701967E+1,8.907165E-1,5.098359E-2,
3.479646E+3,-2.731500E+2,-2.731500E+2,-2.731500E+2,0.000000E+0,0.000000E+0,0.000000E+0,5.200099E+3,5.200099E+3,8.910098E+2,3.595736E+1,8.913826E-1,4.952057E-2,
3.487107E+3,-2.731500E+2,-2.731500E+2,-2.731500E+2,0.000000E+0,0.000000E+0,0.000000E+0,5.300122E+3,5.300122E+3,8.916611E+2,3.489497E+1,8.920401E-1,4.805744E-2,
3.494571E+3,-2.731500E+2,-2.731500E+2,-2.731500E+2,0.000000E+0,0.000000E+0,0.000000E+0,5.400198E+3,5.400198E+3,8.922506E+2,3.391433E+1,8.926359E-1,4.670689E-2,
3.502032E+3,-2.731500E+2,-2.731500E+2,-2.731500E+2,0.000000E+0,0.000000E+0,0.000000E+0,5.500077E+3,5.500077E+3,8.928093E+2,3.301535E+1,8.932008E-1,4.546881E-2,
3.509495E+3,-2.731500E+2,-2.731500E+2,-2.731500E+2,0.000000E+0,0.000000E+0,0.000000E+0,5.600082E+3,5.600082E+3,8.932978E+2,3.211646E+1,8.936954E-1,4.423084E-2,
3.516958E+3,-2.731500E+2,-2.731500E+2,-2.731500E+2,0.000000E+0,0.000000E+0,0.000000E+0,5.700086E+3,5.700086E+3,8.937862E+2,3.129923E+1,8.941901E-1,4.310534E-2,
3.524421E+3,-2.731500E+2,-2.731500E+2,-2.731500E+2,0.000000E+0,0.000000E+0,0.000000E+0,5.799984E+3,5.799984E+3,8.941975E+2,3.048200E+1,8.946076E-1,4.197984E-2,
3.531883E+3,-2.731500E+2,-2.731500E+2,-2.731500E+2,0.000000E+0,0.000000E+0,0.000000E+0,5.900006E+3,5.900006E+3,8.946003E+2,2.974651E+1,8.950166E-1,4.096692E-2,
3.539347E+3,-2.731500E+2,-2.731500E+2,-2.731500E+2,0.000000E+0,0.000000E+0,0.000000E+0,6.000279E+3,6.000279E+3,8.950116E+2,2.901103E+1,8.954341E-1,3.995401E-2,
3.546808E+3,-2.731500E+2,-2.731500E+2,-2.731500E+2,0.000000E+0,0.000000E+0,0.000000E+0,6.100123E+3,6.100123E+3,8.953372E+2,2.835730E+1,8.957659E-1,3.905367E-2,
3.554273E+3,-2.731500E+2,-2.731500E+2,-2.731500E+2,0.000000E+0,0.000000E+0,0.000000E+0,6.200038E+3,6.200038E+3,8.956628E+2,2.770348E+1,8.960978E-1,3.815322E-2,
3.561736E+3,-2.731500E+2,-2.731500E+2,-2.731500E+2,0.000000E+0,0.000000E+0,0.000000E+0,6.300114E+3,6.300114E+3,8.959113E+2,2.713150E+1,8.963525E-1,3.736547E-2,
3.569197E+3,-2.731500E+2,-2.731500E+2,-2.731500E+2,0.000000E+0,0.000000E+0,0.000000E+0,6.400118E+3,6.400118E+3,8.962712E+2,2.647768E+1,8.967186E-1,3.646501E-2,
3.576660E+3,-2.731500E+2,-2.731500E+2,-2.731500E+2,0.000000E+0,0.000000E+0,0.000000E+0,6.500123E+3,6.500123E+3,8.964854E+2,2.590569E+1,8.969390E-1,3.567726E-2,
3.584122E+3,-2.731500E+2,-2.731500E+2,-2.731500E+2,0.000000E+0,0.000000E+0,0.000000E+0,6.600306E+3,6.600306E+3,8.967254E+2,2.538267E+1,8.971852E-1,3.495694E-2,
3.591585E+3,-2.731500E+2,-2.731500E+2,-2.731500E+2,0.000000E+0,0.000000E+0,0.000000E+0,6.700114E+3,6.700114E+3,8.969739E+2,2.484330E+1,8.974399E-1,3.421410E-2,
3.599047E+3,-2.731500E+2,-2.731500E+2,-2.731500E+2,0.000000E+0,0.000000E+0,0.000000E+0,6.800137E+3,6.800137E+3,8.972138E+2,2.435298E+1,8.976860E-1,3.353882E-2,
3.606522E+3,-2.731500E+2,-2.731500E+2,-2.731500E+2,0.000000E+0,0.000000E+0,0.000000E+0,6.899909E+3,6.899909E+3,8.974623E+2,2.386266E+1,8.979407E-1,3.286353E-2,
3.613985E+3,-2.731500E+2,-2.731500E+2,-2.731500E+2,0.000000E+0,0.000000E+0,0.000000E+0,7.000092E+3,7.000092E+3,8.976251E+2,2.338867E+1,8.981098E-1,3.221073E-2,
3.621449E+3,-2.731500E+2,-2.731500E+2,-2.731500E+2,0.000000E+0,0.000000E+0,0.000000E+0,7.100007E+3,7.100007E+3,8.977879E+2,2.296368E+1,8.982788E-1,3.162542E-2,
3.628914E+3,-2.731500E+2,-2.731500E+2,-2.731500E+2,0.000000E+0,0.000000E+0,0.000000E+0,7.199905E+3,7.199905E+3,8.980364E+2,2.255511E+1,8.985335E-1,3.106271E-2,
3.636378E+3,-2.731500E+2,-2.731500E+2,-2.731500E+2,0.000000E+0,0.000000E+0,0.000000E+0,7.300249E+3,7.300249E+3,8.981993E+2,2.214654E+1,8.987025E-1,3.050001E-2,
3.643840E+3,-2.731500E+2,-2.731500E+2,-2.731500E+2,0.000000E+0,0.000000E+0,0.000000E+0,7.400164E+3,7.400164E+3,8.983621E+2,2.181963E+1,8.988715E-1,3.004977E-2,
3.651303E+3,-2.731500E+2,-2.731500E+2,-2.731500E+2,0.000000E+0,0.000000E+0,0.000000E+0,7.500044E+3,7.500044E+3,8.986106E+2,2.141106E+1,8.991262E-1,2.948707E-2,
3.658766E+3,-2.731500E+2,-2.731500E+2,-2.731500E+2,0.000000E+0,0.000000E+0,0.000000E+0,7.600048E+3,7.600048E+3,8.986877E+2,2.100240E+1,8.992095E-1,2.892424E-2,
3.666231E+3,-2.731500E+2,-2.731500E+2,-2.731500E+2,0.000000E+0,0.000000E+0,0.000000E+0,7.700178E+3,7.700178E+3,8.987888E+2,2.067549E+1,8.993169E-1,2.847400E-2,
3.673698E+3,-2.731500E+2,-2.731500E+2,-2.731500E+2,0.000000E+0,0.000000E+0,0.000000E+0,7.800183E+3,7.800183E+3,8.989362E+2,2.034858E+1,8.994705E-1,2.802376E-2,
3.681161E+3,-2.731500E+2,-2.731500E+2,-2.731500E+2,0.000000E+0,0.000000E+0,0.000000E+0,7.900062E+3,7.900062E+3,8.990990E+2,2.002167E+1,8.996395E-1,2.757352E-2,
3.688621E+3,-2.731500E+2,-2.731500E+2,-2.731500E+2,0.000000E+0,0.000000E+0,0.000000E+0,8.000299E+3,8.000299E+3,8.991761E+2,1.969476E+1,8.997228E-1,2.712329E-2,